0 2 296.744956 161.752147 455.226042 292.372804 1.0
0 5 737.619499 161.531951 931.112229 374.000000 1.0
0 4 1106.137292 166.576807 1204.470628 323.876144 1.0
1 2 294.898777 156.024256 452.199718 284.621269 1.0
1 5 745.017137 156.393157 938.839722 374.000000 1.0
1 4 1138.342096 160.872449 1223.338201 324.146788 1.0
2 2 293.093560 150.470149 449.259225 277.104290 1.0
2 2 752.406083 151.248515 946.562490 374.000000 1.0
2 4 1151.358043 154.633575 1223.691377 324.375836 1.0
3 2 291.328036 145.082168 446.400830 269.811515 1.0
3 5 759.786603 146.098339 954.280160 374.000000 1.0
3 4 1154.836779 148.360923 1241.000000 321.627088 1.0
4 2 290.287584 146.641981 444.387179 269.473545 1.0
4 5 767.158958 140.942948 961.992360 374.000000 1.0
4 4 1180.675035 151.025283 1241.000000 325.015204 1.0
5 2 289.271282 148.155300 442.428857 269.145082 1.0
5 5 766.121990 144.055024 964.267937 374.000000 1.0
5 4 1208.535305 153.731062 1241.000000 328.287669 1.0
5 2 371.255591 156.483657 456.129203 198.946733 1.0
6 2 288.044118 147.111524 439.326636 266.443764 1.0
6 5 765.129111 147.124585 966.438106 374.000000 1.0
6 2 379.391627 159.146710 464.519993 201.762743 1.0
7 2 286.853550 148.660413 436.321849 266.388627 1.0
7 5 764.180855 150.151704 968.503516 374.000000 1.0
7 2 387.603899 161.836161 472.985524 204.626593 1.0
8 2 285.694115 151.756923 433.403548 267.928972 1.0
8 5 763.277750 153.136487 970.464903 374.000000 1.0
8 2 395.893214 164.552304 481.527027 207.554864 1.0
9 2 284.544464 151.841430 430.535077 266.488128 1.0
9 5 762.420320 156.079075 972.323089 374.000000 1.0
9 2 404.260385 167.295434 490.145757 210.511716 1.0
10 2 283.445343 158.068578 427.781532 271.249591 1.0
10 2 412.706242 170.065852 498.842999 213.497464 1.0
11 2 282.442928 158.381115 425.708612 270.299960 1.0
11 5 759.161786 156.647830 963.715337 374.000000 1.0
11 2 419.411629 169.346399 506.092277 213.068606 1.0
11 2 50.0 105.0 138.0 150.0 1.0
12 2 281.457376 158.686800 423.678738 269.371155 1.0
12 5 757.577998 156.921635 959.570993 374.000000 1.0
12 2 426.204758 168.617373 513.430082 212.633597 1.0
12 2 43.0 103.0 133.0 141.0 1.0
13 2 280.488280 158.985857 421.690566 268.462499 1.0
13 5 756.023423 157.188738 955.527790 374.000000 1.0
13 2 433.087113 167.878604 520.858255 212.192324 1.0
14 2 279.535241 159.278498 419.742805 267.573344 1.0
14 5 754.497271 157.449381 951.582054 374.000000 1.0
14 2 440.060207 167.129915 528.378686 211.744675 1.0
15 4 748.576297 161.920691 944.954488 374.000000 1.0
15 2 447.125592 166.371128 535.993321 211.290533 1.0
16 1 278.583750 152.925649 415.326418 259.075915 1.0
16 5 742.822419 166.233928 938.481856 374.000000 1.0
16 2 454.519594 166.663812 543.916138 211.893334 1.0
17 2 278.625653 158.179714 412.939242 263.395357 1.0
17 4 737.230710 170.396261 932.156582 374.000000 1.0
17 2 462.012356 166.960706 551.940416 212.504132 1.0
18 1 279.839832 165.295773 411.847947 269.490230 1.0
18 5 731.796500 174.414472 925.971554 374.000000 1.0
18 2 469.552166 171.462318 560.040159 217.337708 1.0
19 2 281.035508 172.027539 410.771982 275.466081 1.0
19 4 726.515358 178.294983 919.920080 374.000000 1.0
19 2 477.197286 176.029431 568.249016 222.241120 1.0
20 5 718.531351 177.437178 910.500369 374.000000 1.0
20 2 484.949656 180.131668 576.569443 227.215728 1.0
21 2 287.104745 176.360481 410.350160 278.151904 1.0
21 5 710.755958 176.610636 901.330218 374.000000 1.0
21 2 494.055010 178.372652 586.046884 225.505316 1.0
22 1 291.910208 172.671777 410.939474 273.267005 1.0
22 5 703.182825 175.813928 892.397858 374.000000 1.0
22 2 503.266894 176.591784 595.636353 223.773146 1.0
23 2 296.639845 169.034948 411.493239 268.469247 1.0
23 5 695.805929 175.045702 883.651609 374.000000 1.0
23 2 512.586885 174.601512 605.340112 222.018875 1.0
24 2 301.316873 169.619277 412.045017 268.181094 1.0
24 5 688.619556 174.304678 875.103594 374.000000 1.0
24 2 522.016591 172.530495 615.160481 220.242158 1.0
25 5 679.098134 172.161527 861.069880 373.778511 1.0
25 2 529.274100 170.342959 623.430721 218.578921 1.0
26 2 313.520829 159.696804 414.780052 256.072780 1.0
26 5 669.797166 170.075950 847.414005 368.669808 1.0
26 2 533.270260 168.114589 629.363065 217.219198 1.0
27 2 321.009905 154.092263 416.951807 249.445133 1.0
27 5 660.709081 168.045656 834.120912 363.705936 1.0
27 2 544.261567 165.820584 640.486473 215.138569 1.0
28 2 328.408812 156.477727 419.104321 250.838244 1.0
28 5 651.826656 166.068480 821.176334 358.880827 1.0
28 2 552.001124 163.482569 649.283451 213.358997 1.0
29 2 334.340354 157.421483 422.421905 250.703104 1.0
29 5 643.142988 164.118351 808.566742 354.188741 1.0
29 2 559.911287 161.091104 658.267901 211.538104 1.0
30 5 634.540834 163.653629 795.312759 351.594691 1.0
30 2 567.997366 158.644422 667.446226 209.674521 1.0
31 2 344.926937 158.820902 431.114997 250.137348 1.0
31 5 626.121953 163.199565 782.288676 349.054201 1.0
31 2 576.863952 158.287070 677.451142 209.924748 1.0
32 2 351.793308 158.390273 436.929618 248.792471 1.0
32 5 617.880476 162.755840 769.488824 346.565680 1.0
32 2 585.934568 157.921424 687.682059 210.180509 1.0
33 2 360.278994 159.071024 448.808853 248.561671 1.0
33 5 609.810771 162.321833 756.907738 344.127601 1.0
33 2 595.215831 157.547197 698.147160 210.441994 1.0
34 2 368.036714 157.652925 459.610368 246.353029 1.0
34 5 601.907429 161.888070 744.540137 341.738492 1.0
34 2 604.714649 157.164087 708.855024 210.709401 1.0
35 5 595.878778 162.098541 734.945223 341.092772 1.0
35 2 614.438237 156.771776 719.814657 210.982941 1.0
36 5 589.923753 162.308147 725.396087 340.448777 1.0
36 2 626.055175 157.018177 733.289032 212.178352 1.0
37 2 395.509409 155.197587 500.367897 241.753236 1.0
37 5 584.040764 162.516888 715.893011 339.806539 1.0
37 2 638.065474 157.273897 747.214863 213.415389 1.0
38 2 408.223938 156.585778 515.121518 242.687427 1.0
38 5 578.228252 162.724762 706.436287 339.166090 1.0
38 2 650.488237 157.539413 761.616291 214.696215 1.0
39 2 420.865527 157.971829 529.764197 243.598106 1.0
39 5 572.484687 162.931768 697.026205 338.527462 1.0
39 2 663.343823 157.815235 776.519199 216.023145 1.0
40 2 433.433068 159.355012 544.299114 244.485392 1.0
40 2 676.653960 158.101912 791.951389 217.398661 1.0
41 2 449.158946 160.904321 561.535012 245.879202 1.0
41 2 690.441862 158.400031 807.942750 218.825429 1.0
42 2 464.855601 162.457394 578.744723 247.423860 1.0
42 5 568.974583 166.718999 691.119344 343.831961 1.0
42 2 704.732333 158.710223 824.525441 220.306311 1.0
43 2 480.519596 164.013369 595.931504 248.956022 1.0
43 5 567.800847 167.997420 689.119716 345.616284 1.0
43 2 719.551963 159.033168 841.734163 221.844394 1.0
44 2 499.770269 163.278934 615.417909 248.177461 1.0
44 5 566.625199 169.283949 687.104579 347.408740 1.0
44 2 734.929218 159.369597 859.606337 223.442998 1.0
45 2 518.945823 162.547794 634.899744 247.390869 1.0
45 5 572.311032 168.367076 692.010736 347.057547 1.0
45 2 750.894690 159.720300 878.182463 225.105712 1.0
46 2 539.584766 161.199680 656.135276 246.287166 1.0
46 5 578.029185 167.441722 696.945830 346.697852 1.0
46 2 767.856968 158.129401 898.499676 225.095213 1.0
47 2 560.277128 159.846832 677.501941 245.167690 1.0
47 5 583.779938 166.507840 701.910170 346.329628 1.0
47 2 785.602722 156.460483 919.787505 225.082209 1.0
48 2 581.018464 158.489775 699.004975 244.032741 1.0
48 5 589.563576 165.565387 706.904066 345.952850 1.0
48 2 804.185045 154.707800 942.119473 225.066526 1.0
49 2 601.804476 157.129043 720.649610 242.882650 1.0
49 5 595.380399 164.614323 711.927826 345.567497 1.0
49 2 823.661948 152.865028 965.576695 225.047973 1.0
50 2 622.631040 155.765177 742.441079 241.717773 1.0
50 5 605.792671 164.104341 721.150806 345.297272 1.0
50 4 844.096954 150.925188 990.248905 225.026340 1.0
51 2 644.316221 155.158237 765.584119 241.515087 1.0
51 5 616.232216 163.591893 730.403241 345.012773 1.0
51 2 861.830386 150.332825 1012.607149 226.598295 1.0
52 2 666.137741 154.549802 788.993404 241.300166 1.0
52 5 626.699801 163.077061 739.684637 344.714102 1.0
52 2 880.545667 149.705641 1036.247592 228.263200 1.0
53 2 688.092054 153.940099 812.678083 241.072936 1.0
53 5 637.196218 162.559935 748.994465 344.401374 1.0
53 2 900.324413 149.040446 1061.285889 230.029552 1.0
54 2 710.175788 153.329359 836.647436 240.833348 1.0
54 5 647.722298 162.040604 758.332160 344.074721 1.0
54 2 921.257543 148.333652 1087.852021 231.906914 1.0
55 2 732.385772 152.717807 860.910880 240.581375 1.0
55 5 667.752690 161.417550 770.784104 342.499171 1.0
55 2 943.446661 147.581201 1116.092596 233.906097 1.0
56 2 754.522069 152.319774 886.301229 240.700618 1.0
56 5 687.794349 160.807413 782.944020 341.262086 1.0
56 2 960.969274 146.392041 1139.019393 235.343508 1.0
57 2 776.868831 151.923077 912.114507 240.807051 1.0
57 5 706.210236 160.211597 794.818560 340.883746 1.0
57 2 979.487620 145.128764 1163.289831 236.870186 1.0
58 2 799.424313 151.527870 938.366580 240.900463 1.0
58 5 717.747406 159.631412 806.416450 340.387210 1.0
58 2 999.087862 143.784230 1189.026727 238.494739 1.0
59 2 822.187118 151.134297 965.073653 240.980677 1.0
59 5 738.010347 157.673069 827.130587 338.572904 1.0
59 2 1019.866388 142.350355 1216.368323 240.226920 1.0
60 2 1041.931403 140.817941 1241.000000 242.077820 1.0
61 2 1055.035983 139.774187 1241.000000 244.016201 1.0
62 2 887.344384 150.377075 1041.719837 241.336234 1.0
62 5 785.516835 156.250892 877.739888 339.695706 1.0
62 2 1068.851592 138.667190 1241.000000 246.072206 1.0
63 2 908.634643 150.198327 1067.003577 241.467511 1.0
63 5 801.516166 155.776802 896.913671 340.021148 1.0
63 2 1083.437634 137.491023 1241.000000 248.256876 1.0
64 2 930.055522 150.022205 1092.667632 241.590039 1.0
64 5 817.594385 155.303054 916.281812 340.321134 1.0
64 2 1098.860318 136.238994 1241.000000 250.582680 1.0
65 2 951.607253 149.848692 1118.722382 241.703815 1.0
65 5 836.011330 156.247287 935.079331 339.970611 1.0
65 2 1115.193669 134.903519 1241.000000 253.063752 1.0
66 2 971.198382 150.674196 1141.089812 242.648143 1.0
66 5 854.127339 157.180218 953.721940 339.612412 1.0
66 2 1121.709042 134.453568 1241.000000 255.732204 1.0
67 2 990.826921 151.503288 1163.669504 243.590651 1.0
67 5 871.949093 158.101848 972.212417 339.246778 1.0
67 2 1128.547891 134.335812 1241.000000 257.851339 1.0
68 2 1007.269808 152.416952 1181.111262 244.488408 1.0
68 5 889.483192 159.012186 990.553388 338.873953 1.0
68 2 1135.734386 134.407321 1241.000000 259.940474 1.0
69 2 1023.697699 153.330554 1198.613317 245.384924 1.0
69 5 906.736163 159.911243 1008.747339 338.494184 1.0
69 2 1143.295169 134.476086 1241.000000 262.110527 1.0
70 2 1040.110590 154.244054 1216.176041 246.280169 1.0
70 5 919.028751 159.395918 1019.315478 337.011990 1.0
70 2 1151.259677 134.542034 1241.000000 264.366411 1.0
71 2 1051.795876 153.460498 1227.934019 245.038559 1.0
71 5 931.193328 158.886130 1029.793706 335.545677 1.0
71 2 1152.144046 134.447239 1241.000000 266.682658 1.0
72 2 1063.372088 152.684803 1239.620828 243.808811 1.0
72 5 943.231880 158.381789 1040.183170 334.094992 1.0
72 2 1153.099442 134.346844 1241.000000 269.091458 1.0
73 2 1074.840801 151.916866 1241.000000 242.590773 1.0
73 5 955.146347 157.882810 1050.484993 332.659688 1.0
73 2 1154.129835 134.240546 1241.000000 271.598473 1.0
74 2 1082.841889 153.592557 1241.000000 243.443555 1.0
74 5 966.938637 157.389109 1061.261737 331.239522 1.0
74 2 1155.239526 134.128011 1241.000000 274.209838 1.0
75 2 1090.710612 155.238174 1241.000000 244.280562 1.0
75 5 967.918669 159.153733 1060.752021 330.130839 1.0
75 2 1156.433190 134.008875 1241.000000 276.932222 1.0
76 2 1093.359395 157.151782 1241.000000 244.835918 1.0
76 5 968.868913 160.861034 1060.258826 329.058230 1.0
76 2 1150.635451 135.282103 1241.000000 281.503161 1.0
77 2 1095.973133 159.008522 1241.000000 245.371493 1.0
77 5 969.790711 162.513759 1059.781359 328.019961 1.0
77 2 1144.676123 136.624580 1241.000000 286.262302 1.0
78 2 1098.552544 160.810712 1241.000000 245.888066 1.0
78 5 970.685324 164.114483 1059.318875 327.014408 1.0
78 2 1138.544188 138.040135 1241.000000 291.219926 1.0
79 2 1101.098289 162.560538 1241.000000 246.386374 1.0
79 5 971.553940 165.665622 1058.870676 326.040048 1.0
79 2 1132.227811 139.532890 1241.000000 296.387016 1.0
80 2 1103.610976 164.260074 1241.000000 246.867115 1.0
80 5 965.752570 166.935618 1051.080570 324.152283 1.0
80 2 1125.714259 141.107291 1241.000000 301.775309 1.0
81 2 1098.528654 165.793200 1239.076810 246.670850 1.0
81 5 960.182351 169.706358 1043.614973 323.892933 1.0
81 2 1117.640683 139.172441 1241.000000 304.165893 1.0
82 2 1093.662917 167.263913 1228.131508 246.478762 1.0
82 5 954.804789 172.130187 1036.425484 323.399036 1.0
82 2 1109.277489 137.144228 1241.000000 306.639732 1.0
83 2 1087.115233 166.434911 1215.623737 243.892289 1.0
83 5 949.549896 170.152687 1029.428920 318.592500 1.0
83 2 1100.602849 135.017059 1241.000000 309.201243 1.0
84 2 1080.848808 165.642395 1203.649708 241.414519 1.0
84 5 944.487598 169.118887 1022.700709 314.836139 1.0
84 2 1091.593085 132.784954 1241.000000 311.855039 1.0
85 2 1074.847390 164.884183 1192.174603 239.038876 1.0
85 5 936.836465 169.364757 1013.298183 312.350679 1.0
85 2 1082.222472 130.441522 1241.000000 314.605933 1.0
86 2 1063.335072 165.343128 1173.717261 237.575579 1.0
86 5 929.446249 169.601828 1004.233850 309.953771 1.0
86 2 1076.944004 128.963697 1241.000000 318.745752 1.0
87 2 1052.388630 165.780115 1156.186716 236.179681 1.0
87 5 922.304305 169.830563 995.489718 307.640768 1.0
87 2 1071.419964 127.402135 1241.000000 323.117032 1.0
88 2 1041.970401 166.196679 1139.511878 234.846567 1.0
88 5 915.398782 170.051394 987.049041 305.407342 1.0
88 2 1065.624454 125.749818 1241.000000 327.739159 1.0
89 2 1032.045855 166.594219 1123.628849 233.572046 1.0
89 5 908.718562 170.264724 978.896204 303.249461 1.0
89 2 1059.528430 123.998956 1241.000000 332.633660 1.0
90 2 1022.583261 166.974008 1108.480024 232.352300 1.0
90 5 901.204419 170.545314 970.038712 301.505436 1.0
90 2 1053.099224 122.140874 1241.000000 337.824503 1.0
91 2 1007.987936 167.535280 1088.342543 231.316644 1.0
91 5 893.903769 170.817516 961.446389 299.813542 1.0
91 2 1054.826237 120.056671 1241.000000 343.930170 1.0
92 2 994.052754 168.071125 1069.142535 230.323601 1.0
92 5 886.807681 171.081702 953.107512 298.171477 1.0
92 2 1048.972093 117.795385 1241.000000 350.559786 1.0
93 2 980.736953 168.583172 1050.812875 229.370534 1.0
93 5 879.907716 171.338220 945.011043 296.577070 1.0
93 2 1037.410551 115.333497 1241.000000 357.783236 1.0
94 2 968.002930 169.072916 1033.292781 228.455029 1.0
94 5 873.195891 171.587397 937.146571 295.028276 1.0
94 2 1025.415378 112.643040 1241.000000 365.683708 1.0
95 2 955.815916 169.541730 1016.527081 227.574872 1.0
95 5 866.117020 172.024361 929.635854 293.727860 1.0
95 2 1012.954107 109.690493 1241.000000 374.000000 1.0
96 2 941.163412 171.823091 998.784517 228.499606 1.0
96 5 859.233946 172.449230 923.268247 292.463296 1.0
96 2 1005.866406 108.088874 1241.000000 374.000000 1.0
97 2 927.136595 174.000569 983.060120 229.378477 1.0
97 5 852.538727 172.862498 917.047435 291.233121 1.0
97 1 998.389194 106.248081 1241.000000 374.000000 1.0
98 2 910.417947 173.760176 964.805288 228.055233 1.0
98 5 846.023846 173.264629 910.968348 290.035948 1.0
98 2 990.483588 104.116461 1241.000000 374.000000 1.0
99 2 894.291008 173.529444 947.229640 226.779508 1.0
99 5 839.682182 173.656068 905.026143 288.870464 1.0
99 2 982.104896 101.626214 1241.000000 374.000000 1.0
100 2 878.726892 173.307887 930.296897 225.548883 1.0
100 5 835.015903 173.374268 900.845722 287.642462 1.0
100 2 973.201503 98.686569 1241.000000 374.000000 1.0
101 2 862.773124 172.823722 913.010153 224.065749 1.0
101 5 830.426817 173.097063 896.721659 286.434239 1.0
101 2 971.254380 92.408283 1241.000000 374.000000 1.0
102 2 844.871776 172.359099 896.318335 222.631344 1.0
102 5 825.913066 172.824345 892.652788 285.245324 1.0
102 2 969.205398 84.612989 1241.000000 374.000000 1.0
103 2 827.516039 171.913206 880.191375 221.243729 1.0
103 5 821.472853 172.556006 888.637978 284.075260 1.0
103 2 967.041981 81.686012 1241.000000 374.000000 1.0
104 2 811.210616 171.473691 861.176795 220.025036 1.0
104 5 817.104437 172.291945 884.676125 282.923603 1.0
104 2 964.748764 82.119239 1241.000000 374.000000 1.0
105 2 795.339646 171.047867 842.752123 218.844098 1.0
105 5 814.032504 172.981635 881.397426 283.022670 1.0
105 2 962.306787 81.709951 1241.000000 374.000000 1.0
106 2 778.556026 171.242246 826.755092 218.400798 1.0
106 5 810.991618 173.663999 878.149978 283.120653 1.0
106 2 969.380486 83.302724 1241.000000 374.000000 1.0
107 2 762.154621 171.432636 811.142621 218.054222 1.0
107 5 807.981314 174.339155 874.933333 283.217571 1.0
107 2 977.571195 84.026360 1241.000000 374.000000 1.0
108 2 746.121391 171.619153 795.901852 217.711323 1.0
108 5 805.001136 175.007214 871.747054 283.313439 1.0
108 2 987.146334 83.983496 1241.000000 374.000000 1.0
109 2 730.443080 171.801914 781.020359 217.372028 1.0
109 5 802.050638 175.668287 868.590709 283.408275 1.0
109 2 998.464750 83.224064 1241.000000 374.000000 1.0
109 1 873.920950 187.130316 982.119251 244.218665 1.0
110 1 714.655354 171.862232 763.789517 217.025718 1.0
110 5 797.967611 175.189864 860.989777 282.508129 1.0
110 2 1012.019480 83.937340 1241.000000 374.000000 1.0
110 1 863.383830 186.542931 971.945745 244.780494 1.0
111 2 699.117094 171.921543 746.880836 216.684974 1.0
111 4 793.948267 174.715900 853.431399 281.602034 1.0
111 2 1040.243001 81.206492 1241.000000 374.000000 1.0
111 1 852.403904 185.936597 961.413222 245.363981 1.0
112 1 683.822120 171.979873 730.285736 216.349663 1.0
112 5 789.990302 174.246560 845.916088 280.690463 1.0
112 2 1075.513780 78.352973 1241.000000 374.000000 1.0
112 1 840.951001 185.310324 950.503592 245.970495 1.0
113 2 668.764462 172.037249 713.995934 216.019656 1.0
113 5 786.091377 173.782001 839.125144 279.773904 1.0
113 2 1120.802820 75.352748 1241.000000 374.000000 1.0
113 1 0.000000 175.332718 251.622402 278.824334 1.0
113 1 832.291545 184.754725 942.176599 246.709357 1.0
114 2 653.938348 172.093696 698.003425 215.694826 1.0
114 5 782.249116 173.322370 835.061496 278.852859 1.0
114 2 1181.020944 72.167203 1241.000000 374.000000 1.0
114 1 0.000000 175.050872 237.296742 285.963695 1.0
114 1 823.247492 184.180181 933.536189 247.479467 1.0
114 2 475.0 94.0 497.0 124.0 1.0
115 2 639.338195 172.149238 682.300476 215.375052 1.0
115 5 773.617869 174.073146 825.967979 278.940820 1.0
115 1 0.000000 174.727899 221.107551 294.052748 1.0
115 1 815.555169 184.805206 926.916975 249.995292 1.0
115 2 456.0 92.0 480.0 122.0 1.0
116 2 624.958603 172.203899 666.879612 215.060216 1.0
116 5 763.472815 174.815187 816.956272 279.019003 1.0
116 1 0.000000 174.353919 202.677739 303.296109 1.0
116 1 807.440914 185.458126 919.988691 252.654286 1.0
117 2 610.794349 172.257701 651.733605 214.750206 1.0
117 5 752.962953 175.548481 808.025227 279.087660 1.0
117 1 0.000000 173.915607 181.521077 313.961308 1.0
117 1 798.867300 186.140870 912.730433 255.468933 1.0
117 1 733.415259 186.048922 819.975391 238.560649 1.0
118 2 595.280194 172.299709 636.510473 214.576056 1.0
118 5 742.568964 176.273019 799.173696 279.147051 1.0
118 1 0.000000 173.394553 156.999607 326.405006 1.0
118 1 789.792409 186.855545 905.119315 258.453215 1.0
118 1 723.038042 186.266361 812.047639 240.175092 1.0
119 2 579.907008 172.341744 621.459606 214.401761 1.0
119 5 732.288751 176.988801 790.400525 279.197444 1.0
119 1 0.000000 173.773990 127.762250 341.240976 1.0
119 1 780.169129 187.604468 897.130224 261.622839 1.0
119 1 712.204008 186.493281 803.702466 241.874123 1.0
120 2 564.671993 172.383805 606.578985 214.227345 1.0
120 5 715.266090 176.587805 774.396297 278.308601 1.0
120 1 0.000000 174.670596 93.359460 348.593983 1.0
120 1 772.847692 187.513285 891.278305 263.989382 1.0
120 1 700.880860 186.730317 794.907976 243.664551 1.0
120 1 657.556842 181.936063 721.097946 226.374997 1.0
121 2 549.572451 172.425890 591.866568 214.052830 1.0
121 5 698.397872 176.192521 758.539879 277.532137 1.0
121 1 765.044311 187.417851 885.106829 266.516273 1.0
121 1 689.033166 186.978162 785.628981 245.553940 1.0
121 1 414.115617 180.307435 484.830610 232.605500 1.0
121 1 645.314038 181.518993 710.209639 226.856302 1.0
122 2 534.605795 172.467997 577.320299 213.878242 1.0
122 5 681.680222 175.802998 742.830938 276.750591 1.0
122 1 756.707389 187.317819 878.590476 269.220433 1.0
122 1 676.621958 187.237574 775.826559 247.550711 1.0
122 1 395.038028 180.648635 468.805998 234.666004 1.0
122 1 632.590707 181.022925 698.850239 227.358056 1.0
123 2 519.769520 172.510124 562.938088 213.703606 1.0
123 5 665.109458 175.419277 727.269022 275.964118 1.0
123 1 747.777792 187.212809 871.701107 272.121252 1.0
123 1 665.793794 186.760508 768.183292 248.844589 1.0
123 1 374.681924 181.011813 451.905936 236.864349 1.0
123 1 619.356894 180.489049 686.989828 227.881630 1.0
124 2 504.592739 172.556715 547.102858 213.640656 1.0
124 5 648.682082 175.041388 711.853539 275.172897 1.0
124 1 738.187413 187.102394 864.407353 275.241055 1.0
124 1 654.391035 186.259380 760.053796 250.220360 1.0
124 1 352.341220 181.422852 433.814397 239.436744 1.0
124 1 605.580097 179.931867 674.595919 228.428520 1.0
124 1 577.652915 180.493082 637.740814 218.998489 1.0
125 5 630.199835 174.765748 693.161176 274.883109 1.0
125 1 730.896947 186.330124 860.340586 278.114595 1.0
125 1 642.364931 185.732252 751.392617 251.686151 1.0
125 1 328.225633 181.821431 414.566357 242.213301 1.0
125 1 591.224979 179.349852 661.633169 229.000360 1.0
125 1 566.200932 180.634046 627.673710 220.070483 1.0
126 5 611.721840 174.491469 674.508669 274.588681 1.0
126 1 722.964630 185.506314 855.990091 281.249983 1.0
126 1 629.661031 185.176971 742.148507 253.251201 1.0
126 1 303.600220 182.214930 394.885056 244.888353 1.0
126 2 340.693518 177.101289 410.676627 234.429463 1.0
126 1 579.925737 179.055387 651.777743 230.048879 1.0
126 1 554.246335 180.781696 617.126485 221.194805 1.0
126 1 534.679031 183.598536 578.607630 214.005758 1.0
127 5 593.246715 174.218581 655.897445 274.289629 1.0
127 1 714.299788 184.625548 851.326303 284.684880 1.0
127 1 616.218325 184.591140 732.263455 254.926061 1.0
127 1 275.615363 184.166450 374.832421 250.272099 1.0
127 2 321.670111 177.949352 393.709911 237.107697 1.0
127 1 568.077237 178.745318 641.391953 231.155412 1.0
127 1 541.754514 180.936505 606.064888 222.375373 1.0
127 1 523.601554 183.334999 567.713697 214.348230 1.0
128 2 444.502995 172.741447 484.715031 213.387870 1.0
128 5 574.773114 173.947115 637.328879 273.985978 1.0
128 1 712.374196 183.679578 852.205447 288.354092 1.0
128 1 612.333747 185.067739 732.851428 258.357130 1.0
128 1 253.596217 186.217196 359.534663 255.639984 1.0
128 2 301.428062 178.849104 375.834289 239.957668 1.0
128 1 555.637878 178.418376 630.432500 232.324921 1.0
128 1 528.687595 181.098998 594.451343 223.616510 1.0
128 1 512.091710 183.061374 556.360558 214.705396 1.0
129 2 438.058010 172.818655 477.168328 213.287541 1.0
129 5 556.299718 173.677100 618.804279 273.677753 1.0
129 1 710.270331 182.664764 853.137770 292.402326 1.0
129 1 608.192270 185.574944 733.484470 262.075381 1.0
129 1 229.647902 188.407397 343.193163 261.479099 1.0
129 2 288.111585 181.992607 358.603504 245.222405 1.0
129 1 549.304077 179.593299 626.433286 235.025799 1.0
129 1 522.550562 182.033039 589.990591 225.454209 1.0
129 1 506.285305 184.490159 551.163639 216.924088 1.0
130 2 431.664850 172.895218 469.685126 213.188078 1.0
130 5 544.299278 174.645473 605.882151 274.704918 1.0
130 1 713.745830 182.490351 862.614614 299.383394 1.0
130 1 603.767361 186.115806 734.168225 266.118440 1.0
130 1 210.068524 190.657178 330.621848 267.598768 1.0
130 2 270.251239 186.425634 352.113171 252.516791 1.0
130 1 542.658408 180.832155 622.210551 237.881077 1.0
130 1 516.184562 182.989854 585.345588 227.369527 1.0
130 1 304.790953 190.206701 355.917841 233.759676 1.0
130 1 500.269224 185.969521 545.763447 219.231361 1.0
131 2 424.918199 172.971143 462.264635 213.089472 1.0
131 5 532.286072 175.614032 592.956699 275.732772 1.0
131 1 717.675906 182.298633 873.032892 307.348292 1.0
131 1 599.028699 186.693793 734.909322 270.530802 1.0
131 1 188.687897 193.064537 317.166382 274.282904 1.0
131 2 257.421625 186.588189 342.693492 254.827517 1.0
131 1 541.470239 181.326418 622.892660 240.117924 1.0
131 1 509.576219 183.884275 580.505064 229.367454 1.0
131 1 294.919115 190.444515 350.956958 235.138587 1.0
131 1 494.031869 187.502199 540.147856 221.632622 1.0
132 2 423.028963 172.928279 460.155685 212.780537 1.0
132 5 523.864732 176.483440 583.990447 276.525534 1.0
132 3 722.155981 182.086901 884.540220 316.520757 1.0
132 1 593.941478 187.312867 735.715601 275.365482 1.0
132 1 171.869415 196.219158 309.369533 281.843350 1.0
132 2 243.745414 186.759372 332.773900 257.290912 1.0
132 1 540.219647 181.851152 623.616453 242.494703 1.0
132 1 511.891433 183.332657 583.517995 230.014445 1.0
132 1 284.568244 190.693194 345.764860 236.584383 1.0
132 1 492.899571 187.953213 540.073577 222.771689 1.0
133 2 418.959034 172.927611 456.070559 212.713464 1.0
133 5 515.454513 177.350710 575.045349 277.316626 1.0
133 1 733.655394 181.694008 901.637717 326.545442 1.0
133 1 596.465573 186.053718 744.913555 278.472844 1.0
133 1 153.590473 199.581738 301.056688 290.061924 1.0
133 2 232.723162 188.752693 327.402055 262.082393 1.0
133 1 538.901551 182.402688 624.385910 245.024968 1.0
133 1 514.326361 182.753900 586.697697 230.697687 1.0
133 1 278.745289 190.904579 340.501679 238.021532 1.0
133 1 491.729046 188.419246 539.996108 223.953778 1.0
134 2 422.496059 172.043109 459.342794 211.573815 1.0
134 5 507.055359 178.215845 566.121375 278.106045 1.0
134 1 746.949942 181.257106 921.067423 338.287889 1.0
134 1 599.207132 184.688800 755.149151 281.937344 1.0
134 1 139.532122 197.944933 296.360259 291.832339 1.0
134 2 226.641501 187.636141 326.085298 262.982879 1.0
134 1 541.068981 180.204161 629.445955 244.925996 1.0
134 1 516.889827 182.072728 590.059313 231.420365 1.0
134 1 272.617960 191.125726 334.994004 239.534867 1.0
134 1 490.518304 188.901061 539.915267 225.181370 1.0
135 2 425.989979 171.169266 462.575574 210.448062 1.0
135 5 505.736781 176.236030 563.606494 276.246470 1.0
135 1 766.873724 180.282190 960.900393 353.246892 1.0
135 1 606.026094 183.057113 771.366555 285.427106 1.0
135 1 124.189882 196.197064 291.342699 293.764444 1.0
135 2 221.200311 185.810542 325.598126 263.195576 1.0
135 1 543.365265 177.844173 634.861329 244.819890 1.0
135 1 519.591566 181.344552 593.619859 232.186047 1.0
135 1 273.810128 191.277407 337.379120 240.794044 1.0
135 1 496.611178 185.855709 546.760514 222.566022 1.0
136 2 429.441578 170.305890 465.769609 209.335953 1.0
136 5 504.419453 174.247404 561.075530 274.380169 1.0
136 1 790.840459 179.164870 1010.034124 371.696035 1.0
136 1 613.458627 180.928325 789.582659 289.354500 1.0
136 1 107.379244 194.326399 285.970033 295.881511 1.0
136 2 215.387192 183.885495 325.081650 263.422236 1.0
136 1 550.264492 175.172009 644.512253 244.527664 1.0
136 1 524.122203 179.114605 600.175083 231.153426 1.0
136 1 275.056643 191.434894 339.855443 242.110492 1.0
136 1 502.958472 182.683029 553.929164 219.826699 1.0
137 2 437.010839 169.346680 473.027320 208.101677 1.0
137 5 506.731799 172.087892 562.535086 272.211206 1.0
137 1 820.209094 177.871348 1071.793336 374.000000 1.0
137 1 621.590968 178.212323 810.192161 293.807485 1.0
137 1 93.779149 194.913302 284.966633 301.585796 1.0
137 2 209.162394 181.776669 324.533354 263.664355 1.0
137 1 557.592010 172.295613 654.891779 244.211920 1.0
137 1 528.844488 176.773737 607.055981 230.068869 1.0
137 1 276.361295 191.598527 342.428314 243.488207 1.0
137 1 509.576309 179.000343 561.444896 216.954495 1.0
138 2 444.478400 168.399604 480.191377 206.884149 1.0
138 5 509.046965 169.924434 563.992811 270.040411 1.0
138 1 857.024268 176.098214 1152.249013 374.000000 1.0
138 1 632.972137 178.795609 836.287394 303.262171 1.0
138 1 78.843399 195.543448 283.875628 307.857897 1.0
138 2 207.141094 181.179243 328.061252 265.608967 1.0
138 1 566.909339 171.831513 667.857831 246.533663 1.0
138 1 533.770823 174.313467 614.287472 228.928371 1.0
138 1 278.292707 191.703497 347.600398 244.927925 1.0
138 4 708.914255 160.033800 739.580921 228.139863 1.0
138 1 307.169568 185.899998 359.746295 226.087101 1.0
138 1 518.206903 178.283103 571.229319 217.145330 1.0
139 2 451.846223 167.464456 487.263448 205.683056 1.0
139 5 511.364927 167.757076 565.448743 267.867859 1.0
139 1 904.511265 172.800475 1241.000000 374.000000 1.0
139 1 645.610445 179.475180 866.650257 314.274246 1.0
139 1 62.362904 196.221804 282.686679 314.787033 1.0
139 2 205.007594 180.542394 331.756567 267.675882 1.0
139 1 576.831664 171.329809 681.871760 249.040661 1.0
139 1 542.594161 175.033601 625.228136 231.377755 1.0
139 1 280.337760 191.813357 352.984572 246.438545 1.0
139 4 726.745097 160.001414 756.028368 231.201377 1.0
139 1 311.610619 186.464083 366.304341 227.538638 1.0
139 1 527.210610 177.529939 581.500549 217.345180 1.0
140 2 462.596258 168.479981 497.662221 206.420340 1.0
140 5 515.517146 168.494275 569.561886 268.664179 1.0
140 1 965.563117 173.444209 1241.000000 374.000000 1.0
140 1 659.724277 180.276809 902.425998 327.262907 1.0
140 1 44.082422 196.954126 281.387806 322.482143 1.0
140 2 201.581078 181.179628 335.195928 271.628664 1.0
140 1 587.419401 170.785731 697.066762 251.756028 1.0
140 1 551.888282 175.801189 636.876202 233.983542 1.0
140 1 282.505605 191.928447 358.594942 248.025450 1.0
140 4 745.321628 159.966143 771.654961 234.552005 1.0
140 1 316.239719 187.048087 373.082329 229.046030 1.0
140 1 536.272843 180.714876 591.494325 221.456858 1.0
141 2 473.183385 169.481233 507.910971 207.146050 1.0
141 5 519.672204 169.232720 573.680629 269.460928 1.0
141 1 1024.855917 173.996109 1241.000000 374.000000 1.0
141 1 675.585819 181.236367 945.209642 342.812622 1.0
141 1 23.687078 197.747127 279.965044 331.077666 1.0
141 2 197.905543 181.823122 338.832264 275.888966 1.0
141 1 597.020507 170.992032 711.915366 255.955964 1.0
141 1 561.691521 176.621009 649.303194 236.761136 1.0
141 1 284.806341 192.049134 364.446937 249.694581 1.0
141 4 764.699865 159.927558 794.481941 238.234711 1.0
141 1 321.068206 187.653125 380.092200 230.612506 1.0
141 1 545.691565 183.781298 601.945417 225.753618 1.0
142 2 482.684192 169.493093 517.110801 206.893323 1.0
142 5 523.830120 169.972410 577.804968 270.258100 1.0
142 1 1085.210605 174.478338 1241.000000 374.000000 1.0
142 1 693.538728 182.082957 997.290857 361.763507 1.0
142 1 0.000000 197.697781 275.082171 339.994496 1.0
142 2 193.951242 182.360844 342.684082 280.494057 1.0
142 1 607.399721 171.220283 728.303733 260.586483 1.0
142 1 572.046511 177.498505 662.590569 239.728031 1.0
142 1 287.251136 192.175821 370.557451 251.452517 1.0
142 2 785.120317 159.885138 816.786983 242.301417 1.0
142 1 326.108306 188.280397 387.346801 232.241553 1.0
142 1 554.107851 181.021671 611.827600 223.818920 1.0
143 2 492.051912 169.504973 526.187368 206.643876 1.0
143 5 527.990912 170.713341 581.934897 271.055689 1.0
143 1 1161.393382 175.042007 1241.000000 374.000000 1.0
143 1 710.004219 182.708644 1058.227101 374.000000 1.0
143 1 0.000000 197.644218 269.704545 349.402099 1.0
143 2 186.735752 181.655439 344.294046 283.664580 1.0
143 1 618.654783 171.474099 746.485980 265.717322 1.0
143 1 583.000820 178.439903 676.831517 242.904185 1.0
143 1 289.852378 192.308950 376.945043 253.306558 1.0
143 4 810.422184 159.838248 846.029078 246.815465 1.0
143 1 331.373226 188.931196 394.859978 233.936939 1.0
143 1 562.962932 181.631263 622.305580 225.630587 1.0
144 2 501.289174 169.516870 535.142880 206.397646 1.0
144 5 532.154598 171.455512 586.070411 271.853689 1.0
144 1 729.145084 183.436177 1136.833908 374.000000 1.0
144 1 0.000000 197.585782 263.754992 360.399248 1.0
144 2 178.914177 180.751546 345.998007 287.107315 1.0
144 1 630.900562 171.757932 766.775313 271.434137 1.0
144 1 591.830839 177.326996 689.228092 244.333091 1.0
144 1 290.000108 191.216317 381.021525 253.928660 1.0
144 4 832.813137 158.462637 870.146472 250.788398 1.0
144 1 335.572691 188.010488 400.419654 233.955241 1.0
144 1 572.256233 182.187587 633.390322 227.545681 1.0
145 2 509.989028 167.880735 543.617448 204.548416 1.0
145 5 537.863361 170.041813 591.465587 270.490828 1.0
145 1 751.667392 184.292688 1241.000000 374.000000 1.0
145 1 0.000000 197.521676 257.139475 373.421613 1.0
145 2 169.624960 178.902444 347.525222 290.303994 1.0
145 1 644.272990 172.077335 789.562276 277.843326 1.0
145 1 601.247578 176.120757 702.656033 245.878478 1.0
145 1 290.168045 190.064279 385.313752 254.590249 1.0
145 4 858.885606 156.906339 901.947875 255.280873 1.0
145 1 339.981840 187.050471 406.215752 233.974235 1.0
145 1 582.020997 182.762312 645.136284 229.573300 1.0
146 2 518.593129 166.261375 552.003437 202.719803 1.0
146 5 543.578543 168.624529 596.871108 269.125466 1.0
146 1 778.549821 185.315889 1241.000000 374.000000 1.0
146 1 0.000000 197.450919 249.742217 374.000000 1.0
146 2 159.430362 176.863565 349.152376 293.816833 1.0
146 1 655.750592 170.040580 811.762893 282.780965 1.0
146 1 611.311055 174.808984 717.250456 247.555283 1.0
146 1 290.358441 188.847773 389.839967 255.295331 1.0
146 4 886.176320 155.131242 931.842989 260.401950 1.0
146 1 342.778311 185.487956 412.053064 233.377448 1.0
146 1 592.293925 183.367349 657.604629 231.723639 1.0
147 2 527.012219 165.761275 560.212822 202.021354 1.0
147 5 549.300215 167.203684 602.286946 267.757640 1.0
147 1 811.189317 186.559775 1241.000000 374.000000 1.0
147 1 0.000000 198.375664 235.037496 374.000000 1.0
147 2 148.188937 174.604310 350.890813 297.695446 1.0
147 1 668.415539 167.712039 837.137286 288.414453 1.0
147 1 622.089791 173.377258 733.171105 249.381115 1.0
147 1 286.908817 187.681196 392.035951 256.482016 1.0
147 4 916.253976 153.087709 969.399361 266.293503 1.0
147 1 345.740393 183.852412 418.152298 232.746846 1.0
147 1 601.285077 179.330651 668.858344 228.918203 1.0
148 2 535.340037 165.266318 568.337518 201.330483 1.0
148 5 555.028444 165.779300 607.713075 266.387387 1.0
148 1 843.345586 187.892185 1241.000000 374.000000 1.0
148 1 0.000000 199.427198 218.304083 374.000000 1.0
148 2 129.438538 175.136144 348.565972 305.794350 1.0
148 1 682.689393 165.014429 866.729576 294.888063 1.0
148 1 633.662374 171.808404 750.608247 251.376873 1.0
148 1 283.187502 186.436901 394.370846 257.764658 1.0
148 4 948.170433 150.709860 1004.170432 273.143581 1.0
148 1 348.881834 182.138431 424.532493 232.079723 1.0
148 1 610.800446 174.670112 680.893483 225.919330 1.0
149 2 543.577974 164.776437 576.378694 200.647079 1.0
149 5 560.763302 164.351398 613.149466 265.014746 1.0
149 1 884.677060 189.605288 1241.000000 374.000000 1.0
149 1 0.000000 200.633478 199.093602 374.000000 1.0
149 2 108.261983 175.738745 346.021870 314.947860 1.0
149 1 695.368853 166.025687 897.222038 307.025832 1.0
149 1 642.246632 172.674820 766.028824 256.490782 1.0
149 1 277.901133 187.718367 395.157913 262.379373 1.0
149 4 990.933279 150.453328 1052.003255 284.016082 1.0
149 1 348.084250 183.333887 425.613634 234.973170 1.0
149 1 618.095056 176.335872 690.554930 229.460850 1.0
150 2 551.727394 164.291564 584.337498 199.971034 1.0
150 5 565.100759 166.268776 616.235079 267.136471 1.0
150 1 939.756757 191.889486 1241.000000 374.000000 1.0
150 1 0.000000 202.031334 176.815126 374.000000 1.0
150 2 84.153804 176.427144 343.227010 325.376247 1.0
150 1 709.656780 167.229106 933.479597 321.420944 1.0
150 1 651.565818 173.639314 783.187401 262.176848 1.0
150 1 272.163015 189.088070 395.995083 267.393665 1.0
150 4 1037.470203 150.107001 1096.803538 297.301092 1.0
150 1 347.238281 184.590010 426.749627 238.042512 1.0
150 1 625.850592 178.129107 700.949453 233.267597 1.0
151 2 557.003184 165.677241 589.526385 201.274334 1.0
151 5 569.457563 168.197948 619.327725 269.262661 1.0
151 1 1016.802489 196.056347 1241.000000 374.000000 1.0
151 1 0.000000 203.670285 150.673614 374.000000 1.0
151 2 50.898297 177.385475 336.604010 337.594017 1.0
151 1 723.318347 167.335491 974.034627 337.083241 1.0
151 1 661.718159 174.719469 802.396054 268.536724 1.0
151 1 265.912027 190.555482 396.887681 272.861729 1.0
151 4 1055.619580 149.769955 1189.029446 312.988277 1.0
151 1 346.339381 185.911539 427.944761 241.304290 1.0
151 1 634.111891 180.064941 712.164217 237.370441 1.0
152 2 562.252888 167.057029 594.690646 202.570531 1.0
152 5 573.720843 170.138865 622.427599 271.393167 1.0
152 1 1132.211786 203.144150 1241.000000 374.000000 1.0
152 1 0.000000 207.677017 111.164337 374.000000 1.0
152 2 12.254783 178.503430 329.270909 351.800590 1.0
152 1 738.918522 167.466258 1023.766541 356.249322 1.0
152 1 670.569984 176.025958 821.081197 275.812224 1.0
152 1 256.396586 192.432191 395.894110 279.324714 1.0
152 4 1113.859013 149.517605 1241.000000 333.077624 1.0
152 1 345.382414 187.303718 429.203781 244.777187 1.0
152 1 642.929811 181.940903 724.300748 241.805234 1.0
153 2 567.476659 168.430941 599.830393 203.859657 1.0
153 5 576.698660 172.091469 625.534894 273.527842 1.0
153 2 0.000000 177.812504 319.844246 367.694610 1.0
153 1 756.900536 167.630718 1086.145857 374.000000 1.0
153 1 680.294919 177.511028 842.313244 284.070033 1.0
153 1 245.920800 194.456182 394.817829 286.444967 1.0
153 4 1185.199080 151.165841 1241.000000 348.552707 1.0
153 1 344.361560 188.772369 430.531955 248.482384 1.0
153 1 652.362288 183.789605 737.478033 246.613864 1.0
