0 1 0.000000 182.435998 111.463020 236.547266 1.0
0 1 93.734586 170.843607 218.552416 225.196105 1.0
0 1 202.660778 179.372227 285.077755 216.888155 1.0
1 1 0.000000 183.858200 78.182240 239.952622 1.0
1 1 62.166895 171.102744 197.669185 228.534363 1.0
1 1 182.713313 180.478441 270.466732 219.649015 1.0
2 1 0.000000 185.454978 40.800751 241.071002 1.0
2 1 26.808453 171.393038 174.696560 232.273865 1.0
2 1 161.028465 181.622749 254.726109 222.650488 1.0
3 1 0.000000 171.720468 149.304478 236.401729 1.0
3 1 137.368913 182.859029 237.719627 225.925462 1.0
4 1 0.000000 172.092643 121.089503 240.888911 1.0
4 1 110.086948 182.541814 218.346491 227.845806 1.0
5 1 0.000000 173.032755 89.553211 241.844527 1.0
5 1 79.750136 182.193824 197.092362 229.981326 1.0
6 1 0.000000 173.072689 51.708830 241.685239 1.0
6 1 45.814938 181.810351 173.669336 232.370336 1.0
7 1 7.600721 181.385676 147.727581 235.060820 1.0
8 1 0.000000 180.912780 118.837779 237.938942 1.0
9 1 0.000000 180.382954 86.467139 238.671512 1.0
10 1 0.000000 179.779445 49.946269 238.033408 1.0
25 1 709.845658 176.120800 727.167343 189.557584 1.0
26 1 710.730958 178.338623 728.230669 191.976347 1.0
27 1 711.620969 178.669392 729.303314 192.522306 1.0
28 1 712.495940 175.363112 730.366271 189.453316 1.0
29 1 713.419034 171.622430 731.476930 185.959613 1.0
30 1 714.406959 170.593267 732.655724 185.173956 1.0
31 1 715.446318 171.017179 733.889755 185.843342 1.0
32 1 716.518017 171.159424 735.160645 186.240784 1.0
33 1 598.036384 174.467084 620.663267 187.754028 1.0
33 1 717.648908 173.089332 736.494595 188.427004 1.0
34 1 595.447714 174.240710 618.562230 187.814945 1.0
34 1 717.945749 172.478419 736.977965 188.082494 1.0
35 1 592.745069 174.004341 616.373269 187.878544 1.0
35 1 718.258274 172.279396 737.482264 188.157305 1.0
36 1 588.559259 173.185285 612.888698 187.433244 1.0
36 1 718.574397 171.444151 737.996055 187.608466 1.0
37 1 584.144069 172.321208 609.223176 186.963523 1.0
37 1 718.902485 170.614814 738.527711 187.075800 1.0
38 1 579.012381 173.559517 604.915449 188.606469 1.0
38 1 719.285196 173.264214 739.118683 190.017083 1.0
39 1 573.878881 173.067442 600.653541 188.552000 1.0
39 1 718.870941 173.193151 738.923409 190.260966 1.0
40 1 568.439507 172.545953 596.152165 188.494280 1.0
40 1 718.440927 173.119368 738.721041 190.514194 1.0
41 1 562.666075 171.992333 591.390562 188.433009 1.0
41 1 717.994230 173.042703 738.511191 190.777314 1.0
42 1 556.513309 172.974388 586.333142 189.931009 1.0
42 1 717.529854 172.962985 738.293443 191.050917 1.0
43 1 549.957746 174.020961 580.965286 191.527130 1.0
43 1 717.046718 172.880028 738.067351 191.335642 1.0
44 1 542.984735 174.376069 575.269776 192.477936 1.0
44 4 717.088425 173.104121 738.379689 191.976371 1.0
45 1 536.067607 176.041573 569.717862 194.777653 1.0
45 1 717.032006 174.453153 738.761607 193.705341 1.0
46 1 528.640918 177.830206 563.785257 197.246891 1.0
46 1 716.973371 175.858658 739.159375 195.506692 1.0
47 1 520.469190 177.653395 557.263970 197.812457 1.0
47 1 716.601238 176.124758 739.265135 196.194740 1.0
48 1 511.648972 177.462502 550.263677 198.422924 1.0
48 1 716.212862 176.402583 739.375406 196.913097 1.0
49 1 501.865887 178.191686 542.472052 200.029289 1.0
49 1 715.807145 176.692927 739.490492 197.663809 1.0
50 1 491.209638 177.293694 534.037830 200.094643 1.0
50 1 714.905961 176.256627 739.121388 197.704275 1.0
51 1 479.576151 176.313089 524.895835 200.165972 1.0
51 1 713.963260 175.800140 738.734940 197.746600 1.0
52 1 466.837445 176.771814 514.965934 201.769305 1.0
52 1 712.976086 175.322033 738.329912 197.790915 1.0
52 1 888.045334 166.861960 930.669481 182.616229 1.0
53 1 452.811826 177.277048 504.126040 203.534722 1.0
53 1 711.584749 175.442367 737.544944 198.454665 1.0
53 4 592.920110 173.330135 602.552891 192.740351 1.0
53 1 887.609435 166.730214 930.852370 182.686230 1.0
54 1 438.467322 177.546388 493.290431 205.190105 1.0
54 1 710.000327 175.568674 736.720753 199.151369 1.0
54 1 592.791245 173.223355 599.124579 193.015078 1.0
54 1 887.163078 166.595064 931.039342 182.758044 1.0
55 4 589.963769 173.112553 596.326724 193.300265 1.0
55 1 886.705860 166.456376 931.230559 182.831743 1.0
56 4 587.105120 172.997490 593.605120 193.596510 1.0
56 1 886.237359 166.314011 931.426187 182.907403 1.0
57 1 384.775202 179.303161 453.682632 212.151581 1.0
57 1 705.555068 174.863469 734.957098 200.359123 1.0
57 4 584.727910 172.877906 590.719398 193.904463 1.0
57 1 885.757127 166.167818 931.626404 182.985104 1.0
58 1 362.184861 180.429291 437.461604 215.626284 1.0
58 1 703.864816 175.815561 734.236400 202.014396 1.0
58 1 828.122860 171.071245 871.244515 185.881181 1.0
58 4 582.483318 172.753521 588.149985 194.224826 1.0
58 1 885.197711 167.010230 931.768112 184.039376 1.0
59 1 338.859000 180.240071 420.616315 217.889724 1.0
59 1 702.087866 176.821948 733.474254 203.764218 1.0
59 1 824.442726 170.438041 868.060502 185.449988 1.0
59 4 579.264160 172.616536 586.041438 194.512477 1.0
59 1 884.629629 168.289845 931.919243 185.529323 1.0
60 1 311.986061 180.026295 401.571945 220.497882 1.0
60 1 700.428303 175.879286 732.868616 203.588452 1.0
60 1 820.666755 169.788433 864.791071 185.007235 1.0
60 4 575.870965 172.474127 583.537632 194.811724 1.0
60 1 884.020169 167.707066 932.044867 185.197339 1.0
61 1 280.689060 179.782829 379.868733 223.536026 1.0
61 1 698.682361 174.881787 732.227364 203.402404 1.0
61 1 816.791044 169.121775 861.432862 184.552450 1.0
61 4 572.458079 172.325961 580.187384 195.123285 1.0
61 1 883.386743 166.551940 932.164757 184.310096 1.0
62 1 245.287351 179.443065 356.429946 227.049332 1.0
62 1 696.843091 173.824526 731.547294 203.205151 1.0
62 1 812.761626 168.437393 857.982337 184.085138 1.0
62 4 568.831085 172.171682 576.331084 195.447935 1.0
62 1 882.736411 165.378583 932.287487 183.411930 1.0
62 2 1039.925727 161.260454 1097.871525 183.014679 1.0
63 1 203.003650 179.002270 329.233918 231.246341 1.0
63 1 696.004283 173.810192 732.066626 204.099922 1.0
63 1 808.575979 167.734570 854.435767 183.604778 1.0
63 4 566.687030 172.010898 573.577025 195.786520 1.0
63 1 883.517043 164.389020 933.879893 182.696875 1.0
63 2 1043.157093 160.548111 1102.132206 182.630159 1.0
64 1 154.353616 180.821963 299.689814 238.902876 1.0
64 1 695.118234 173.794954 732.618682 205.051872 1.0
64 1 804.905848 167.345274 851.269502 183.423544 1.0
64 4 565.502853 171.858232 571.502853 196.125127 1.0
64 1 884.337973 164.645323 935.538019 183.212791 1.0
64 2 1046.482576 159.814491 1106.519797 182.234157 1.0
64 3 767.0 115.0 805.0 157.0 1.0
65 1 93.998141 182.827265 264.516185 248.403883 1.0
65 1 695.013702 174.019735 734.083495 206.250543 1.0
65 1 801.179001 169.777972 848.060114 186.027291 1.0
65 4 562.852102 171.699148 570.416508 196.478051 1.0
65 1 885.184028 164.986484 937.246251 183.819832 1.0
65 2 1049.906333 159.058628 1111.040072 181.826151 1.0
66 1 23.135993 183.902548 225.743683 258.359292 1.0
66 1 694.903582 174.258970 735.642029 207.526447 1.0
66 1 797.317450 169.247587 844.723069 185.717825 1.0
66 4 560.166439 171.533234 569.166439 196.846217 1.0
66 1 886.071719 166.520549 939.023805 185.606338 1.0
66 2 1053.432771 158.279496 1115.699156 181.405587 1.0
67 1 0.000000 185.218332 178.287352 270.980688 1.0
67 1 694.787388 174.514099 737.303611 208.887296 1.0
67 1 793.345497 167.922024 841.285534 184.630789 1.0
67 4 558.348813 171.360039 567.115521 197.230635 1.0
67 1 886.934246 164.379601 940.798300 183.792900 1.0
67 2 1057.066564 157.476002 1120.503561 180.971877 1.0
68 1 0.000000 186.865479 118.863034 274.885653 1.0
68 1 695.380711 173.316409 739.897622 208.874054 1.0
68 1 789.266139 166.748572 837.757133 183.699511 1.0
68 4 556.305571 171.179073 564.638904 197.632407 1.0
68 1 886.827199 162.451500 941.486381 182.171084 1.0
68 2 1062.304011 156.098128 1126.985146 179.985620 1.0
69 1 0.000000 189.792631 47.238029 277.141224 1.0
69 1 696.011151 172.033775 742.675222 208.859823 1.0
69 1 784.026720 165.340929 833.116086 182.534824 1.0
69 4 553.879174 171.013411 562.506164 197.998195 1.0
69 1 886.730533 161.416335 942.208685 181.433987 1.0
69 2 1067.709816 155.131986 1133.685109 179.416829 1.0
70 1 696.938849 172.527317 745.756963 210.556078 1.0
70 1 778.657922 164.949029 828.363821 182.376366 1.0
70 4 551.452550 170.832447 559.119217 198.371769 1.0
70 1 886.642209 161.135473 942.964006 181.445575 1.0
70 2 1073.289247 154.433476 1140.611385 179.124023 1.0
71 1 697.921129 173.054146 749.045992 212.367173 1.0
71 1 773.168038 166.292079 823.504910 183.934926 1.0
71 4 548.182350 170.629257 557.205832 198.753858 1.0
71 1 886.563514 161.709501 943.754871 182.304649 1.0
71 2 1079.054235 154.234208 1147.779459 179.334919 1.0
72 1 699.609668 174.115170 753.070273 214.810514 1.0
72 1 767.526780 167.427445 818.507233 185.296261 1.0
72 4 545.146210 170.422627 555.146210 199.145577 1.0
72 5 772.640606 167.293727 813.629014 199.206082 1.0
72 1 886.498331 163.426294 944.586757 184.293748 1.0
72 2 1085.031624 155.628248 1155.221624 181.123359 1.0
73 1 701.403745 175.253719 757.388611 217.432482 1.0
73 1 761.736870 169.079426 813.375001 187.175397 1.0
73 4 542.846495 170.212864 553.184509 199.616105 1.0
73 5 775.399268 166.815971 817.333718 199.502373 1.0
73 1 885.150724 163.929311 944.025511 185.078665 1.0
73 2 1091.393230 155.232727 1163.078180 181.147012 1.0
74 1 703.313568 176.478609 762.034468 220.253407 1.0
74 1 755.788564 170.998502 808.098791 189.326971 1.0
74 4 540.400908 170.005966 551.400908 199.934685 1.0
74 4 778.310995 167.674457 821.237245 201.154367 1.0
74 1 883.771355 164.841470 943.454086 186.273055 1.0
74 2 1097.958270 154.823980 1171.197513 181.171445 1.0
74 3 759.0 100.0 845.0 153.0 1.0
75 1 705.350702 177.800047 767.046586 223.296827 1.0
75 1 749.145251 170.855316 802.755182 189.474180 1.0
75 4 538.355052 169.801730 548.382614 200.324229 1.0
75 5 781.361159 167.910611 825.327192 202.249218 1.0
75 1 882.345969 165.248532 942.857670 186.980402 1.0
75 2 1104.736661 154.401331 1179.593036 181.196697 1.0
76 1 706.939880 176.582811 771.776528 223.958152 1.0
76 1 742.299795 168.443010 797.176200 187.375462 1.0
76 4 536.989460 169.587838 545.989460 200.713015 1.0
76 5 784.537579 165.696762 829.593916 200.939202 1.0
76 1 880.845004 163.126421 942.204359 185.216536 1.0
76 2 1111.738968 153.964061 1188.279086 181.222812 1.0
77 1 708.643035 175.261006 776.912929 224.676316 1.0
77 1 735.280423 166.822816 791.393842 186.060441 1.0
77 4 533.663534 169.337040 542.438707 201.097846 1.0
77 5 787.886328 163.658321 834.088961 199.875460 1.0
77 1 879.323070 162.551316 941.556106 184.979572 1.0
77 2 1118.976473 153.511395 1197.271013 181.249832 1.0
78 1 710.472871 173.820552 782.510550 225.458980 1.0
78 1 728.075890 165.870283 785.396844 185.411745 1.0
78 4 529.716386 169.086674 539.716386 201.476808 1.0
78 5 791.426225 162.172624 838.835799 199.406323 1.0
78 1 874.575771 161.118657 937.381282 183.853262 1.0
78 2 1124.188767 153.949355 1203.978867 182.094680 1.0
78 1 362.417899 176.806439 412.887909 197.281425 1.0
79 1 712.834427 175.153031 789.065159 229.182327 1.0
79 1 720.720081 169.330732 779.223888 189.190389 1.0
79 4 528.867666 169.597061 537.348165 202.800694 1.0
79 5 795.207398 163.904850 843.891139 202.163420 1.0
79 1 869.752561 162.600575 933.144862 185.591165 1.0
79 2 1129.537756 153.360927 1210.874746 181.946085 1.0
79 1 361.752389 177.758910 414.086252 198.654981 1.0
80 1 715.383035 176.615042 796.257227 233.267942 1.0
80 1 711.745835 169.953767 771.431825 190.163392 1.0
80 4 528.011810 170.133729 534.678477 204.192777 1.0
80 5 799.206103 165.668341 849.234782 205.054167 1.0
80 1 864.808771 164.067782 928.797661 187.321614 1.0
80 2 1135.100589 155.837560 1218.047497 184.814819 1.0
80 1 361.121462 178.748299 415.265643 200.083308 1.0
81 1 718.169606 177.006184 803.542276 236.133583 1.0
81 1 702.485475 170.597771 763.325188 191.174002 1.0
81 4 525.763499 170.698761 532.450764 205.658466 1.0
81 5 803.417590 165.619791 854.866837 206.199057 1.0
81 1 859.736986 165.306664 924.332103 188.835554 1.0
81 2 1140.804827 156.722562 1225.417742 186.137131 1.0
81 1 360.528553 179.776751 416.424221 201.601261 1.0
82 1 721.160004 177.433053 811.493138 239.261148 1.0
82 1 692.921839 171.263699 754.888927 192.224353 1.0
82 4 523.324607 171.294468 529.824608 207.203757 1.0
82 5 807.985147 173.040575 860.943515 214.896928 1.0
82 1 854.541562 166.994495 919.753856 190.796972 1.0
82 2 1146.687414 157.712641 1233.029379 187.576702 1.0
82 1 361.534264 179.704769 418.505285 201.940516 1.0
82 1 600.572416 175.653422 620.879753 189.545216 1.0
82 1 566.196337 175.599437 589.782249 189.799586 1.0
83 1 724.377432 177.900777 820.205476 242.688264 1.0
83 1 683.036358 171.952569 746.107044 193.316730 1.0
83 4 516.562287 171.187843 526.250835 208.099210 1.0
83 5 811.801093 172.867060 866.049897 215.819853 1.0
83 1 848.132034 166.938174 913.785302 191.013500 1.0
83 2 1150.056321 157.517071 1237.868013 187.814912 1.0
83 1 362.579209 179.630092 420.663930 202.292831 1.0
83 1 599.322949 175.622978 619.821325 189.649848 1.0
83 1 564.738874 175.565797 588.551967 189.900992 1.0
84 1 727.848755 178.415517 829.794200 246.460132 1.0
84 1 672.808920 172.665478 736.962497 194.453590 1.0
84 4 509.065104 171.075099 521.731770 209.046076 1.0
84 5 815.818217 172.684215 871.621189 216.792434 1.0
84 1 841.578665 166.880534 907.676676 191.235055 1.0
84 1 986.483177 167.682206 1073.646288 191.147684 1.0
84 2 1153.520652 157.334806 1241.000000 188.060121 1.0
84 1 363.665701 179.552566 422.904607 202.658975 1.0
84 1 598.048985 175.591936 618.743154 189.756535 1.0
84 1 563.253482 175.531511 587.299111 190.004342 1.0
85 1 731.605251 178.984735 840.398566 250.631526 1.0
85 1 662.425425 172.643902 727.823047 194.918071 1.0
85 4 506.588702 170.955693 518.640599 210.048916 1.0
85 5 820.052854 172.491269 877.513581 217.818790 1.0
85 1 834.876554 166.821528 901.422994 191.461812 1.0
85 1 982.958286 164.713524 1070.984713 188.535025 1.0
85 2 1157.084516 157.205525 1241.000000 188.312643 1.0
85 1 364.796235 179.472023 425.232113 203.039777 1.0
85 1 596.749794 175.560279 617.644684 189.865335 1.0
85 1 561.739350 175.496560 586.023053 190.109694 1.0
86 1 735.321319 179.570700 851.173945 254.872820 1.0
86 1 651.601058 172.622135 718.251707 195.404013 1.0
86 4 503.698039 170.829017 514.698038 211.112842 1.0
86 5 824.523153 172.287359 883.740961 218.903507 1.0
86 1 828.020575 166.761107 895.019033 191.693958 1.0
86 1 979.423344 166.526547 1068.340848 190.591950 1.0
86 2 1160.752260 157.072402 1241.000000 188.572810 1.0
86 1 365.973510 179.388285 427.651628 203.436137 1.0
86 1 595.424621 175.527987 616.525335 189.976314 1.0
86 1 560.195635 175.460924 584.723144 190.217106 1.0
87 1 739.340096 180.206971 863.107983 259.570339 1.0
87 1 640.302958 172.600137 708.222009 195.912923 1.0
87 4 500.476577 170.819883 512.286599 211.979146 1.0
87 5 829.249343 172.071524 890.332737 220.051708 1.0
87 1 821.005364 166.699219 888.459313 191.931687 1.0
87 1 975.745408 164.473312 1065.563131 188.886751 1.0
87 2 1164.528490 156.935267 1241.000000 188.840975 1.0
87 1 368.960754 179.268589 432.265702 203.788428 1.0
87 1 594.072676 175.495042 615.384508 190.089536 1.0
87 1 558.621461 175.424582 583.398710 190.326640 1.0
88 1 743.700125 180.749530 876.398204 264.801880 1.0
88 1 628.494977 172.577867 697.705225 196.446454 1.0
88 4 496.883428 170.810344 509.216762 212.883939 1.0
88 5 834.254039 171.842686 897.321866 221.269135 1.0
88 1 812.968387 166.691808 881.456302 192.239208 1.0
88 1 972.002522 163.961141 1062.742133 188.691572 1.0
88 2 1165.343056 156.746468 1241.000000 189.031020 1.0
88 1 372.448113 179.129349 436.630122 204.149152 1.0
88 1 255.993725 181.491528 310.357433 204.788839 1.0
88 1 592.693139 175.461424 614.221578 190.205072 1.0
88 1 557.015915 175.387515 582.049050 190.438358 1.0
89 1 748.446786 181.340125 891.289734 270.663992 1.0
89 1 616.137261 172.555276 686.670098 197.006419 1.0
89 4 492.357043 170.800371 506.192699 213.829844 1.0
89 5 839.562592 171.599635 904.745392 222.562243 1.0
89 1 804.749355 166.684841 874.260042 192.554848 1.0
89 1 968.225311 167.294295 1059.914365 192.251433 1.0
89 2 1166.177905 156.552861 1241.000000 189.225964 1.0
89 1 376.467431 178.975818 440.739725 204.517592 1.0
89 1 251.630938 181.306512 307.234421 205.144650 1.0
89 1 591.285158 175.427111 613.035900 190.322992 1.0
89 1 555.378051 175.349699 580.673439 190.552328 1.0
90 1 753.112443 181.678042 905.685839 276.028697 1.0
90 1 604.673422 172.918150 676.569926 198.001695 1.0
90 4 487.488740 170.789934 502.488740 214.819730 1.0
90 5 845.203540 171.341002 912.645130 223.938315 1.0
90 1 796.340698 166.678326 866.864115 192.878929 1.0
90 1 962.315029 163.857472 1054.589574 189.157384 1.0
90 2 1167.033801 156.354258 1241.000000 189.425998 1.0
90 1 381.047526 178.822256 444.593829 204.892975 1.0
90 1 247.066748 181.112881 303.965847 205.517558 1.0
90 1 589.847840 175.392082 611.826797 190.443370 1.0
90 1 553.706881 175.311112 579.271120 190.668616 1.0
91 1 758.164661 182.044013 921.758559 282.016236 1.0
91 1 592.644438 173.298130 665.947148 199.050196 1.0
91 4 484.224554 170.779002 499.274504 215.856735 1.0
91 5 851.209094 171.065241 921.068419 225.405599 1.0
91 1 787.734420 166.672268 859.261829 193.211788 1.0
91 1 956.322426 162.756358 1049.194242 188.344903 1.0
91 2 1167.911545 156.150464 1241.000000 189.631326 1.0
91 1 386.406224 178.643173 450.310898 205.128149 1.0
91 1 244.658881 181.316251 302.669839 206.202215 1.0
91 1 588.380260 175.356315 610.593571 190.566286 1.0
91 1 552.001380 175.271730 577.841310 190.787296 1.0
92 1 763.653556 182.441682 939.818902 288.741760 1.0
92 1 580.002573 173.696398 654.765415 200.156190 1.0
92 4 480.763516 170.767536 495.430184 216.944308 1.0
92 5 857.502027 170.770590 930.069107 226.973476 1.0
92 1 778.922064 166.666675 851.446199 193.553781 1.0
92 1 950.229337 163.028749 1043.708086 188.876164 1.0
92 2 1168.811979 155.941274 1241.000000 189.842159 1.0
92 1 391.950060 178.458912 456.182633 205.370757 1.0
92 1 242.159171 181.527438 301.323915 206.914069 1.0
92 1 586.881451 175.319785 609.335492 190.691819 1.0
92 1 550.260475 175.231528 576.383192 190.908442 1.0
93 1 769.638302 182.875353 960.259866 296.350666 1.0
93 1 566.694689 174.114252 642.984804 201.324408 1.0
93 4 476.973028 170.665310 491.498336 217.818976 1.0
93 1 858.616331 170.579533 933.156224 228.205149 1.0
93 1 770.182150 166.684379 843.795203 193.928544 1.0
93 1 944.016670 163.635897 1038.109677 189.739111 1.0
93 2 1166.641727 155.773231 1241.000000 190.054755 1.0
93 1 398.240824 178.234527 462.468645 205.464422 1.0
93 1 239.562255 181.746900 299.925140 207.654774 1.0
93 1 585.683030 174.949039 608.287838 190.409891 1.0
93 1 548.602169 175.322862 574.956580 191.119435 1.0
94 2 775.464108 183.273001 980.997359 304.034383 1.0
94 1 552.661457 174.553127 630.561345 202.560109 1.0
94 4 473.073808 170.558667 487.073809 218.731454 1.0
94 5 864.366695 170.293602 941.685619 229.685015 1.0
94 1 761.235287 166.703358 835.914048 194.313889 1.0
94 1 937.667523 163.675550 1032.380038 190.055010 1.0
94 2 1164.430732 155.601008 1241.000000 190.271683 1.0
94 1 404.695585 178.005478 468.875982 205.560102 1.0
94 1 236.862345 181.975134 298.470344 208.426119 1.0
94 1 584.470905 174.574045 607.228853 190.124737 1.0
94 1 546.918257 175.415611 573.508979 191.333689 1.0
95 1 781.803155 183.705761 1004.512716 312.743333 1.0
95 1 539.095828 174.656583 618.825314 203.575238 1.0
95 4 469.055698 170.447315 483.248193 219.684247 1.0
95 1 869.494155 170.029537 949.416893 231.065694 1.0
95 1 752.071981 166.723632 827.794982 194.710254 1.0
95 1 931.237136 167.289261 1026.584119 193.857798 1.0
95 2 1162.177763 155.424454 1241.000000 190.493076 1.0
95 1 411.320233 177.771617 476.112307 205.657865 1.0
95 1 234.053183 182.212677 296.956100 209.230046 1.0
95 1 583.244838 174.194729 606.158352 189.836299 1.0
95 1 545.208140 175.509808 572.039923 191.551280 1.0
96 1 788.726390 184.178499 1031.404164 322.697380 1.0
96 1 524.658525 174.766613 606.334193 204.658614 1.0
96 4 464.547029 170.330935 478.547030 220.680090 1.0
96 5 874.754555 169.759104 957.356593 232.477684 1.0
96 1 742.682154 166.745223 819.429918 195.118097 1.0
96 1 923.697374 164.142782 1019.393806 191.012498 1.0
96 2 1159.881540 155.243410 1241.000000 190.719075 1.0
96 1 420.108499 177.688314 485.130757 205.789823 1.0
96 1 231.340971 182.213406 296.869546 209.712756 1.0
96 1 582.004588 173.811018 605.076146 189.544522 1.0
96 1 543.471203 175.605488 570.548931 191.772285 1.0
97 1 796.318469 184.697021 1062.454986 334.184092 1.0
97 1 509.254976 174.883774 593.020417 205.817271 1.0
97 4 460.468587 170.209179 475.337927 221.721965 1.0
97 5 880.651609 169.454415 966.292932 234.069523 1.0
97 1 733.055096 166.768151 810.810404 195.537903 1.0
97 1 916.118432 166.851609 1012.181151 193.875593 1.0
97 2 1157.540730 155.057711 1241.000000 190.949825 1.0
97 1 427.844662 177.604822 494.183372 205.922279 1.0
97 1 228.558157 182.214596 296.739644 210.212059 1.0
97 1 580.749907 173.422834 603.982044 189.249347 1.0
97 1 541.706809 175.702686 569.035509 191.996787 1.0
98 1 803.648562 185.305385 1093.205860 345.617519 1.0
98 1 492.776712 175.008697 578.807811 207.059245 1.0
98 4 456.089368 170.081665 471.422701 222.813141 1.0
98 5 886.175326 169.170103 974.676666 235.550736 1.0
98 1 722.350004 167.197564 801.181689 196.421091 1.0
98 1 908.342548 164.464314 1004.762862 191.775615 1.0
98 2 1152.978805 155.429504 1241.000000 191.735510 1.0
98 1 437.393474 177.501714 504.937713 205.926827 1.0
98 1 225.701244 182.216279 296.563319 210.728865 1.0
98 1 579.051085 173.580468 602.571691 189.572782 1.0
98 1 539.914301 175.801438 567.499146 192.224868 1.0
99 1 811.632862 185.968247 1128.604353 358.768219 1.0
99 1 475.098731 175.142094 563.610140 208.393753 1.0
99 4 450.284746 169.947974 467.852381 223.957202 1.0
99 5 891.904352 168.878392 983.363194 237.062566 1.0
99 1 711.327459 167.639587 791.234762 197.334501 1.0
99 1 900.482802 165.256078 997.271514 192.778703 1.0
99 2 1148.328430 155.810080 1241.000000 192.537164 1.0
99 1 447.088425 177.398983 515.661497 205.929594 1.0
99 1 222.766413 182.218485 296.337336 211.264150 1.0
99 1 577.316157 173.741461 601.133014 189.903095 1.0
99 1 538.093002 175.901782 565.939319 192.456614 1.0
100 1 820.363041 186.693274 1169.790246 374.000000 1.0
100 1 457.760245 175.587205 549.263222 210.260809 1.0
100 4 445.212657 169.878206 464.545990 224.914309 1.0
100 5 898.746443 168.545266 993.587714 238.760176 1.0
100 1 699.970454 168.094697 780.956802 198.279637 1.0
100 1 892.510037 167.418124 989.673836 195.123612 1.0
100 2 1143.587001 156.199732 1241.000000 193.355279 1.0
100 1 456.932537 177.296625 526.353931 205.930515 1.0
100 1 219.749485 182.221247 296.058274 211.818968 1.0
100 1 575.543960 173.905923 599.665149 190.240506 1.0
100 1 536.242213 176.003756 564.355484 192.692116 1.0
101 1 829.948735 187.489640 1217.975485 374.000000 1.0
101 1 438.943334 176.065606 533.784481 212.290811 1.0
101 4 442.150444 169.805735 460.803083 225.908519 1.0
101 5 904.997842 168.239543 1002.974332 240.317980 1.0
101 1 688.260780 168.563404 770.334260 199.258101 1.0
101 1 884.387623 167.501621 981.995258 195.434720 1.0
101 2 1138.751814 156.598764 1241.000000 194.190369 1.0
101 1 465.660952 177.248434 536.010467 206.128213 1.0
101 1 220.655167 182.181398 298.175799 212.245099 1.0
101 1 573.733280 174.073967 598.167201 190.585247 1.0
101 1 534.361210 176.107401 562.747084 192.931465 1.0
102 1 840.522181 188.368420 1241.000000 374.000000 1.0
102 1 418.441438 176.581180 517.042278 214.505807 1.0
102 4 438.788088 169.730402 456.288088 226.942030 1.0
102 5 911.562344 167.923090 1012.805897 241.919599 1.0
102 1 676.178942 169.046244 759.352806 200.271598 1.0
102 1 876.136038 167.586560 974.189858 195.751338 1.0
102 2 1133.820055 157.007497 1241.000000 195.042965 1.0
102 1 474.591271 177.199999 545.755317 206.328341 1.0
102 1 221.589128 182.140324 300.358465 212.684920 1.0
102 1 572.745164 174.194567 597.252113 190.742871 1.0
102 1 533.572818 176.181308 562.115197 193.100455 1.0
103 1 850.936214 189.220920 1241.000000 374.000000 1.0
103 1 396.008108 177.138454 498.883286 216.932002 1.0
103 4 434.650445 169.652032 452.290571 228.017221 1.0
103 5 918.991655 167.566421 1023.945780 243.719319 1.0
103 1 663.704014 169.543794 747.997246 201.321946 1.0
103 1 867.751776 167.672970 966.254928 196.073612 1.0
103 2 1126.495631 156.960246 1236.348826 195.270989 1.0
103 1 483.729484 177.151308 555.590139 206.530928 1.0
103 1 222.552711 182.097966 302.609328 213.139103 1.0
103 1 571.752552 174.315717 596.333119 190.901214 1.0
103 1 532.775440 176.256060 561.476465 193.271376 1.0
104 1 862.405024 190.160174 1241.000000 374.000000 1.0
104 1 375.765510 177.761270 483.203007 219.730061 1.0
104 4 430.388410 169.570439 447.721744 229.136665 1.0
104 5 925.602463 167.242258 1033.964747 245.365237 1.0
104 1 652.054976 169.366270 737.577116 201.735366 1.0
104 1 859.231211 167.760882 958.187686 196.401694 1.0
104 2 1119.079120 156.940113 1229.097833 195.502020 1.0
104 1 492.339489 177.205300 564.277829 206.628095 1.0
104 1 223.547343 182.054264 304.931637 213.608363 1.0
104 1 570.755412 174.437418 595.410195 191.060280 1.0
104 1 531.968920 176.331673 560.830777 193.444259 1.0
105 1 875.097408 191.200135 1241.000000 374.000000 1.0
105 4 425.916364 169.485420 443.981691 230.303150 1.0
105 5 933.285436 166.875559 1045.519452 247.206255 1.0
105 1 639.993159 169.183882 726.753786 202.164164 1.0
105 1 850.570581 167.850325 949.985260 196.735740 1.0
105 2 1111.568771 156.919711 1221.749176 195.736119 1.0
105 1 501.027024 177.259573 572.925653 206.724426 1.0
105 1 569.753713 174.559675 594.483315 191.220075 1.0
105 1 531.153102 176.408161 560.178019 193.619139 1.0
106 1 889.220208 192.357917 1241.000000 374.000000 1.0
106 4 421.099013 169.396754 439.432346 231.519706 1.0
106 5 940.544367 166.533772 1056.400547 248.911771 1.0
106 1 627.492165 168.996354 715.508163 202.609195 1.0
106 1 842.280665 167.980854 942.172323 197.105891 1.0
106 2 1103.962792 156.899034 1214.300872 195.973348 1.0
106 1 511.558738 176.725314 583.149871 206.128952 1.0
106 1 568.747424 174.682491 593.552453 191.380604 1.0
106 1 530.327822 176.485539 559.518074 193.796051 1.0
107 1 901.484555 193.759412 1241.000000 374.000000 1.0
107 1 300.002154 180.013983 425.962540 230.220639 1.0
107 4 416.769736 169.123822 436.781826 232.252044 1.0
107 5 948.165589 166.181528 1067.774588 250.654394 1.0
107 1 615.302396 169.495462 704.649999 203.824023 1.0
107 1 833.858382 168.113518 934.230571 197.482695 1.0
107 2 1096.259343 156.878076 1206.750882 196.213769 1.0
107 1 522.106346 176.193676 593.309416 205.533585 1.0
107 1 230.196249 180.362059 318.017707 213.138988 1.0
107 1 568.617199 174.971739 593.549626 191.778367 1.0
107 1 529.492914 176.563823 558.850822 193.975030 1.0
108 1 914.885123 195.290681 1241.000000 374.000000 1.0
108 1 268.018903 180.928153 402.555124 234.646892 1.0
108 4 412.388400 168.841917 433.721733 233.008478 1.0
108 5 956.494799 165.792583 1080.284639 252.583464 1.0
108 1 602.631351 170.012657 693.340195 205.092134 1.0
108 1 825.300048 168.248358 926.157357 197.866327 1.0
108 2 1089.669537 156.861325 1200.350441 196.443507 1.0
108 1 532.669695 175.664632 603.404910 204.938361 1.0
108 1 233.263767 179.511706 323.429245 212.641161 1.0
108 1 568.485261 175.264817 593.546755 192.181391 1.0
108 1 528.648210 176.643029 558.176144 194.156113 1.0
109 1 929.587464 196.970627 1241.000000 374.000000 1.0
109 1 235.908285 181.652480 381.259653 239.528747 1.0
109 4 409.428276 168.550589 431.144127 233.790217 1.0
109 5 964.166609 165.438381 1091.796313 254.329058 1.0
109 1 590.390250 170.380128 682.645881 206.319707 1.0
109 1 816.601849 168.385416 917.949956 198.256973 1.0
109 2 1083.000686 156.844357 1193.866991 196.676134 1.0
109 1 543.248600 175.138154 613.436997 204.343317 1.0
109 1 237.218108 179.501423 329.367430 212.917113 1.0
109 1 568.351577 175.561803 593.543839 192.589781 1.0
109 1 527.793535 176.723173 557.493912 194.339337 1.0
110 1 945.790931 198.822008 1241.000000 374.000000 1.0
110 2 198.587955 182.470453 357.156485 245.198320 1.0
110 4 406.140487 168.249356 427.807153 234.598553 1.0
110 5 971.683049 165.080375 1103.235757 256.112226 1.0
110 1 577.589442 170.763169 671.436131 207.608967 1.0
110 1 807.759828 168.524736 909.605563 198.654820 1.0
110 2 1076.251357 156.827168 1187.298906 196.911705 1.0
110 1 553.842842 174.614214 623.406347 203.748490 1.0
110 1 241.394407 179.492071 335.275887 213.329915 1.0
110 1 568.216111 175.862775 593.540878 193.003644 1.0
110 1 526.928712 176.804272 556.804002 194.524741 1.0
111 1 963.737775 200.872478 1241.000000 374.000000 1.0
111 1 154.661790 183.401589 329.661371 251.862591 1.0
111 4 402.781046 167.937706 425.675498 235.434865 1.0
111 5 979.996007 164.682459 1115.947763 258.094636 1.0
111 1 564.183737 171.162713 659.679259 208.964470 1.0
111 1 798.289767 168.686523 900.838033 199.125075 1.0
111 2 1069.420085 156.809752 1180.644517 197.150277 1.0
111 1 563.858815 174.505985 632.012872 203.429488 1.0
111 2 245.802626 179.483362 341.153743 213.751295 1.0
111 1 568.078827 176.167813 593.537871 193.423093 1.0
111 1 526.053558 176.886344 556.106281 194.712363 1.0
112 1 980.337957 202.830904 1241.000000 374.000000 1.0
112 2 106.224898 184.446652 301.395926 259.888378 1.0
112 4 399.316808 167.615088 422.983475 236.300634 1.0
112 5 987.275303 164.329890 1127.167308 259.855490 1.0
112 1 550.026590 171.187289 647.437987 210.002879 1.0
112 1 788.664970 168.851741 891.869157 199.605586 1.0
112 2 1059.226161 156.848865 1169.979282 197.313109 1.0
112 1 573.851895 174.400038 640.416816 203.111850 1.0
112 1 250.452778 179.456020 347.000545 214.181315 1.0
112 1 567.939688 176.477002 593.534817 193.848239 1.0
112 1 525.167888 176.969406 555.400618 194.902243 1.0
113 1 998.573334 204.981893 1241.000000 374.000000 1.0
113 1 47.141584 185.662912 268.431028 269.652559 1.0
113 4 396.125830 168.155888 419.348936 237.891481 1.0
113 5 993.776116 164.723816 1136.866978 262.016227 1.0
113 1 535.117127 171.201298 634.567100 211.098659 1.0
113 1 778.879339 169.020422 882.695366 200.096636 1.0
113 2 1048.971915 156.888227 1159.245854 197.476952 1.0
113 1 583.820834 174.296276 648.624737 202.795627 1.0
113 1 258.198365 179.356681 355.017106 214.384531 1.0
113 1 567.798657 176.790425 593.531715 194.279201 1.0
113 1 524.877123 176.955824 555.220055 194.950344 1.0
114 1 1018.698013 207.453386 1241.000000 374.000000 1.0
114 1 0.000000 187.096402 229.503858 281.787799 1.0
114 4 392.555498 168.713460 414.888832 239.531705 1.0
114 5 1000.487791 165.073522 1146.929064 264.199018 1.0
114 1 519.388181 171.164904 621.022183 212.256612 1.0
114 1 768.926489 169.192602 873.313000 200.598516 1.0
114 2 1038.656812 156.927841 1148.443577 197.641816 1.0
114 1 593.764139 174.194607 656.643173 202.480876 1.0
114 1 266.293021 179.259008 362.863822 214.585931 1.0
114 1 567.655693 177.108171 593.528564 194.716098 1.0
114 1 524.584354 176.942149 555.038311 194.998776 1.0
115 1 1041.021636 210.429633 1241.000000 374.000000 1.0
115 1 0.000000 188.949544 187.336261 296.053430 1.0
115 4 389.472233 169.288596 413.856963 241.223638 1.0
115 5 1007.397123 163.748603 1157.344208 264.772489 1.0
115 1 504.176057 171.242522 608.092048 213.636821 1.0
115 1 758.799736 169.368314 863.718292 201.111523 1.0
115 2 1028.280310 156.967710 1137.571788 197.807711 1.0
115 1 603.680090 174.084590 664.478644 202.167656 1.0
115 1 274.743376 179.163068 370.543854 214.784925 1.0
115 1 567.510757 177.430330 593.525363 195.159054 1.0
115 1 524.289560 176.928379 554.855374 195.047543 1.0
116 1 1065.925396 213.748741 1241.000000 374.000000 1.0
116 1 0.000000 191.211968 135.818265 298.502106 1.0
116 5 387.233267 169.220969 413.233266 241.955589 1.0
116 5 1014.568404 164.418357 1168.202680 267.420720 1.0
116 1 488.052602 171.325948 594.424886 215.102590 1.0
116 1 748.037037 169.550742 853.524484 201.663379 1.0
116 2 1017.841857 157.007836 1126.629813 197.974645 1.0
116 1 612.224532 173.800434 671.590389 201.610743 1.0
116 1 283.733665 178.835097 377.923418 214.664367 1.0
116 1 567.363807 177.756994 593.522112 195.608196 1.0
116 1 523.992721 176.914512 554.671233 195.096648 1.0
117 1 1093.884036 217.474031 1241.000000 374.000000 1.0
117 1 0.000000 194.036280 71.459361 300.357953 1.0
117 4 384.836554 169.151823 409.685033 242.703995 1.0
117 5 1021.967147 163.885433 1179.469451 268.941405 1.0
117 1 470.926169 171.415794 579.962575 216.661953 1.0
117 1 737.057228 169.737093 843.090523 202.228567 1.0
117 2 1006.752058 157.129135 1114.859202 198.166074 1.0
117 1 620.625010 173.521802 678.555559 201.064265 1.0
117 2 293.081721 178.510415 385.085095 214.534258 1.0
117 1 567.214802 178.088258 593.518809 196.063653 1.0
117 1 523.693813 176.900549 554.485875 195.146096 1.0
118 5 382.312365 169.081106 405.645699 243.469419 1.0
118 5 1029.622422 163.277738 1191.191622 270.470533 1.0
118 1 453.807179 171.508158 566.026171 218.465785 1.0
118 1 725.851081 169.927426 832.411197 202.807500 1.0
118 2 995.622015 157.250858 1103.047953 198.358246 1.0
118 1 629.143991 173.235493 685.521289 200.460631 1.0
118 1 302.737495 178.171558 393.146857 214.245774 1.0
118 1 565.161271 175.351747 591.622753 193.367214 1.0
118 1 523.392817 176.886487 554.299289 195.195890 1.0
119 4 379.938626 169.008764 404.939383 244.252447 1.0
119 5 1037.564159 163.703705 1203.418863 273.125231 1.0
119 1 435.426394 171.608689 551.151318 220.405537 1.0
119 1 714.408906 170.121806 821.481085 203.400609 1.0
119 2 984.451498 157.373005 1091.195868 198.551167 1.0
119 1 637.489359 172.955772 692.321382 199.870491 1.0
119 1 312.617555 177.837311 402.498661 213.949094 1.0
119 1 565.061561 175.458129 591.579086 193.512778 1.0
119 1 523.089710 176.872326 554.111462 195.246033 1.0
120 4 377.507982 168.934740 403.841316 245.053693 1.0
120 5 1045.771267 162.735449 1216.135510 274.475587 1.0
120 1 415.630162 171.718399 535.247446 222.496958 1.0
120 1 701.670425 170.488496 809.521493 204.235465 1.0
120 2 973.240278 157.495581 1079.302748 198.744840 1.0
120 1 645.666372 172.682428 698.961626 199.293411 1.0
120 1 320.192701 177.507604 411.610093 213.644032 1.0
120 1 564.961412 175.564982 591.535238 193.658984 1.0
120 1 522.784470 176.858065 553.922382 195.296528 1.0
121 4 378.136114 168.858976 402.330115 245.873801 1.0
121 5 1054.290562 162.488773 1229.415699 276.650240 1.0
121 1 396.976031 171.849818 520.432590 224.740774 1.0
121 1 688.594789 170.863552 797.259634 205.094571 1.0
121 2 961.988121 157.618586 1067.368390 198.939270 1.0
121 1 651.180631 172.600698 701.337541 198.849300 1.0
121 1 327.741545 177.536570 420.513160 213.544298 1.0
121 1 564.860821 175.672308 591.491208 193.805835 1.0
121 1 522.477073 176.843703 553.732036 195.347381 1.0
122 4 378.804931 168.781408 400.471597 246.713444 1.0
122 5 1059.317430 161.380381 1237.310675 277.081849 1.0
122 1 376.794732 171.993984 504.528829 227.170264 1.0
122 1 675.166387 171.247225 784.686066 205.978925 1.0
122 2 948.871916 157.783705 1053.665572 199.174680 1.0
122 1 656.652232 172.522196 703.567718 198.414346 1.0
122 1 335.582388 177.567761 428.960203 213.432210 1.0
122 1 564.759785 175.780111 591.446995 193.953336 1.0
122 1 522.167498 176.829238 553.540411 195.398594 1.0
123 4 372.624061 168.701972 396.788053 247.573330 1.0
123 5 1064.464298 160.686978 1241.000000 277.803220 1.0
123 1 355.091912 172.366942 488.237036 230.199663 1.0
123 1 661.368700 171.639780 771.790880 206.889579 1.0
123 2 935.705434 157.949528 1039.922463 199.411210 1.0
123 1 661.786941 172.499459 707.138801 197.947004 1.0
123 1 343.719035 177.601000 436.963432 213.307571 1.0
123 1 564.658301 175.888393 591.402598 194.101491 1.0
123 1 521.948689 176.826721 553.404115 195.441257 1.0
124 4 366.019908 168.620599 392.353241 248.454199 1.0
124 5 1069.743244 161.021026 1241.000000 279.366465 1.0
124 1 331.268598 172.778763 470.582878 233.526404 1.0
124 1 647.688127 171.903942 759.205405 207.742950 1.0
124 2 922.487849 158.116042 1026.139506 199.648858 1.0
124 1 666.759439 172.477546 710.590685 197.495309 1.0
124 1 350.642009 177.644149 442.983493 213.120730 1.0
124 1 564.556366 175.997158 591.358016 194.250306 1.0
124 1 521.728814 176.824192 553.267188 195.484128 1.0
125 4 364.647322 168.537218 393.185565 249.356828 1.0
125 5 1075.145466 161.423172 1241.000000 281.012534 1.0
125 1 304.986025 173.235464 451.396732 237.196072 1.0
125 1 633.573819 172.175339 746.247571 208.625177 1.0
125 2 909.218334 158.283237 1012.317138 199.887624 1.0
125 1 671.577361 172.456419 713.929158 197.058492 1.0
125 1 357.779818 177.688340 448.653697 212.924699 1.0
125 1 564.453977 176.106409 591.313247 194.399783 1.0
125 1 521.507864 176.821650 553.129628 195.527208 1.0
126 4 364.535735 168.304463 394.869068 249.683359 1.0
126 5 1080.655733 160.606112 1241.000000 281.452330 1.0
126 1 277.436062 173.827943 432.604738 241.404413 1.0
126 1 619.002273 172.454237 732.903169 209.537664 1.0
126 2 895.896060 158.451101 998.455781 200.127506 1.0
126 1 676.447880 172.561520 716.924293 196.818934 1.0
126 1 365.127831 177.733440 453.988968 212.719689 1.0
126 1 564.351130 176.216150 591.268291 194.549928 1.0
126 1 521.285832 176.819096 552.991429 195.570500 1.0
127 4 361.592696 168.739834 390.890779 250.687242 1.0
127 5 1086.314198 160.938475 1241.000000 283.058332 1.0
127 1 246.632931 174.492056 412.020226 246.109234 1.0
127 1 603.948357 172.740918 719.157163 210.481905 1.0
127 2 882.523885 158.702814 984.666987 200.449728 1.0
127 1 681.202864 172.663851 719.824513 196.596604 1.0
127 1 371.696359 177.778733 457.835535 212.396899 1.0
127 1 564.247824 176.326384 591.223145 194.700746 1.0
127 1 521.062709 176.816530 552.852587 195.614004 1.0
128 4 358.328121 168.714547 386.328121 251.237464 1.0
128 5 1092.086011 159.821617 1241.000000 283.228106 1.0
128 1 214.856265 175.690989 391.597513 251.987676 1.0
128 1 588.385170 173.035680 704.993615 211.459490 1.0
128 2 869.105794 158.955497 970.832947 200.773504 1.0
128 1 685.846251 172.763525 722.634200 196.379647 1.0
128 1 378.424579 177.824421 461.381292 212.069123 1.0
128 1 564.144055 176.437113 591.177810 194.852239 1.0
128 1 520.838488 176.813950 552.713098 195.657722 1.0
129 4 356.541976 168.567228 384.998509 251.673531 1.0
129 5 1098.033186 160.992878 1241.000000 285.704859 1.0
129 1 178.681067 177.058035 368.950706 258.673502 1.0
129 1 574.002261 173.535304 692.390338 212.788079 1.0
129 2 855.640540 159.209107 956.954674 201.098810 1.0
129 1 689.553958 172.847823 724.440752 196.060776 1.0
129 1 385.301510 177.870380 464.644728 211.736872 1.0
129 1 564.039819 176.548342 591.132284 195.004414 1.0
129 1 520.613160 176.811358 552.572957 195.701656 1.0
130 4 354.866835 168.818970 383.533501 252.517840 1.0
130 5 1104.108198 161.015683 1241.000000 287.046994 1.0
130 1 138.158698 177.827788 345.777677 265.734388 1.0
130 1 559.039444 174.051638 679.328267 214.173188 1.0
130 2 842.126897 159.463604 943.033153 201.425621 1.0
130 1 693.149542 172.929360 726.176112 195.752092 1.0
130 1 392.314599 177.916484 467.644401 211.400703 1.0
130 1 563.935114 176.660073 591.086565 195.157275 1.0
130 1 520.386717 176.808753 552.432159 195.745808 1.0
131 4 352.657949 168.087030 381.952749 252.384813 1.0
131 5 1110.647398 160.738049 1241.000000 288.320972 1.0
131 1 90.903202 178.726228 319.713061 273.964316 1.0
131 1 543.458211 174.585523 665.784391 215.618364 1.0
131 2 828.563646 159.718947 929.069331 201.753910 1.0
131 1 695.306536 173.109436 727.091071 195.543393 1.0
131 1 397.077137 177.996147 466.975540 211.043912 1.0
131 1 563.829936 176.772311 591.040652 195.310826 1.0
131 1 520.159152 176.806135 552.290700 195.790178 1.0
132 4 350.483491 168.885803 380.150159 253.794536 1.0
132 5 1114.822559 161.132604 1241.000000 289.417818 1.0
132 1 35.317417 179.585925 292.160274 284.645055 1.0
132 1 527.216682 175.137862 651.734032 217.127448 1.0
132 2 815.398294 160.070698 915.733236 202.280479 1.0
132 1 697.394855 173.283390 727.973564 195.341508 1.0
132 1 402.128623 178.011068 466.030160 210.757605 1.0
132 1 563.724283 176.885058 590.994544 195.465073 1.0
132 1 519.930455 176.803504 552.148575 195.834770 1.0
133 4 349.062968 167.662242 378.355656 253.131195 1.0
133 5 1119.399002 161.579435 1241.000000 290.800944 1.0
133 1 0.000000 180.579006 260.249022 297.699582 1.0
133 1 510.269220 175.709628 637.150676 218.704617 1.0
133 2 802.117529 160.424882 902.298864 202.812285 1.0
133 3 1188.097245 126.479974 1241.000000 200.372786 1.0
133 1 699.417777 173.451528 728.825219 195.146107 1.0
133 1 407.432712 178.027870 464.841058 210.530306 1.0
133 1 563.618150 176.998319 590.948241 195.620019 1.0
133 1 519.684353 176.938193 551.953458 195.997542 1.0
134 4 347.590180 167.459796 376.256847 253.498734 1.0
134 5 1124.051419 161.480640 1241.000000 291.655032 1.0
134 1 0.000000 181.740583 222.865007 313.345330 1.0
134 1 493.898868 176.013059 623.514447 220.206373 1.0
134 2 788.719217 160.781499 888.765791 203.349384 1.0
134 3 1163.226408 126.378678 1241.000000 200.689413 1.0
134 1 701.378371 173.614136 729.647563 194.956879 1.0
134 1 409.915360 178.105910 462.435564 210.311715 1.0
134 1 563.511535 177.112096 590.901739 195.775670 1.0
134 1 519.437505 177.073293 551.757783 196.160810 1.0
135 4 347.019425 168.522861 374.643258 255.142294 1.0
135 5 1128.791950 161.458336 1241.000000 292.603615 1.0
135 1 0.000000 183.117722 178.478106 316.252558 1.0
135 1 476.657838 176.329897 609.231510 221.790748 1.0
135 2 774.415959 161.442101 874.598393 204.295209 1.0
135 3 1138.469096 126.276314 1241.000000 201.004469 1.0
135 1 703.279512 173.771484 730.442025 194.773534 1.0
135 1 412.487341 178.183411 459.974799 210.088770 1.0
135 1 563.404434 177.226393 590.855040 195.932030 1.0
135 1 519.189906 177.208805 551.561547 196.324574 1.0
136 4 346.292201 168.700556 372.625534 255.906329 1.0
136 5 1133.637104 162.387724 1241.000000 294.523791 1.0
136 1 0.000000 184.776823 124.928506 318.441324 1.0
136 1 458.469705 176.661027 594.259158 223.464576 1.0
136 2 759.932346 162.109322 860.249177 205.255856 1.0
136 3 1113.824537 126.172868 1241.000000 201.317964 1.0
136 1 704.906807 174.114961 730.502972 194.744747 1.0
136 1 415.233099 178.672011 458.304697 210.282837 1.0
136 1 563.296845 177.341214 590.808140 196.089104 1.0
136 1 518.941554 177.344732 551.364746 196.488838 1.0
137 4 342.884290 169.247630 371.666434 257.048573 1.0
137 5 1138.594292 164.554251 1241.000000 297.702048 1.0
137 1 0.000000 186.814701 59.065520 319.808630 1.0
137 1 439.249057 177.007419 578.550600 225.235460 1.0
137 2 745.262966 162.783151 845.717007 206.231540 1.0
137 3 1092.090822 126.066526 1241.000000 201.523425 1.0
137 1 706.485574 174.446254 730.555261 194.716633 1.0
137 1 416.548771 179.180737 453.919250 210.505069 1.0
137 1 563.188763 177.456562 590.761039 196.246898 1.0
137 1 518.692444 177.481074 551.167380 196.653603 1.0
138 4 339.242886 171.216450 370.242885 259.623996 1.0
138 5 1143.599423 163.824307 1241.000000 297.998621 1.0
138 1 418.900172 177.370137 562.054476 227.111889 1.0
138 2 730.556900 162.774970 831.600417 206.717888 1.0
138 3 1070.474715 125.960358 1241.000000 201.727681 1.0
138 1 708.017909 174.765993 730.599613 194.689156 1.0
138 1 417.963830 179.678693 452.053905 210.712679 1.0
138 1 563.080185 177.572441 590.713736 196.405416 1.0
138 1 518.442574 177.617834 550.969445 196.818872 1.0
139 4 338.263944 169.978566 369.725115 258.948781 1.0
139 5 1148.704180 163.246121 1241.000000 298.467160 1.0
139 1 397.315374 177.750357 544.714246 229.103370 1.0
139 2 715.535285 162.767926 817.163036 207.215153 1.0
139 3 1048.975263 125.854369 1241.000000 201.930742 1.0
139 1 709.505765 175.074765 730.786993 194.662285 1.0
139 1 414.186398 179.607871 452.663183 210.270233 1.0
139 1 562.971108 177.688855 590.666228 196.564663 1.0
139 1 518.191940 177.755014 550.770939 196.984647 1.0
140 4 337.000253 170.149073 368.666920 259.692483 1.0
140 5 1153.932291 164.089007 1241.000000 300.379706 1.0
140 1 377.252559 178.277238 529.631394 231.572562 1.0
140 2 699.922224 163.385564 802.026278 208.322606 1.0
140 3 1027.591524 125.748569 1241.000000 202.132619 1.0
140 1 710.941854 175.373116 731.880883 194.635992 1.0
140 1 410.020592 179.541021 453.131397 209.827873 1.0
140 1 562.861529 177.805807 590.618516 196.724644 1.0
140 1 517.940537 177.892615 550.571859 197.150930 1.0
141 4 333.203877 171.232143 365.503289 261.358317 1.0
141 5 1159.251569 164.199895 1241.000000 301.580204 1.0
141 1 355.731289 178.834428 513.627798 234.224836 1.0
141 2 683.990555 164.013444 786.580531 209.455849 1.0
141 3 1007.504016 125.644527 1241.000000 202.263034 1.0
141 1 711.632687 175.243634 732.273299 194.179512 1.0
141 1 406.041239 179.478138 453.448665 209.386196 1.0
141 1 562.751444 177.923301 590.570597 196.885364 1.0
141 1 517.688364 178.030640 550.372204 197.317725 1.0
142 4 329.508577 169.716640 362.175245 260.427046 1.0
142 5 1164.671873 163.999906 1241.000000 302.491076 1.0
142 1 332.580071 179.424652 496.621280 237.081040 1.0
142 2 667.727203 164.651697 770.820000 210.615541 1.0
142 3 987.548310 125.539963 1241.000000 202.392519 1.0
142 1 712.301713 175.118497 732.652539 193.738291 1.0
142 1 398.962017 179.498811 448.473704 209.187228 1.0
142 1 562.640849 178.041342 590.522471 197.046829 1.0
142 1 517.435416 178.169091 550.171970 197.485032 1.0
143 4 328.264205 170.531303 360.569827 261.839148 1.0
143 5 1170.203743 163.933436 1241.000000 303.558123 1.0
143 1 307.599750 180.050982 478.519289 240.165315 1.0
143 2 652.143399 164.718608 756.246087 211.401232 1.0
143 3 967.723109 125.434871 1241.000000 202.521087 1.0
143 1 712.949948 174.997491 733.019256 193.311577 1.0
143 1 391.994275 179.519891 443.528464 208.987842 1.0
143 1 562.497071 178.040602 590.402322 197.063099 1.0
143 1 517.181689 178.307970 549.971155 197.652856 1.0
144 4 327.096522 169.733364 358.763188 261.642687 1.0
144 5 1175.844526 163.642524 1241.000000 304.423427 1.0
144 1 280.557741 180.716890 459.217224 243.505760 1.0
144 2 636.082827 164.787967 741.241747 212.211866 1.0
144 3 948.027144 125.329248 1241.000000 202.648745 1.0
144 1 713.578347 174.880415 733.374061 192.898665 1.0
144 1 385.138206 179.541382 438.610287 208.788178 1.0
144 1 562.353036 178.039861 590.281974 197.079397 1.0
144 1 516.927180 178.447278 549.769757 197.821197 1.0
145 4 326.333611 170.251746 356.970325 262.773718 1.0
145 5 1181.602130 163.393462 1241.000000 305.354445 1.0
145 1 251.180650 181.426322 438.596365 247.135291 1.0
145 2 619.519537 164.816983 725.791626 213.048527 1.0
145 3 928.459145 125.223090 1241.000000 202.775504 1.0
145 1 714.187807 174.767080 733.717524 192.498896 1.0
145 1 378.394043 179.563287 433.716633 208.588376 1.0
145 1 562.208744 178.039118 590.161424 197.095725 1.0
145 1 516.671886 178.581818 549.567772 197.990058 1.0
146 4 325.593097 170.088119 354.926431 263.229293 1.0
146 5 1187.469006 162.530645 1241.000000 305.695095 1.0
146 1 219.640180 182.108499 417.718654 251.234531 1.0
146 2 602.425840 164.799805 709.879469 213.912362 1.0
146 3 909.017881 125.116393 1241.000000 202.901373 1.0
146 1 714.779170 174.657309 734.050180 192.111653 1.0
146 1 371.762050 179.585607 428.845083 208.388581 1.0
146 1 562.064193 178.038374 590.040672 197.112082 1.0
146 1 516.415803 178.713670 549.365199 198.159442 1.0
147 4 323.477773 170.970752 352.773059 264.742029 1.0
147 1 184.868394 182.843025 395.192258 255.755802 1.0
147 2 584.772155 164.782907 693.488026 214.804585 1.0
147 1 889.702118 125.507527 1220.256915 203.026361 1.0
147 1 715.101343 174.538790 734.213656 191.703704 1.0
147 1 360.463222 179.715141 421.366598 208.307591 1.0
147 1 561.919383 178.037629 589.919719 197.128469 1.0
147 1 516.158926 178.845906 549.162034 198.329352 1.0
148 4 322.120606 168.909206 351.120606 263.022760 1.0
148 1 148.391198 184.015646 372.898198 261.452176 1.0
148 2 567.194966 165.144950 677.809255 216.377757 1.0
148 3 870.510647 125.933705 1196.472172 203.150478 1.0
148 1 715.413642 174.424172 734.371622 191.309056 1.0
148 1 349.428404 179.845571 413.753043 208.217244 1.0
148 1 561.774314 178.036882 589.798562 197.144885 1.0
148 1 515.888016 178.845970 548.925376 198.346385 1.0
149 4 319.864339 170.454666 350.558797 264.922469 1.0
149 1 107.537359 185.290623 348.599847 267.836049 1.0
149 2 548.827660 165.525936 661.482781 218.024730 1.0
149 4 851.442270 126.356692 1172.865730 203.273733 1.0
149 1 715.716522 174.313266 734.524347 190.927069 1.0
149 1 338.671660 179.976890 405.994793 208.118650 1.0
149 1 561.628984 178.036134 589.677203 197.161331 1.0
149 1 515.616632 178.846035 548.688328 198.363448 1.0
150 4 317.582809 169.484451 349.916144 264.302006 1.0
150 1 61.458802 186.682174 322.019707 275.039171 1.0
150 2 529.610895 165.927249 644.472270 219.750541 1.0
150 3 834.716389 126.773520 1152.316065 203.461865 1.0
150 1 716.010408 174.205896 734.672079 190.557143 1.0
150 1 328.206529 180.109083 398.083939 208.012982 1.0
150 1 561.483393 178.035385 589.555640 197.177806 1.0
150 1 515.344773 178.846099 548.450890 198.380542 1.0
151 4 316.588357 170.775913 347.952871 265.952810 1.0
151 1 11.660826 187.319807 295.303637 282.341712 1.0
151 2 509.479488 166.350400 626.738380 221.560689 1.0
151 3 818.025327 127.187588 1131.907947 203.649619 1.0
151 1 716.295701 174.101895 734.815051 190.198716 1.0
151 1 318.045813 180.242128 390.014247 207.901457 1.0
151 1 561.337540 178.034635 589.433873 197.194310 1.0
151 1 515.072436 178.846163 548.213061 198.397665 1.0
152 4 315.680392 170.116747 346.013725 265.649351 1.0
152 1 0.000000 188.026314 265.658016 290.777138 1.0
152 2 488.361677 166.797039 608.238416 223.461188 1.0
152 3 801.368827 127.598919 1111.640086 203.836996 1.0
152 1 717.162597 174.286080 735.456525 190.139902 1.0
152 1 307.097176 180.393524 378.736803 207.872220 1.0
152 1 561.191424 178.033883 589.311901 197.210845 1.0
152 1 514.799622 178.846228 547.974840 198.414818 1.0
153 4 313.606935 169.689378 346.469575 265.580913 1.0
153 1 0.000000 188.813491 232.582285 296.356992 1.0
153 2 466.818099 166.125887 590.315219 224.668559 1.0
153 3 784.746638 128.007535 1091.511205 204.023994 1.0
153 1 718.004977 174.464784 736.078900 190.082835 1.0
153 1 296.282493 180.542968 367.604707 207.843359 1.0
153 1 561.045046 178.033130 589.189724 197.227409 1.0
153 1 514.526328 178.846292 547.736225 198.432002 1.0
153 1 578.388966 176.753290 601.336052 194.565129 1.0
154 4 311.732276 168.645211 347.065609 264.895755 1.0
154 1 0.000000 189.695998 195.454140 297.207769 1.0
154 2 443.878272 165.409965 571.376480 225.953696 1.0
154 3 769.283021 128.379636 1073.260633 204.275293 1.0
154 1 718.823866 174.638245 736.683014 190.027436 1.0
154 1 285.599335 180.690498 356.615152 207.814869 1.0
154 1 560.898403 178.032375 589.067341 197.244004 1.0
154 1 514.252554 178.846357 547.497217 198.449215 1.0
154 1 578.330608 176.750251 601.289196 194.573968 1.0
155 4 311.766878 170.216078 344.134853 266.838703 1.0
155 1 0.000000 191.435378 154.148527 298.903532 1.0
155 2 421.365310 165.639765 553.058519 228.540343 1.0
155 3 753.803598 128.750289 1055.089672 204.526991 1.0
155 1 719.620233 174.806692 737.269661 189.973635 1.0
155 1 275.045328 180.836149 345.765404 207.786740 1.0
155 1 560.751495 178.031619 588.944752 197.260628 1.0
155 1 513.978298 178.846422 547.257813 198.466460 1.0
155 1 578.272171 176.747208 601.242280 194.582818 1.0
155 1 536.534917 179.568475 564.293569 196.165583 1.0
156 4 311.600330 169.666371 340.933661 266.655264 1.0
156 1 0.000000 193.436599 106.582596 300.247404 1.0
156 2 397.163094 165.890882 533.510527 231.324479 1.0
156 3 738.308070 129.119489 1036.998100 204.779083 1.0
156 1 720.394995 174.970339 737.839587 189.921362 1.0
156 1 264.618162 180.979959 335.052803 207.758967 1.0
156 1 560.604323 178.030862 588.821956 197.277282 1.0
156 1 513.703559 178.846487 547.018013 198.483734 1.0
156 1 578.213657 176.744161 601.195305 194.591680 1.0
156 1 536.357163 179.570660 564.135135 196.176993 1.0
157 4 310.317417 171.407732 341.013103 268.775910 1.0
157 1 0.000000 195.763781 51.221737 301.208429 1.0
157 2 371.060327 166.165950 512.616127 234.328902 1.0
157 3 723.107207 129.666598 1019.408755 205.192497 1.0
157 1 254.315570 181.121961 324.474745 207.731542 1.0
157 1 560.456883 178.030103 588.698953 197.293967 1.0
157 1 513.428336 178.846552 546.777816 198.501039 1.0
157 1 578.155066 176.741109 601.148270 194.600555 1.0
157 1 536.179213 179.572848 563.976536 196.188416 1.0
158 4 308.941796 171.834915 340.941797 269.579644 1.0
158 2 342.809835 166.468016 490.242911 237.580054 1.0
158 3 707.873479 130.211024 1001.904322 205.607466 1.0
158 1 244.343850 182.464220 314.422014 208.983592 1.0
158 1 560.309178 178.029343 588.575743 197.310682 1.0
158 1 513.272972 178.847141 546.640009 198.509840 1.0
158 1 578.096396 176.738054 601.101175 194.609441 1.0
158 1 536.001066 179.575038 563.817772 196.199852 1.0
159 4 308.244534 172.140504 339.609666 270.264199 1.0
159 2 314.818504 166.584864 469.366765 241.277634 1.0
159 3 692.606133 130.752738 984.484834 206.023979 1.0
159 1 234.461927 183.792858 304.469508 210.222661 1.0
159 1 560.161204 178.028581 588.452324 197.327427 1.0
159 1 513.117477 178.847731 546.502094 198.518648 1.0
159 1 578.037649 176.734995 601.054021 194.618338 1.0
159 1 535.822723 179.577230 563.658842 196.211300 1.0
160 4 307.563822 171.099519 338.230489 269.598114 1.0
160 2 283.983115 166.717454 446.702198 245.349896 1.0
160 3 677.304437 131.291713 967.150281 206.442025 1.0
160 1 224.668633 185.108082 294.615695 211.448940 1.0
160 1 560.012962 178.027819 588.328696 197.344202 1.0
160 1 512.961853 178.848321 546.364071 198.527463 1.0
160 1 577.978823 176.731931 601.006807 194.627248 1.0
160 1 535.644182 179.579424 563.499747 196.222761 1.0
161 4 305.956645 170.598284 337.987330 269.477163 1.0
161 2 249.827896 166.868415 422.023097 249.856010 1.0
161 3 661.952368 131.827922 949.900602 206.861591 1.0
161 1 214.962820 186.410094 284.859078 212.662621 1.0
161 1 559.864452 178.027054 588.204858 197.361008 1.0
161 1 512.806098 178.848912 546.225939 198.536286 1.0
161 1 577.919918 176.728864 600.959533 194.636170 1.0
161 1 535.465445 179.581621 563.340486 196.234235 1.0
162 4 304.486189 170.718844 337.819523 269.984259 1.0
162 2 211.766116 167.040953 395.062322 254.868308 1.0
162 3 648.316178 132.227139 935.574080 207.329367 1.0
162 1 205.343362 187.699095 275.198182 213.863889 1.0
162 1 559.715671 178.026289 588.080811 197.377845 1.0
162 1 512.650213 178.849503 546.087699 198.545116 1.0
162 1 577.926667 176.728152 600.965261 194.636076 1.0
162 1 535.286509 179.583820 563.181059 196.245721 1.0
163 4 302.810206 171.159114 337.510661 270.815987 1.0
163 2 173.004286 166.968326 369.584016 260.517704 1.0
163 3 634.566703 132.626952 921.216609 207.802564 1.0
163 1 559.566620 178.025522 587.956554 197.394712 1.0
163 1 512.494198 178.850094 545.949350 198.553954 1.0
163 1 577.933416 176.727441 600.970989 194.635982 1.0
163 1 535.107376 179.586021 563.021466 196.257220 1.0
164 4 300.881122 171.726093 336.881123 271.778411 1.0
164 2 128.910237 167.300419 341.371506 267.343040 1.0
164 3 620.716410 133.027154 906.830387 208.281177 1.0
164 1 559.417298 178.024753 587.832085 197.411610 1.0
164 1 512.338051 178.850687 545.810892 198.562799 1.0
164 1 577.940166 176.726730 600.976718 194.635888 1.0
164 1 534.928044 179.588225 562.861705 196.268732 1.0
165 4 299.680620 171.786624 338.176981 271.842498 1.0
165 2 80.429252 167.798934 312.969723 276.056539 1.0
165 3 606.762473 133.427544 892.417458 208.765195 1.0
165 1 559.267703 178.023984 587.707405 197.428539 1.0
165 1 512.181774 178.851279 545.672325 198.571651 1.0
165 1 577.946916 176.726018 600.982447 194.635795 1.0
165 1 534.748514 179.590431 562.701778 196.280257 1.0
166 4 298.248499 171.847159 339.248499 271.906589 1.0
166 2 23.303592 168.390681 280.787576 286.295185 1.0
166 3 592.702102 133.827927 877.979731 209.254602 1.0
166 1 559.117836 178.023213 587.582513 197.445499 1.0
166 1 512.025365 178.851872 545.533650 198.580511 1.0
166 1 577.953666 176.725306 600.988176 194.635701 1.0
166 1 534.568785 179.592639 562.541684 196.291794 1.0
167 4 299.720610 171.907697 339.049795 271.970684 1.0
167 2 0.000000 169.102415 244.037315 298.495919 1.0
167 3 578.532521 134.228114 863.518947 209.749372 1.0
167 1 558.967696 178.022440 587.457408 197.462489 1.0
167 1 511.868825 178.852466 545.394865 198.589379 1.0
167 1 577.960417 176.724595 600.993906 194.635607 1.0
167 1 534.388856 179.594850 562.381422 196.303344 1.0
168 4 300.949256 171.968240 338.615923 272.034783 1.0
168 2 0.000000 168.617309 206.589089 310.393466 1.0
168 3 565.453061 134.481966 851.045746 210.301135 1.0
168 1 558.960995 178.022529 587.451161 197.463435 1.0
168 1 511.863129 178.852485 545.389596 198.590081 1.0
168 1 577.967169 176.723883 600.999636 194.635513 1.0
168 1 534.371766 179.595006 562.364680 196.303795 1.0
169 4 300.093441 172.028787 335.422960 272.098887 1.0
169 2 0.000000 168.995742 162.400139 312.476851 1.0
169 3 552.215959 134.737612 838.458881 210.862326 1.0
169 1 558.954293 178.022617 587.444914 197.464380 1.0
169 1 511.857431 178.852505 545.384327 198.590783 1.0
169 1 577.973921 176.723171 601.005366 194.635419 1.0
169 1 534.354676 179.595162 562.347936 196.304245 1.0
170 4 299.483392 172.089337 332.483394 272.162995 1.0
170 2 0.000000 169.493932 109.486374 313.799425 1.0
170 3 538.816039 134.833173 825.760151 211.433013 1.0
170 1 558.947591 178.022706 587.438667 197.465326 1.0
170 1 511.851734 178.852525 545.379057 198.591485 1.0
170 1 577.980674 176.722460 601.011097 194.635325 1.0
170 1 534.337585 179.595318 562.331192 196.304696 1.0
171 4 300.216743 172.149891 335.380066 272.227107 1.0
171 2 0.000000 170.113033 44.999044 314.257474 1.0
171 3 525.248057 134.527782 812.951206 212.013252 1.0
171 1 558.940888 178.022795 587.432419 197.466272 1.0
171 1 511.846036 178.852545 545.373787 198.592187 1.0
171 1 577.987427 176.721748 601.016828 194.635231 1.0
171 1 534.320493 179.595474 562.314448 196.305146 1.0
172 4 301.184242 172.210450 338.517576 272.291223 1.0
172 3 511.506698 134.217606 800.033536 212.603090 1.0
172 1 558.934185 178.022884 587.426170 197.467217 1.0
172 1 511.840337 178.852565 545.368517 198.592889 1.0
172 1 577.994180 176.721036 601.022559 194.635138 1.0
172 1 534.303401 179.595630 562.297703 196.305597 1.0
173 4 301.238474 172.264088 338.726848 272.345264 1.0
173 3 498.783120 133.922676 788.923818 213.466088 1.0
173 1 558.927481 178.022973 587.419921 197.468163 1.0
173 1 511.834638 178.852584 545.363247 198.593592 1.0
173 1 578.000934 176.720324 601.028291 194.635044 1.0
173 1 534.286308 179.595786 562.280957 196.306047 1.0
174 4 300.469314 172.269508 338.135980 272.361248 1.0
174 3 485.835506 133.622095 777.642563 214.350165 1.0
174 1 558.920776 178.023061 587.413672 197.469109 1.0
174 1 511.828939 178.852604 545.357976 198.594294 1.0
174 1 578.007689 176.719612 601.034023 194.634950 1.0
174 1 534.269214 179.595942 562.264211 196.306498 1.0
175 4 301.776537 172.268004 337.116799 272.367153 1.0
175 3 472.654984 133.315998 766.189785 215.255829 1.0
175 1 558.914071 178.023150 587.407422 197.470055 1.0
175 1 511.823240 178.852624 545.352704 198.594996 1.0
175 1 578.014444 176.718900 601.039755 194.634856 1.0
175 1 534.252120 179.596098 562.247464 196.306948 1.0
176 4 302.838472 172.266500 335.838472 272.373059 1.0
176 3 459.232359 133.004535 754.565342 216.183592 1.0
176 1 558.907365 178.023239 587.401171 197.471001 1.0
176 1 511.817540 178.852644 545.347433 198.595699 1.0
176 1 578.021199 176.718188 601.045488 194.634762 1.0
176 1 534.235025 179.596254 562.230717 196.307399 1.0
177 4 302.219275 172.264996 335.225343 272.378966 1.0
177 3 445.558116 132.687874 742.768933 217.133962 1.0
177 1 558.900659 178.023328 587.394920 197.471948 1.0
177 1 511.811839 178.852664 545.342161 198.596401 1.0
177 1 578.027955 176.717476 601.051221 194.634668 1.0
177 1 534.217930 179.596410 562.213969 196.307850 1.0
178 4 301.374162 172.263491 334.374161 272.384874 1.0
178 3 431.622397 132.366198 730.800073 218.107447 1.0
178 1 558.893952 178.023417 587.388669 197.472894 1.0
178 1 511.806138 178.852683 545.336888 198.597104 1.0
178 1 578.034712 176.716763 601.056954 194.634574 1.0
178 1 534.200834 179.596567 562.197221 196.308300 1.0
179 4 300.577837 172.261987 334.917238 272.390783 1.0
179 3 417.415000 132.039712 718.658094 219.104553 1.0
179 1 558.887245 178.023506 587.382416 197.473840 1.0
179 1 511.800437 178.852703 545.331616 198.597806 1.0
179 1 578.041469 176.716051 601.062688 194.634480 1.0
179 1 534.183738 179.596723 562.180472 196.308751 1.0
180 4 299.576387 172.260482 335.243054 272.396693 1.0
180 3 402.586142 131.530486 707.074595 220.372895 1.0
180 1 558.880537 178.023594 587.376164 197.474787 1.0
180 1 511.794736 178.852723 545.326343 198.598509 1.0
180 1 578.048226 176.715339 601.068422 194.634386 1.0
180 1 534.166641 179.596879 562.163723 196.309202 1.0
181 4 301.102864 172.258976 335.776087 272.402603 1.0
181 3 387.332476 131.006907 695.225481 221.685555 1.0
181 1 558.873828 178.023683 587.369911 197.475733 1.0
181 1 511.789034 178.852743 545.321069 198.599212 1.0
181 1 578.054984 176.714627 601.074157 194.634292 1.0
181 1 534.149543 179.597035 562.146973 196.309652 1.0
182 4 302.445144 172.257471 336.111809 272.408515 1.0
182 3 371.630649 130.468711 683.106348 223.044418 1.0
182 1 558.867119 178.023772 587.363657 197.476680 1.0
182 1 511.783332 178.852763 545.315796 198.599914 1.0
182 1 578.061742 176.713914 601.079892 194.634198 1.0
182 1 534.132445 179.597191 562.130222 196.310103 1.0
183 4 303.128610 172.255965 335.968130 272.414427 1.0
183 3 355.455815 129.915636 670.712430 224.451453 1.0
183 1 558.860409 178.023861 587.357403 197.477626 1.0
183 1 511.777629 178.852782 545.310522 198.600617 1.0
183 1 578.068501 176.713202 601.085627 194.634104 1.0
183 1 534.115346 179.597347 562.113471 196.310554 1.0
184 4 303.647100 172.254459 335.647100 272.420340 1.0
184 3 338.781505 129.347418 658.038561 225.908719 1.0
184 1 558.853699 178.023950 587.351148 197.478573 1.0
184 1 511.771926 178.852802 545.305247 198.601320 1.0
184 1 578.075260 176.712489 601.091362 194.634010 1.0
184 1 534.098246 179.597503 562.096720 196.311004 1.0
185 4 300.987245 172.252953 335.993123 272.426254 1.0
185 3 322.294277 128.111527 646.586178 227.334740 1.0
185 1 558.846988 178.024039 587.344893 197.479520 1.0
185 1 511.766222 178.852822 545.299972 198.602023 1.0
185 1 578.082020 176.711777 601.097098 194.633917 1.0
185 1 534.081146 179.597660 562.079967 196.311455 1.0
186 4 298.182256 172.251447 336.182256 272.432169 1.0
186 3 305.143880 126.819087 634.750706 228.825930 1.0
186 1 1191.372542 163.953843 1241.000000 199.601400 1.0
186 1 558.840276 178.024128 587.338637 197.480467 1.0
186 1 511.760518 178.852842 545.294697 198.602726 1.0
186 1 578.088781 176.711064 601.102834 194.633823 1.0
186 1 534.064045 179.597816 562.063215 196.311906 1.0
187 4 299.344515 172.249940 337.018163 272.438085 1.0
187 3 287.280073 125.466920 622.520844 230.386252 1.0
187 1 1175.615548 164.021040 1241.000000 199.713909 1.0
187 1 558.833564 178.024217 587.332381 197.481414 1.0
187 1 511.754814 178.852862 545.289422 198.603429 1.0
187 1 578.095541 176.710352 601.108571 194.633729 1.0
187 1 534.046944 179.597972 562.046461 196.312357 1.0
188 4 300.383944 172.248433 337.717279 272.444001 1.0
188 3 268.647805 124.051612 609.884367 232.019975 1.0
188 1 1160.009085 164.088241 1241.000000 199.825287 1.0
188 1 558.826851 178.024306 587.326124 197.482361 1.0
188 1 511.749110 178.852881 545.284146 198.604132 1.0
188 1 578.102303 176.709639 601.114308 194.633635 1.0
188 1 534.029842 179.598128 562.029708 196.312807 1.0
189 4 300.369722 172.246926 337.043245 272.449919 1.0
189 3 249.186640 122.569493 596.828028 233.731707 1.0
189 1 1144.551004 164.155445 1241.000000 199.935550 1.0
189 1 558.820138 178.024394 587.319867 197.483308 1.0
189 1 511.743405 178.852901 545.278870 198.604835 1.0
189 1 578.109065 176.708926 601.120045 194.633541 1.0
189 1 534.012740 179.598284 562.012953 196.313258 1.0
190 4 300.252166 172.245419 336.252167 272.455837 1.0
190 3 228.770548 121.010888 584.330312 236.040262 1.0
190 1 1129.239203 164.222652 1241.000000 200.044715 1.0
190 1 558.813424 178.024483 587.313609 197.484256 1.0
190 1 511.737699 178.852921 545.273593 198.605538 1.0
190 1 578.115827 176.708214 601.125782 194.633447 1.0
190 1 533.995637 179.598440 561.996198 196.313709 1.0
191 4 300.192377 172.166220 337.248655 272.513847 1.0
191 3 207.204213 119.362072 571.320880 238.490991 1.0
191 1 1114.071612 164.289862 1241.000000 200.152799 1.0
191 1 558.806710 178.024572 587.307351 197.485203 1.0
191 1 511.731993 178.852941 545.268316 198.606241 1.0
191 1 578.122590 176.707501 601.131520 194.633353 1.0
191 1 533.978533 179.598597 561.979443 196.314160 1.0
192 4 300.169711 171.999610 338.169712 272.484295 1.0
192 3 184.372654 117.615687 557.776506 241.096306 1.0
192 1 1103.300904 164.356069 1241.000000 200.267514 1.0
192 1 558.799995 178.024661 587.301092 197.486150 1.0
192 1 511.726287 178.852961 545.263039 198.606944 1.0
192 1 578.094999 176.707705 601.104920 194.633952 1.0
192 1 533.961429 179.598753 561.962687 196.314611 1.0
193 4 297.690136 172.314968 336.416131 272.939993 1.0
193 3 160.145731 115.763527 543.671855 243.870065 1.0
193 1 1092.590100 164.485765 1236.929783 200.381558 1.0
193 1 558.817645 178.023641 587.315080 197.484573 1.0
193 1 511.720580 178.852981 545.257761 198.607648 1.0
193 1 578.067407 176.707909 601.078319 194.634551 1.0
193 1 533.944324 179.598909 561.945931 196.315062 1.0
194 4 294.911367 171.206294 334.244701 271.963537 1.0
194 3 134.375577 113.796410 528.979242 246.827791 1.0
194 1 1081.938703 164.712300 1224.852220 200.494938 1.0
194 1 558.835294 178.022620 587.329066 197.482996 1.0
194 1 511.714874 178.853000 545.252483 198.608351 1.0
194 1 578.039813 176.708114 601.051717 194.635150 1.0
194 1 533.927218 179.599065 561.929174 196.315513 1.0
195 4 296.088373 172.158392 335.149736 273.060470 1.0
195 3 106.664148 111.109636 514.770736 250.302569 1.0
195 1 1071.346217 164.937466 1212.847726 200.607658 1.0
195 1 558.852943 178.021600 587.343052 197.481420 1.0
195 1 511.709166 178.853020 545.247205 198.609054 1.0
195 1 578.012219 176.708318 601.025114 194.635750 1.0
195 1 533.910112 179.599221 561.912416 196.315963 1.0
196 4 297.154724 171.659478 335.821391 272.698214 1.0
196 3 76.687638 108.202523 499.817124 254.070786 1.0
196 1 1060.812160 165.161274 1200.915647 200.719724 1.0
196 1 558.870590 178.020579 587.357037 197.479843 1.0
196 1 511.703458 178.853040 545.241927 198.609758 1.0
196 1 577.984623 176.708522 600.998510 194.636349 1.0
196 1 533.893006 179.599377 561.895658 196.316414 1.0
197 4 300.740110 171.673550 336.300191 272.852333 1.0
197 3 44.127591 105.047914 484.069417 258.169480 1.0
197 1 1050.336042 165.383736 1189.055321 200.831143 1.0
197 1 558.888237 178.019559 587.371021 197.478266 1.0
197 1 511.697750 178.853060 545.236648 198.610461 1.0
197 1 577.957026 176.708726 600.971905 194.636948 1.0
197 1 533.875898 179.599534 561.878899 196.316865 1.0
198 4 304.391061 171.943788 336.724394 273.264450 1.0
198 3 10.365509 102.368846 469.776100 263.508714 1.0
198 1 1043.096411 165.523767 1180.832759 200.887588 1.0
198 1 558.905882 178.018539 587.385004 197.476690 1.0
198 1 511.692042 178.853080 545.231368 198.611165 1.0
198 1 577.929428 176.708931 600.945298 194.637548 1.0
198 1 533.857257 179.599675 561.861492 196.317598 1.0
199 4 301.564733 172.008407 333.781544 273.470137 1.0
199 3 0.000000 99.435273 454.679474 269.391310 1.0
199 1 1035.887188 165.663155 1172.647935 200.943784 1.0
199 1 558.923527 178.017518 587.398986 197.475113 1.0
199 1 511.686333 178.853100 545.226088 198.611868 1.0
199 1 577.901828 176.709135 600.918691 194.638147 1.0
199 1 533.838614 179.599816 561.844084 196.318331 1.0
200 4 298.454865 172.256256 330.454864 273.860445 1.0
200 3 0.000000 96.208404 438.717828 275.901706 1.0
200 1 1028.708181 165.801906 1164.500588 200.999733 1.0
200 1 558.941170 178.016498 587.412968 197.473537 1.0
200 1 511.680623 178.853119 545.220808 198.612572 1.0
200 1 577.874227 176.709339 600.892082 194.638747 1.0
200 1 533.819970 179.599957 561.826675 196.319064 1.0
201 4 296.277556 172.072728 328.702058 273.817358 1.0
201 3 0.000000 92.369986 423.516729 281.053135 1.0
201 1 1021.559202 165.940023 1156.390465 201.055436 1.0
201 1 558.958812 178.015478 587.426949 197.471961 1.0
201 1 511.674914 178.853139 545.215528 198.613276 1.0
201 1 577.846626 176.709544 600.865473 194.639346 1.0
201 1 533.801325 179.600098 561.809265 196.319796 1.0
202 4 294.006382 171.544176 326.756381 273.427779 1.0
202 3 0.000000 90.856497 407.302779 283.417351 1.0
202 1 1014.440062 166.077510 1148.317309 201.110895 1.0
202 1 558.976454 178.014458 587.440929 197.470384 1.0
202 1 511.669204 178.853159 545.210247 198.613979 1.0
202 1 577.819023 176.709748 600.838862 194.639946 1.0
202 1 533.782678 179.600239 561.791854 196.320529 1.0
203 4 293.923352 171.587363 326.984853 273.478328 1.0
203 3 0.000000 89.575621 389.980788 285.579513 1.0
203 1 1010.666908 166.060152 1144.105787 201.071028 1.0
203 1 558.994094 178.013438 587.454908 197.468808 1.0
203 1 511.728262 178.851327 545.263319 198.611334 1.0
203 1 577.755145 176.710412 600.776628 194.640673 1.0
203 1 533.718702 179.600888 561.729784 196.321303 1.0
204 4 293.854498 171.630563 327.187832 273.528877 1.0
204 3 0.000000 88.569115 371.442171 287.490799 1.0
204 1 1006.898216 166.042834 1139.901656 201.031199 1.0
204 1 559.011734 178.012418 587.468886 197.467232 1.0
204 1 511.787316 178.849496 545.316387 198.608690 1.0
204 1 577.691268 176.711076 600.714394 194.641401 1.0
204 1 533.654725 179.601538 561.667713 196.322077 1.0
205 4 293.069869 171.673776 326.589931 273.579424 1.0
205 3 0.000000 88.184517 354.855410 289.849396 1.0
205 1 1003.133975 166.025557 1135.704901 200.991406 1.0
205 1 559.029372 178.011398 587.482864 197.465656 1.0
205 1 511.846366 178.847664 545.369451 198.606045 1.0
205 1 577.627390 176.711740 600.652159 194.642129 1.0
205 1 533.590748 179.602187 561.605642 196.322851 1.0
206 4 292.369244 171.717001 326.035911 273.629970 1.0
206 3 0.000000 88.044926 336.975982 292.000881 1.0
206 1 999.374174 166.008321 1131.515503 200.951650 1.0
206 1 559.047010 178.010379 587.496841 197.464081 1.0
206 1 511.905412 178.845833 545.422512 198.603401 1.0
206 1 577.563512 176.712404 600.589924 194.642856 1.0
206 1 533.526769 179.602837 561.543570 196.323625 1.0
207 4 292.715692 171.760239 324.569158 273.680514 1.0
207 3 0.000000 88.172956 317.651011 293.906965 1.0
207 1 995.618805 165.991124 1127.333448 200.911931 1.0
207 1 559.064646 178.009359 587.510817 197.462505 1.0
207 1 511.964455 178.844001 545.475569 198.600756 1.0
207 1 577.499633 176.713068 600.527689 194.643584 1.0
207 1 533.462790 179.603486 561.481497 196.324400 1.0
208 4 293.217288 171.803490 323.217287 273.731058 1.0
208 3 0.000000 88.589241 296.702068 295.529096 1.0
208 1 991.867855 165.973968 1123.158716 200.872248 1.0
208 1 559.082282 178.008339 587.524792 197.460929 1.0
208 1 512.023493 178.842170 545.528622 198.598112 1.0
208 1 577.435753 176.713732 600.465453 194.644312 1.0
208 1 533.398810 179.604136 561.419424 196.325174 1.0
209 4 291.196349 171.846753 324.047506 273.781601 1.0
209 3 0.000000 88.518130 276.513674 296.840117 1.0
209 1 990.162542 166.144889 1121.222041 201.016950 1.0
209 1 559.099916 178.007319 587.538766 197.459354 1.0
209 1 512.082527 178.840339 545.581672 198.595468 1.0
209 1 577.371874 176.714396 600.403217 194.645040 1.0
209 1 533.334829 179.604786 561.357350 196.325948 1.0
210 4 289.398630 171.890030 325.065296 273.832142 1.0
210 3 0.000000 88.677212 254.439457 297.906328 1.0
210 1 988.459214 166.315526 1119.288182 201.161516 1.0
210 1 559.117550 178.006300 587.552740 197.457778 1.0
210 1 512.141556 178.838508 545.634718 198.592825 1.0
210 1 577.307993 176.715060 600.340981 194.645767 1.0
210 1 533.270847 179.605435 561.295276 196.326722 1.0
211 4 290.174346 171.933318 327.695403 273.882683 1.0
211 3 0.000000 89.079080 230.205080 298.704658 1.0
211 1 986.757869 166.485878 1117.357136 201.305947 1.0
211 1 559.135182 178.005280 587.566713 197.456203 1.0
211 1 512.200582 178.836677 545.687760 198.590181 1.0
211 1 577.244112 176.715724 600.278745 194.646495 1.0
211 1 533.206865 179.606085 561.233201 196.327496 1.0
212 4 290.746602 171.976620 330.079937 273.933222 1.0
212 3 0.000000 89.733726 203.480012 299.214208 1.0
212 1 985.058501 166.655947 1115.428895 201.450243 1.0
212 1 559.152814 178.004261 587.580684 197.454627 1.0
212 1 512.259604 178.834847 545.740799 198.587538 1.0
212 1 577.180231 176.716388 600.216508 194.647223 1.0
212 1 533.142881 179.606734 561.171126 196.328270 1.0
213 4 289.572174 172.019934 330.095245 273.983760 1.0
213 3 0.000000 90.424721 176.145760 300.328524 1.0
213 1 983.361107 166.825733 1113.503456 201.594403 1.0
213 1 559.170445 178.003242 587.594656 197.453052 1.0
213 1 512.318622 178.833016 545.793834 198.584895 1.0
213 1 577.116350 176.717052 600.154271 194.647950 1.0
213 1 533.078897 179.607384 561.109050 196.329044 1.0
214 4 288.261206 172.063261 329.927873 274.034297 1.0
214 3 0.000000 91.269868 145.506316 301.265425 1.0
214 1 981.665683 166.995238 1111.580813 201.738429 1.0
214 1 559.188074 178.002222 587.608626 197.451477 1.0
214 1 512.377636 178.831186 545.846865 198.582252 1.0
214 1 577.052468 176.717716 600.092033 194.648678 1.0
214 1 533.014912 179.608033 561.046973 196.329818 1.0
215 4 289.717861 172.106601 329.242144 274.084833 1.0
215 3 0.000000 92.269817 110.925010 302.014774 1.0
215 1 979.972225 167.164460 1109.660959 201.882320 1.0
215 1 559.205703 178.001203 587.622595 197.449902 1.0
215 1 512.436645 178.829355 545.899892 198.579609 1.0
215 1 576.988585 176.718380 600.029796 194.649406 1.0
215 1 532.950926 179.608683 560.984895 196.330592 1.0
216 4 291.109107 172.149953 328.442441 274.135368 1.0
216 3 0.000000 93.112223 71.590359 302.964528 1.0
216 1 979.862919 167.134009 1109.532106 201.850172 1.0
216 1 559.223330 178.000184 587.636564 197.448327 1.0
216 1 512.495651 178.827525 545.952916 198.576966 1.0
216 1 576.924702 176.719044 599.967558 194.650134 1.0
216 1 532.886940 179.609333 560.922817 196.331367 1.0
217 4 290.200092 172.193318 326.721709 274.185901 1.0
217 1 979.753630 167.103563 1109.403273 201.818029 1.0
217 1 559.240957 177.999165 587.650532 197.446752 1.0
217 1 512.554653 178.825695 546.005937 198.574324 1.0
217 1 576.860818 176.719708 599.905319 194.650861 1.0
217 1 532.822953 179.609982 560.860739 196.332141 1.0
218 4 289.290306 172.236695 324.956971 274.236434 1.0
218 1 979.644355 167.073122 1109.274461 201.785891 1.0
218 1 559.206236 177.999494 587.704218 197.449311 1.0
218 1 512.516488 178.825970 545.970718 198.575529 1.0
218 1 576.827741 176.719893 599.874161 194.651784 1.0
218 1 532.788170 179.610274 560.828270 196.333143 1.0
219 4 289.013056 172.280086 325.533574 274.286965 1.0
219 1 979.535097 167.042686 1109.145668 201.753757 1.0
219 1 559.171557 177.999823 587.757877 197.451868 1.0
219 1 512.478320 178.826244 545.935496 198.576734 1.0
219 1 576.794661 176.720078 599.843001 194.652707 1.0
219 1 532.753385 179.610566 560.795798 196.334145 1.0
220 4 288.804802 172.323489 326.138136 274.337495 1.0
220 1 979.425855 167.012254 1109.016896 201.721629 1.0
220 1 559.136921 178.000153 587.811511 197.454423 1.0
220 1 512.440148 178.826519 545.900271 198.577939 1.0
220 1 576.761579 176.720263 599.811838 194.653631 1.0
220 1 532.718597 179.610858 560.763324 196.335148 1.0
221 4 290.326900 172.366904 328.514905 274.388024 1.0
221 1 979.316629 166.981828 1108.888145 201.689506 1.0
221 1 559.102328 178.000483 587.865119 197.456976 1.0
221 1 512.401973 178.826793 545.865043 198.579144 1.0
221 1 576.728494 176.720448 599.780673 194.654554 1.0
221 1 532.683806 179.611150 560.730847 196.336150 1.0
222 4 291.985929 172.410332 330.985930 274.438552 1.0
222 1 979.207418 166.951406 1108.759414 201.657387 1.0
222 1 559.067777 178.000814 587.918700 197.459528 1.0
222 1 512.363794 178.827068 545.829811 198.580349 1.0
222 1 576.695406 176.720633 599.749505 194.655477 1.0
222 1 532.649012 179.611442 560.698367 196.337152 1.0
223 4 291.309602 172.453773 330.831747 274.489079 1.0
223 1 979.098224 166.920989 1108.630703 201.625274 1.0
223 1 559.033270 178.001146 587.972255 197.462077 1.0
223 1 512.325612 178.827343 545.794577 198.581555 1.0
223 1 576.662315 176.720818 599.718335 194.656400 1.0
223 1 532.614215 179.611734 560.665885 196.338155 1.0
224 4 290.833687 172.497227 330.833687 274.539604 1.0
224 1 978.989045 166.890576 1108.502012 201.593165 1.0
224 1 558.998806 178.001478 588.025783 197.464625 1.0
224 1 512.287426 178.827617 545.759340 198.582760 1.0
224 1 576.629221 176.721003 599.687163 194.657324 1.0
224 1 532.579416 179.612026 560.633401 196.339158 1.0
225 4 289.956609 172.540693 329.645842 274.590129 1.0
225 1 978.879882 166.860169 1108.373342 201.561061 1.0
225 1 558.964386 178.001810 588.079285 197.467171 1.0
225 1 512.249237 178.827892 545.724099 198.583966 1.0
225 1 576.596125 176.721189 599.655988 194.658247 1.0
225 1 532.544613 179.612319 560.600914 196.340160 1.0
226 4 288.848076 172.584172 328.181411 274.640652 1.0
226 1 978.770735 166.829766 1108.244692 201.528962 1.0
226 1 558.930009 178.002143 588.132759 197.469715 1.0
226 1 512.211043 178.828167 545.688856 198.585172 1.0
226 1 576.563026 176.721374 599.624811 194.659171 1.0
226 1 532.509808 179.612611 560.568424 196.341163 1.0
227 4 289.186596 172.627663 327.875307 274.691174 1.0
227 1 978.661604 166.799368 1108.116062 201.496868 1.0
227 1 558.895676 178.002477 588.186207 197.472257 1.0
227 1 512.172847 178.828441 545.653610 198.586377 1.0
227 1 576.529925 176.721559 599.593631 194.660095 1.0
227 1 532.474999 179.612903 560.535932 196.342166 1.0
228 4 289.362430 172.671167 327.362430 274.741694 1.0
228 1 978.552489 166.768975 1107.987453 201.464779 1.0
228 1 558.861387 178.002811 588.239628 197.474797 1.0
228 1 512.134647 178.828716 545.618360 198.587583 1.0
228 1 576.496820 176.721744 599.562449 194.661019 1.0
228 1 532.440188 179.613195 560.503437 196.343169 1.0
229 4 288.334764 172.714684 329.189256 274.792214 1.0
229 1 978.443389 166.738586 1107.858864 201.432695 1.0
229 1 558.827142 178.003145 588.293021 197.477336 1.0
229 1 512.096443 178.828991 545.583107 198.588789 1.0
229 1 576.463713 176.721929 599.531265 194.661942 1.0
229 1 532.405373 179.613487 560.470940 196.344172 1.0
230 4 287.210080 172.758213 330.876747 274.842732 1.0
230 1 978.334306 166.708203 1107.730295 201.400616 1.0
230 1 558.792942 178.003480 588.346388 197.479872 1.0
230 1 512.058236 178.829266 545.547852 198.589996 1.0
230 1 576.430604 176.722115 599.500078 194.662866 1.0
230 1 532.370556 179.613780 560.438440 196.345175 1.0
231 4 288.481561 172.801755 329.839049 274.893249 1.0
231 1 978.225238 166.677824 1107.601746 201.368542 1.0
231 1 558.758786 178.003816 588.399726 197.482407 1.0
231 1 512.020025 178.829541 545.512593 198.591202 1.0
231 1 576.397491 176.722300 599.468888 194.663790 1.0
231 1 532.335736 179.614072 560.405938 196.346179 1.0
232 4 289.724362 172.845309 328.724361 274.943765 1.0
232 1 978.116186 166.647450 1107.473218 201.336472 1.0
232 1 558.724674 178.004152 588.453037 197.484940 1.0
232 1 511.981810 178.829815 545.477331 198.592408 1.0
232 1 576.364376 176.722485 599.437697 194.664714 1.0
232 1 532.300913 179.614364 560.373433 196.347182 1.0
