0 1 894.768323 190.650299 1241.000000 374.000000 1.0
0 1 292.437316 176.913677 331.777285 197.466970 1.0
1 1 880.106634 190.173318 1241.000000 374.000000 1.0
1 1 285.843327 175.734031 326.595526 196.783746 1.0
2 1 866.581546 189.734306 1241.000000 374.000000 1.0
2 1 278.933162 176.461573 321.186012 198.036447 1.0
3 1 854.066047 189.328905 1241.000000 374.000000 1.0
3 1 271.670578 177.226240 315.520329 199.353063 1.0
4 1 842.451378 188.953397 1241.000000 374.000000 1.0
4 1 264.027908 178.030947 309.579840 200.738615 1.0
5 1 831.643863 188.604595 1241.000000 374.000000 1.0
5 1 255.974510 178.878923 303.344058 202.198660 1.0
6 1 821.333837 187.337916 1241.000000 374.000000 1.0
6 1 246.346775 179.705091 295.689001 203.661121 1.0
6 1 276.432623 179.030816 319.963003 199.372952 1.0
7 1 811.756294 186.753052 1230.610208 374.000000 1.0
7 1 236.180418 180.577446 287.639985 205.205428 1.0
7 1 268.118532 180.809344 313.319919 201.691683 1.0
8 1 802.878261 189.891797 1190.147643 374.000000 1.0
8 1 225.901754 179.255363 279.596515 204.588404 1.0
8 1 259.511322 179.652510 306.484713 201.070939 1.0
9 1 794.483870 185.445058 1154.319055 374.000000 1.0
9 1 215.015309 177.855164 271.117588 203.934880 1.0
9 1 250.437366 178.418814 299.306604 200.416521 1.0
10 1 788.209778 185.668133 1131.214288 369.712004 1.0
10 1 203.465534 176.369717 262.166859 203.241519 1.0
10 1 240.857641 177.116362 291.759123 199.725613 1.0
11 1 782.252432 183.442241 1098.272028 353.478189 1.0
11 1 192.891357 177.627758 254.344016 205.332699 1.0
11 1 230.728648 175.739243 283.813008 198.995077 1.0
12 1 778.103109 183.280152 1076.606969 345.133950 1.0
12 1 181.643434 178.966173 246.066814 207.557218 1.0
12 1 222.158522 177.228977 277.446773 201.135395 1.0
13 1 774.175909 182.388094 1056.868653 336.337349 1.0
13 1 169.655240 180.392916 237.294494 209.928249 1.0
13 1 213.097505 178.804366 270.744674 203.398413 1.0
14 4 770.452133 180.770478 1038.807942 327.059544 1.0
14 1 156.851198 181.790196 227.981275 212.460756 1.0
14 1 203.502164 180.473014 263.679422 205.794990 1.0
15 1 766.996705 184.755332 1022.380647 327.287381 1.0
15 1 143.145073 183.252455 218.075549 215.171816 1.0
15 1 193.323787 182.092349 256.220693 208.337308 1.0
16 1 762.166600 184.018914 1004.048751 320.001880 1.0
16 1 127.899877 183.340381 207.128768 216.410977 1.0
16 1 182.507553 183.797888 248.334686 211.039075 1.0
17 1 757.598223 183.322205 987.219927 313.318193 1.0
17 1 111.530595 183.434150 195.454292 217.741592 1.0
17 1 174.138470 183.745482 242.723974 211.843824 1.0
18 1 753.270861 182.662079 971.716594 307.164709 1.0
18 1 93.908079 183.534365 182.977115 219.174174 1.0
18 1 160.144694 183.880170 232.223628 212.935396 1.0
19 1 749.165932 182.035727 957.388089 301.480746 1.0
19 1 74.882615 183.641712 169.611564 220.720910 1.0
19 1 145.181023 184.023285 221.066052 214.102658 1.0
20 1 745.266716 181.440622 944.105744 296.214541 1.0
20 1 54.279643 183.756980 155.259315 222.396012 1.0
20 1 129.142998 184.175644 209.187550 215.353766 1.0
21 1 740.419976 181.936285 930.040288 292.498576 1.0
21 1 31.614639 183.873678 139.181694 224.153299 1.0
21 1 111.910604 184.338171 196.515921 216.698091 1.0
22 1 735.824881 182.406141 917.021897 289.058732 1.0
22 1 1192.179611 167.565265 1241.000000 374.000000 1.0
22 1 3.687565 184.018944 119.442866 226.275202 1.0
22 1 92.303094 186.719837 182.035971 220.644767 1.0
23 1 731.462340 182.852153 904.937823 285.865333 1.0
23 1 1147.132426 165.750009 1241.000000 374.000000 1.0
23 1 0.000000 184.162121 100.028218 228.131557 1.0
23 1 71.863905 185.823194 167.183955 221.018626 1.0
24 1 727.315147 183.276094 893.690943 282.892808 1.0
24 1 1108.345956 163.931183 1241.000000 374.000000 1.0
24 1 0.000000 184.343243 75.798369 229.562243 1.0
24 1 49.685630 184.859165 151.215252 221.424312 1.0
25 1 723.367754 183.679563 883.197145 280.119007 1.0
25 1 1074.599820 162.108327 1241.000000 374.000000 1.0
25 1 0.000000 184.527133 51.311306 229.507264 1.0
25 1 25.536449 183.819859 133.999001 221.866068 1.0
26 1 719.523371 184.223991 872.601668 277.534834 1.0
26 1 1044.971485 160.280979 1241.000000 374.000000 1.0
26 1 0.000000 182.696100 115.383064 222.340425 1.0
27 1 714.011516 184.733611 860.225031 275.128044 1.0
27 1 1018.750578 158.448671 1241.000000 374.000000 1.0
27 1 0.000000 184.320965 93.002039 225.858209 1.0
28 1 709.668553 185.222968 849.846339 272.874114 1.0
28 1 995.857237 156.209442 1241.000000 374.000000 1.0
28 1 0.000000 186.093163 68.590501 228.538400 1.0
29 1 705.528183 185.689551 840.113948 270.761085 1.0
29 1 975.455942 161.120125 1241.000000 374.000000 1.0
29 1 0.000000 188.033685 41.858999 230.235718 1.0
30 1 701.576554 186.134913 830.969308 268.776144 1.0
30 1 957.061864 161.052075 1241.000000 374.000000 1.0
31 1 694.462966 185.385887 819.135672 265.343608 1.0
31 1 933.234272 160.673035 1241.000000 374.000000 1.0
32 1 687.659741 184.670027 807.986216 262.106350 1.0
32 1 911.388639 157.060449 1241.000000 374.000000 1.0
33 1 681.147048 183.985168 797.463174 259.048180 1.0
33 1 891.343417 158.330892 1241.000000 374.000000 1.0
34 1 674.906712 183.329333 787.515106 256.154651 1.0
34 1 872.801729 153.093748 1241.000000 374.000000 1.0
35 1 668.922047 182.700706 778.096049 253.412827 1.0
35 1 855.702671 155.547144 1241.000000 374.000000 1.0
36 1 661.651564 182.575792 765.709191 251.174481 1.0
36 1 834.788385 156.408246 1241.000000 374.000000 1.0
37 1 654.708091 182.456459 754.023612 249.063919 1.0
37 1 815.352279 157.158913 1241.000000 374.000000 1.0
38 1 648.070049 182.342343 742.981397 247.070502 1.0
38 1 797.243010 158.030293 1219.692891 374.000000 1.0
39 1 641.717720 182.233107 732.530839 245.184740 1.0
39 1 780.329218 159.028919 1169.740749 374.000000 1.0
40 1 635.633046 182.128445 722.625625 243.398142 1.0
40 1 764.496324 159.922862 1124.937842 374.000000 1.0
41 1 628.509286 182.543979 712.500492 242.394715 1.0
41 1 748.347959 161.414736 1078.231726 365.685579 1.0
42 1 621.663131 182.943195 702.867142 241.439485 1.0
42 1 733.361784 162.741103 1036.721081 355.374997 1.0
43 1 615.078674 183.327039 693.690576 240.529056 1.0
43 1 719.416692 163.928058 999.584681 346.179517 1.0
46 1 596.895940 184.432084 668.917005 238.204305 1.0
46 1 682.188689 166.826486 908.411550 323.978835 1.0
47 1 591.338422 184.799882 661.549967 237.602221 1.0
47 1 670.841498 167.616622 883.224638 318.034945 1.0
48 1 585.955864 185.156024 654.465299 237.022913 1.0
48 1 660.141830 168.342596 860.087004 312.580300 1.0
49 1 581.710268 183.332945 648.786503 233.824247 1.0
49 1 650.035806 169.011918 838.758312 307.556885 1.0
50 1 577.596028 181.566621 643.319738 230.744288 1.0
50 1 640.475360 169.630971 819.034386 302.915504 1.0
51 1 573.828761 180.379757 637.682119 228.627169 1.0
51 1 632.767098 169.952115 801.576180 297.946280 1.0
52 1 570.173894 179.207556 632.243063 226.585324 1.0
52 1 625.487312 170.249220 785.427060 293.356968 1.0
53 1 566.626469 178.075901 626.992261 224.614809 1.0
53 1 618.601242 170.524887 770.445104 289.105604 1.0
54 1 563.395540 180.447067 622.171684 226.210781 1.0
54 1 612.077788 170.781357 756.508196 285.156184 1.0
55 1 560.256825 182.538656 617.512280 227.752911 1.0
55 1 605.889043 171.020566 743.510674 281.477645 1.0
55 1 244.309392 181.670045 285.508367 201.034387 1.0
56 1 557.881263 182.806751 613.312206 227.349763 1.0
56 1 601.733066 171.499931 733.285629 278.039040 1.0
56 1 239.589583 182.120653 282.009512 201.889701 1.0
57 1 555.570418 183.067766 609.241213 226.959299 1.0
57 1 597.794310 171.946959 723.751335 274.836531 1.0
57 1 234.688269 182.587329 278.385693 202.777946 1.0
58 1 554.118397 182.552159 606.211052 225.662739 1.0
58 1 594.056178 172.364815 714.840083 271.846610 1.0
58 1 229.493677 182.223534 274.536883 202.781294 1.0
59 1 552.705500 182.049998 603.272261 224.406394 1.0
59 1 590.503725 172.756266 706.492735 269.048789 1.0
59 1 224.091320 181.846289 270.545538 202.784766 1.0
60 1 551.330172 181.560763 600.420763 223.188424 1.0
60 2 587.123449 173.123737 698.657407 266.425130 1.0
60 1 218.468472 181.454835 266.403595 202.788371 1.0
61 2 551.970692 179.909332 603.272105 223.511486 1.0
61 1 583.112772 173.707055 690.651182 264.506884 1.0
61 1 212.724192 180.709009 262.212580 202.473968 1.0
62 1 550.192624 180.956094 600.002761 223.782267 1.0
62 2 579.267676 174.260263 683.058743 262.689173 1.0
62 1 206.724120 179.898168 257.849963 202.145546 1.0
63 2 548.468459 181.856822 596.847058 224.043460 1.0
63 1 575.578116 174.785634 675.848819 260.964295 1.0
63 1 198.634296 179.673610 251.655070 202.432410 1.0
64 1 546.795786 182.692700 593.799171 224.295563 1.0
64 2 572.034841 175.285216 668.993215 259.325316 1.0
64 1 190.297167 179.940798 245.314631 203.236578 1.0
64 2 360.562070 169.402958 387.449418 193.791589 1.0
65 1 545.172334 183.504366 590.853663 224.539041 1.0
65 1 568.629321 175.760865 662.466437 257.765975 1.0
65 1 181.299602 182.514424 238.462879 206.526352 1.0
65 2 355.450028 170.024040 383.609084 195.240606 1.0
66 1 545.423518 184.000227 589.145203 224.120248 1.0
66 1 566.119817 179.031009 657.320542 259.255939 1.0
66 1 172.325260 185.542900 231.732006 210.467799 1.0
66 2 349.821776 174.032076 379.372303 200.146121 1.0
66 6 749.0 152.0 1023.0 245.0 1.0
67 1 545.379270 184.475977 587.515090 223.721276 1.0
67 1 563.698535 181.987766 652.396017 260.681009 1.0
67 1 162.460202 187.917062 224.299427 213.734375 1.0
67 2 344.379967 176.046588 375.399337 203.114137 1.0
68 1 544.784453 184.932822 585.958004 223.340740 1.0
68 1 561.047259 178.262196 647.292112 255.053174 1.0
68 1 152.700890 184.708052 217.068869 210.864724 1.0
68 2 337.708927 172.067898 370.388902 200.143119 1.0
69 1 544.169224 180.968731 584.417466 217.892592 1.0
69 1 558.486236 174.524754 642.399207 249.660779 1.0
69 1 142.413391 181.342031 209.484284 207.839653 1.0
69 2 330.516122 167.778374 365.015583 196.939596 1.0
70 1 543.892933 181.330070 583.555435 217.768396 1.0
70 1 556.010936 170.938535 637.704485 244.489353 1.0
70 1 131.330043 179.222170 201.320888 206.408281 1.0
70 2 323.197868 163.388733 359.646439 193.675928 1.0
71 1 543.625128 181.682385 582.717554 217.647755 1.0
71 1 554.698028 172.180288 634.638464 244.396779 1.0
71 1 120.076610 179.413865 193.207856 207.378239 1.0
71 2 315.197105 163.925682 353.797806 195.449293 1.0
72 1 543.365450 182.026012 581.902813 217.530515 1.0
72 1 553.424032 173.377826 631.681723 244.307542 1.0
72 1 108.161273 179.616862 184.665913 208.405288 1.0
72 2 306.517553 164.508168 347.493653 197.373211 1.0
73 1 543.395206 182.160014 581.531093 217.314515 1.0
73 1 552.187243 174.533470 628.828523 244.221464 1.0
73 1 95.523854 179.832191 175.660136 209.494621 1.0
73 2 297.068991 165.142240 340.678618 199.467702 1.0
74 1 543.424533 182.291615 581.166781 217.102976 1.0
74 1 550.986054 175.649380 626.073518 244.138381 1.0
74 1 81.756866 181.293558 165.853115 211.945977 1.0
74 2 286.744467 165.835064 333.287986 201.756503 1.0
75 1 543.453446 182.420881 580.809654 216.895760 1.0
75 1 549.818951 176.727570 623.411724 244.058139 1.0
75 1 67.799348 178.888498 156.092312 210.463126 1.0
75 2 275.936982 164.826570 325.772920 202.461649 1.0
76 1 550.200788 176.587887 622.018189 242.943635 1.0
76 1 53.403463 178.699782 146.181489 211.290166 1.0
76 2 264.047127 163.717005 317.577140 203.237465 1.0
76 3 850.0 43.0 1237.0 341.0 1.0
77 1 550.574448 176.452032 620.661210 241.860747 1.0
77 1 38.051848 178.498478 135.687580 212.172153 1.0
77 2 250.903687 162.490375 308.603807 204.095137 1.0
77 2 873.0 81.0 1240.0 331.0 1.0
78 1 550.940211 176.319852 619.339337 240.808151 1.0
78 1 21.646020 178.283285 124.557599 213.114752 1.0
78 2 236.297327 161.127123 298.736798 205.048344 1.0
79 1 551.298348 176.191202 618.051198 239.784595 1.0
79 1 4.073487 178.052714 112.731944 214.124436 1.0
79 2 219.823543 159.081772 287.706690 205.591135 1.0
79 1 1012.0 83.0 1240.0 307.0 1.0
80 1 551.649116 176.065946 616.795494 238.788895 1.0
80 1 0.000000 177.805056 100.143320 215.033958 1.0
80 2 200.478475 157.047020 274.770494 206.467278 1.0
81 1 553.310885 175.921291 617.246515 237.792355 1.0
81 1 0.000000 177.041544 86.137532 215.491231 1.0
81 2 178.551148 154.740371 260.320912 207.460460 1.0
82 1 554.586022 175.780387 617.685016 236.822418 1.0
82 1 0.000000 176.313670 71.142865 215.352891 1.0
82 2 152.983160 152.942222 243.643194 209.440068 1.0
83 1 555.824882 175.643092 618.111480 235.878033 1.0
83 1 0.000000 175.621957 55.050806 214.852497 1.0
83 2 123.473226 150.866543 224.754437 211.725187 1.0
84 1 557.032118 175.509269 618.526365 234.958206 1.0
84 1 0.000000 174.918886 37.736369 214.357637 1.0
84 1 89.033449 148.443705 203.183834 214.392453 1.0
85 1 558.208954 175.378791 618.930109 234.061991 1.0
85 1 0.000000 174.203546 19.054835 213.867663 1.0
85 2 43.959199 144.992030 174.763039 217.123057 1.0
86 1 559.120289 175.083205 619.100508 233.048727 1.0
86 1 0.000000 142.011727 141.509622 221.485321 1.0
87 1 560.009671 174.794706 619.266817 232.059890 1.0
87 2 0.000000 139.427506 102.070133 225.218415 1.0
88 3 560.877884 174.513041 619.429184 231.094609 1.0
88 2 0.000000 140.025989 54.541441 226.164962 1.0
89 1 561.725676 174.237970 619.587746 230.152051 1.0
90 1 562.553757 173.969265 619.742636 229.231424 1.0
91 1 562.923048 174.079325 619.376016 228.629064 1.0
92 1 563.282939 174.186596 619.018695 228.042050 1.0
93 1 563.633783 174.291182 618.670323 227.469802 1.0
94 1 563.975917 174.393183 618.330567 226.911771 1.0
95 1 564.309663 174.492694 617.999113 226.367433 1.0
96 1 564.663493 172.768261 617.628734 223.917594 1.0
97 1 565.008427 171.089534 617.267302 221.534725 1.0
98 1 566.176702 173.304415 617.745041 223.080623 1.0
98 1 277.201941 168.670866 320.926451 188.123306 1.0
99 1 567.314656 175.462193 618.209619 224.585236 1.0
99 1 270.250441 171.906554 315.401782 191.798304 1.0
99 1 304.988502 170.739070 341.755174 189.356439 1.0
100 1 568.423484 177.565034 618.661543 226.050183 1.0
100 1 263.188786 172.135141 309.833196 192.483352 1.0
100 1 299.430532 172.121325 337.305261 191.123172 1.0
101 1 568.978388 177.715113 618.575642 225.572198 1.0
101 1 255.688597 173.989430 303.923316 194.817011 1.0
101 1 293.639520 173.561545 332.681172 192.964008 1.0
102 1 569.519842 177.861475 618.491100 225.106362 1.0
102 1 247.827681 175.932994 297.749650 197.262950 1.0
102 1 287.600495 175.063455 327.872479 194.883708 1.0
103 1 570.048360 178.004257 618.407877 224.652218 1.0
103 1 239.579368 177.972439 291.294136 199.829470 1.0
103 1 311.326460 177.207200 348.373203 195.157305 1.0
103 1 281.297175 176.631105 322.867902 196.887452 1.0
104 1 570.564433 178.143587 618.325931 224.209330 1.0
104 1 230.496562 177.757603 284.153983 200.171730 1.0
104 1 305.813687 177.139887 343.966755 195.445711 1.0
104 1 274.711823 178.268908 317.655223 198.980882 1.0
105 1 571.068527 178.279589 618.245227 223.777284 1.0
105 1 220.938756 177.531524 276.669353 200.531894 1.0
105 1 300.078011 177.069855 339.394950 195.745782 1.0
105 1 267.314525 178.079738 311.766197 199.280597 1.0
106 1 571.770240 177.957744 618.320562 222.850647 1.0
106 1 210.867689 177.293294 268.814698 200.911407 1.0
106 1 294.105636 176.996937 334.648301 196.058240 1.0
106 1 259.559535 177.881424 305.613538 199.594809 1.0
107 1 572.453562 177.644331 618.393922 221.948310 1.0
107 1 200.240877 177.041908 260.561887 201.311869 1.0
107 1 287.881601 176.920950 329.716585 196.383868 1.0
107 1 251.420266 177.673285 299.179139 199.924597 1.0
108 1 573.119209 177.339024 618.465384 221.069330 1.0
108 1 189.011012 176.776243 251.879857 201.735065 1.0
108 1 281.389655 176.841697 324.588761 196.723516 1.0
108 1 242.867429 177.454573 292.443197 200.271146 1.0
109 1 573.767855 177.041512 618.535019 220.212813 1.0
109 1 176.562837 177.401401 242.318838 203.129237 1.0
109 1 274.568678 177.418718 319.265631 197.762531 1.0
109 1 233.868681 177.224461 285.384003 200.635770 1.0
110 1 574.400145 176.751501 618.602899 219.377906 1.0
110 1 163.323971 178.066310 232.204091 204.611999 1.0
110 1 267.424447 178.023052 313.710262 198.850802 1.0
110 1 224.244615 177.919831 277.875501 201.965656 1.0
111 1 575.494865 177.666760 619.199676 219.813256 1.0
111 1 149.216606 178.774886 221.486080 206.192074 1.0
111 1 259.933425 178.656686 307.907114 199.991917 1.0
111 1 214.085502 178.653868 269.984286 203.369504 1.0
112 1 576.565186 178.561625 619.783147 220.238896 1.0
112 1 134.152383 179.531575 210.109177 207.879365 1.0
112 1 252.069733 179.321805 301.839236 201.189821 1.0
112 1 203.345446 179.429887 261.680330 204.853663 1.0
113 1 577.611913 179.436769 620.353753 220.655149 1.0
113 1 118.030529 180.341452 198.010699 209.685171 1.0
113 1 243.804850 180.020813 295.488088 202.448862 1.0
113 1 191.973152 180.251597 252.930387 206.425226 1.0
114 1 578.635819 180.292837 620.911913 221.062320 1.0
114 1 100.109316 179.894382 184.664635 210.343844 1.0
114 1 234.811929 178.951076 288.608311 201.977801 1.0
114 1 179.911095 181.075586 243.697533 208.092149 1.0
115 1 579.637643 181.053345 621.458031 221.460706 1.0
115 1 80.785061 179.412257 170.381426 211.054109 1.0
115 2 225.323414 177.822445 281.383108 201.480768 1.0
115 1 166.422292 179.674957 233.445876 207.534013 1.0
116 1 580.158974 180.883750 621.572224 220.876683 1.0
116 2 59.886281 178.890784 155.058772 211.822272 1.0
116 1 215.297177 176.629918 273.785795 200.955555 1.0
116 1 152.010912 178.127674 222.560007 206.937684 1.0
117 1 580.670252 180.717073 621.684214 220.303929 1.0
117 1 37.212370 178.324942 138.578928 212.655714 1.0
117 1 204.686172 175.367912 265.786866 200.399695 1.0
117 2 136.578955 176.470776 210.979199 206.299103 1.0
118 1 581.171764 180.553240 621.794064 219.742121 1.0
118 1 12.527121 177.708817 120.805661 213.563126 1.0
118 2 193.633956 178.483558 257.533621 204.278403 1.0
118 1 119.751650 178.759537 198.404150 209.688994 1.0
119 1 581.663787 180.388218 621.901835 219.190949 1.0
119 1 0.000000 177.573111 100.567876 214.999690 1.0
119 1 180.177657 179.082332 247.507344 205.784426 1.0
119 1 101.639299 181.152497 184.969899 213.337887 1.0
120 1 582.146588 180.211354 622.007585 218.650113 1.0
120 1 0.000000 177.424070 78.531946 216.440237 1.0
120 1 165.742880 179.724583 236.826867 207.400006 1.0
120 1 81.130458 181.174904 169.847724 214.695728 1.0
121 1 581.889454 180.230301 621.470711 218.399339 1.0
121 1 0.000000 177.410725 54.447080 216.482239 1.0
121 1 150.218870 180.415227 225.426001 209.137549 1.0
121 1 58.852013 181.199024 153.568975 216.170790 1.0
122 1 581.635901 180.248984 620.941319 218.152060 1.0
122 1 0.000000 177.396241 28.013586 216.527827 1.0
122 1 133.477504 181.124984 213.229321 211.011406 1.0
122 1 34.564597 181.225062 135.995692 217.778936 1.0
123 1 581.385856 180.267409 620.419251 217.908203 1.0
123 1 115.365558 180.739737 200.145451 211.808013 1.0
123 1 7.983646 181.253255 116.967069 219.539029 1.0
124 1 581.139246 180.285580 619.904358 217.667698 1.0
125 1 580.896000 180.303504 619.396493 217.430477 1.0
126 1 581.398422 179.519919 619.710917 216.464828 1.0
126 1 52.703617 180.770626 155.345047 215.892599 1.0
126 1 0.000000 181.191478 48.526774 222.404953 1.0
127 1 581.895959 178.743951 620.022283 215.508573 1.0
127 1 28.019553 180.782791 138.054915 217.501749 1.0
127 1 0.000000 181.138230 20.998625 222.346545 1.0
128 1 582.388680 177.975491 620.330634 214.561576 1.0
128 1 0.985232 180.795938 119.344464 219.264197 1.0
129 1 582.876657 177.214429 620.636015 213.623704 1.0
129 1 0.000000 180.804930 98.790117 220.857427 1.0
130 1 583.359958 176.460660 620.938469 212.694825 1.0
130 1 0.000000 180.814740 76.363523 222.000915 1.0
131 1 583.884967 176.765506 621.301358 212.843383 1.0
131 1 0.000000 180.825486 51.796672 221.938796 1.0
132 1 584.405462 177.067732 621.661127 212.990662 1.0
132 1 0.000000 180.837309 24.767846 221.883649 1.0
133 1 584.921502 177.367371 622.017815 213.136680 1.0
134 1 586.446059 175.940463 623.383557 211.555138 1.0
135 1 587.957583 174.525750 624.737621 209.987122 1.0
136 1 588.429540 173.188954 625.053189 208.498428 1.0
137 1 588.897498 171.863482 625.366083 207.022355 1.0
138 1 589.361508 170.549191 625.676335 205.558742 1.0
139 1 589.596970 175.434074 625.762564 210.303075 1.0
140 1 589.830504 180.278973 625.848087 215.008548 1.0
141 1 589.299215 179.458514 625.216640 214.091076 1.0
142 1 588.770868 178.642596 624.588690 213.178685 1.0
143 1 588.245437 177.831181 623.964207 212.271334 1.0
