0 1 70.366122 182.845934 271.944034 250.692143 1.0
0 1 430.196368 171.982338 576.969874 221.354576 1.0
0 1 805.735819 161.721160 960.597684 251.712570 1.0
0 2 921.068422 145.712526 1060.314957 202.897418 1.0
0 1 1129.142258 162.748587 1241.000000 223.323419 1.0
1 1 0.000000 182.291562 220.536500 256.742509 1.0
1 1 398.707515 170.768137 553.526667 222.702626 1.0
1 1 830.185677 160.148863 991.640373 251.980749 1.0
1 2 914.891424 144.623195 1057.296372 203.473230 1.0
1 1 1176.672733 161.724986 1241.000000 223.648958 1.0
2 1 0.000000 181.644428 160.336384 258.017227 1.0
2 1 363.790016 169.439542 527.778154 224.205052 1.0
2 1 855.550651 158.515966 1024.106062 252.239872 1.0
2 2 908.360535 143.472361 1054.078840 204.085987 1.0
2 1 1205.312554 149.689831 1241.000000 194.169530 1.0
2 1 1226.839347 161.658688 1241.000000 221.045976 1.0
3 1 0.000000 180.878716 88.895077 258.660344 1.0
3 1 324.838209 167.979380 499.378892 225.890273 1.0
3 1 881.872537 156.819783 1058.105867 252.489439 1.0
3 2 897.329723 141.614755 1046.505129 204.138276 1.0
3 1 1204.525290 149.750703 1241.000000 195.233178 1.0
4 1 278.106924 167.096825 465.462760 228.822706 1.0
4 1 909.196210 155.057458 1093.762230 252.728968 1.0
4 2 885.583078 139.641880 1038.430693 204.193639 1.0
4 1 1203.770728 149.814000 1241.000000 196.346167 1.0
5 1 224.964931 165.883944 427.518160 232.183823 1.0
5 1 937.569927 153.225943 1131.210312 252.957996 1.0
5 2 868.769108 140.683997 1024.428297 207.071285 1.0
5 1 1196.043898 151.643061 1241.000000 199.516876 1.0
6 1 161.423874 167.067196 383.506960 239.004574 1.0
6 1 967.045762 151.321981 1170.599738 253.176084 1.0
6 2 851.035401 141.755870 1009.687472 210.119757 1.0
6 1 1188.097919 153.769932 1241.000000 202.704185 1.0
6 2 1040.0 6.0 1121.0 88.0 1.0
7 1 87.036427 168.471616 333.300129 247.075849 1.0
7 1 994.816410 151.912420 1203.739207 254.904764 1.0
7 2 832.302736 142.893757 994.149919 213.354649 1.0
7 1 1175.079990 155.340486 1241.000000 205.163027 1.0
8 1 0.000000 168.211020 274.148844 255.335362 1.0
8 1 1023.116144 152.517826 1237.842947 256.666410 1.0
8 2 807.263835 144.696678 972.684088 217.526581 1.0
8 1 1161.657942 156.969810 1241.000000 207.707014 1.0
9 1 0.000000 168.259947 204.631713 258.466878 1.0
9 1 1051.958974 153.138521 1241.000000 258.461834 1.0
9 2 778.354980 143.981393 947.243515 219.157269 1.0
9 1 1137.779233 156.344859 1241.000000 207.846576 1.0
10 1 0.000000 168.530506 121.867564 260.944040 1.0
10 1 1070.940281 154.739276 1241.000000 260.585576 1.0
10 2 745.593221 144.227142 917.879549 222.018544 1.0
10 1 1113.263393 155.792279 1241.000000 207.988162 1.0
11 1 1090.078531 156.356362 1241.000000 262.728128 1.0
11 4 710.679142 144.491764 886.798696 225.083551 1.0
11 1 1088.079521 155.162284 1226.150534 208.131782 1.0
12 1 1109.375590 157.989889 1241.000000 264.889627 1.0
12 2 667.448781 148.036184 848.340267 231.882920 1.0
12 1 1055.189975 161.488639 1192.291668 215.635933 1.0
13 1 1121.734453 163.809443 1241.000000 269.644293 1.0
13 2 620.895645 151.879190 807.288357 239.250235 1.0
13 1 1020.564518 167.124791 1155.767280 222.166382 1.0
14 1 1133.981753 169.654571 1241.000000 273.253314 1.0
14 2 570.018069 152.793113 764.717406 245.195350 1.0
14 1 982.665106 170.476633 1120.213030 226.641263 1.0
15 1 1137.742618 171.738332 1241.000000 273.050104 1.0
15 2 513.504166 153.820872 718.100495 251.856654 1.0
15 1 942.757694 172.696655 1079.480249 230.126666 1.0
16 1 1141.490708 173.730515 1241.000000 272.864119 1.0
16 2 450.341056 154.984343 666.850872 259.370522 1.0
16 1 901.271301 174.976125 1037.572321 233.754271 1.0
16 1 1107.361252 178.761555 1221.839273 222.987963 1.0
17 1 1140.483246 174.803129 1241.000000 273.243471 1.0
17 2 379.259182 156.311307 610.261175 267.910233 1.0
17 1 859.033565 175.643310 995.871633 236.416116 1.0
17 1 1067.315743 179.654060 1178.482875 224.183811 1.0
18 1 1132.727550 174.811667 1241.000000 271.244794 1.0
18 2 299.564401 153.377958 552.326407 275.510523 1.0
18 1 814.028932 176.343509 952.046789 239.252294 1.0
18 1 1026.820468 180.546831 1135.072312 225.387515 1.0
19 1 1125.436857 174.819168 1241.000000 269.039354 1.0
19 2 205.830449 152.038282 486.199871 286.800120 1.0
19 1 770.587355 177.035265 910.357946 241.858401 1.0
19 1 988.888215 180.488818 1094.131970 225.375406 1.0
19 1 1118.564047 181.105376 1209.348892 215.779761 1.0
20 1 1118.575702 174.825682 1241.000000 266.430497 1.0
20 2 90.018595 150.397009 409.262097 300.659007 1.0
20 1 724.798560 177.560833 869.475610 245.458169 1.0
20 1 952.363478 179.803763 1056.512487 225.438955 1.0
20 1 1080.222970 179.609305 1166.209213 213.875825 1.0
21 1 1112.111909 174.831254 1241.000000 263.956514 1.0
21 2 0.000000 149.326660 329.539820 317.015773 1.0
21 1 674.722270 178.126135 825.482822 249.403997 1.0
21 1 914.482171 179.103740 1017.919227 225.497678 1.0
21 1 1042.424529 178.152244 1124.042237 211.993186 1.0
22 1 1096.874059 174.285535 1233.961887 260.589562 1.0
22 2 0.000000 149.906362 231.236391 324.712238 1.0
22 1 623.244187 179.234984 782.743368 255.144869 1.0
22 1 877.052385 180.372813 979.810595 227.635226 1.0
22 1 1006.504791 180.504192 1084.607718 214.505656 1.0
22 1 1078.583305 179.521790 1139.873640 209.961933 1.0
23 1 1077.909416 178.196953 1204.520621 261.880570 1.0
23 2 0.000000 151.094407 107.162131 330.839653 1.0
23 1 565.214918 180.456774 735.586894 261.645907 1.0
23 1 838.404538 181.666729 940.902777 229.835469 1.0
23 1 970.601808 182.830596 1045.524458 217.008434 1.0
23 1 1039.382908 182.195300 1096.977030 212.493501 1.0
23 1 1222.822159 183.362387 1241.000000 222.283497 1.0
24 1 1060.207977 181.822425 1177.148598 263.060910 1.0
24 1 501.701653 179.932663 686.745486 268.287121 1.0
24 1 799.069019 184.594295 901.681082 234.669523 1.0
24 1 933.637489 184.612993 1007.044224 219.135308 1.0
24 1 1000.900592 184.798485 1055.137438 214.968268 1.0
24 1 1030.674074 184.926884 1075.964003 212.429534 1.0
24 1 1183.994757 186.853447 1241.000000 225.307732 1.0
25 1 1037.032316 183.512511 1147.619977 261.920740 1.0
25 1 426.293867 179.337800 630.808905 276.207725 1.0
25 1 757.997556 184.198873 861.383855 235.864856 1.0
25 1 896.253229 186.399071 968.446032 221.278642 1.0
25 1 963.120384 187.334666 1014.312007 217.386491 1.0
25 1 992.989904 185.909830 1035.979971 213.213905 1.0
25 1 1023.044453 184.813407 1058.980199 209.345531 1.0
25 1 1148.560148 190.124750 1200.875643 227.160006 1.0
26 2 1007.935984 181.419349 1109.572348 255.982924 1.0
26 1 340.904515 179.303857 572.112881 287.360255 1.0
26 1 714.134969 183.787636 819.061314 237.123750 1.0
26 1 856.758573 184.901613 927.696500 219.954931 1.0
26 1 922.840072 185.174432 971.924198 214.919915 1.0
26 1 953.607714 183.806843 994.580848 210.619799 1.0
26 1 979.922070 183.036798 1014.217072 207.091525 1.0
26 1 1102.921400 189.126822 1150.276830 224.254991 1.0
26 3 1200.0 132.0 1237.0 184.0 1.0
27 1 981.076645 179.501415 1074.586526 250.526461 1.0
27 1 234.288292 179.266697 502.726693 301.391437 1.0
27 1 664.095223 182.867819 775.451404 238.607872 1.0
27 1 816.393128 183.391027 886.454140 218.594876 1.0
27 1 882.790525 183.045024 930.039859 212.466313 1.0
27 1 912.250171 183.118362 951.698809 209.624472 1.0
27 1 937.987896 181.317586 970.842633 204.901547 1.0
27 2 1061.240183 188.189860 1104.200844 221.608255 1.0
28 2 949.802803 180.431142 1034.497968 248.519039 1.0
28 1 91.547426 174.980403 424.385073 319.643580 1.0
28 1 615.748255 183.138295 732.437527 241.992626 1.0
28 1 776.787488 183.646867 846.721304 219.497653 1.0
28 1 842.760682 183.514618 889.233762 213.122333 1.0
28 1 871.528687 182.445382 909.674566 208.642186 1.0
28 1 896.411938 181.740896 928.127277 205.055687 1.0
28 1 1016.579373 187.308168 1055.935280 219.075383 1.0
29 1 920.865251 181.287703 997.529432 246.648351 1.0
29 1 0.000000 172.612781 330.103428 345.122323 1.0
29 1 561.745966 183.434465 685.568718 245.753795 1.0
29 1 735.648187 183.910765 805.898115 220.425238 1.0
29 1 802.188311 183.987927 848.142060 213.781025 1.0
29 1 831.873959 182.488303 869.217440 208.683906 1.0
29 1 856.152480 182.160523 886.959686 205.282776 1.0
29 2 975.694140 186.504487 1011.812313 216.761518 1.0
30 2 885.941192 181.295555 958.647910 244.129779 1.0
30 1 0.000000 170.663845 205.131865 341.731544 1.0
30 1 504.332208 183.018869 637.437048 249.908545 1.0
30 1 694.898667 183.487344 766.086682 220.766586 1.0
30 1 762.934544 183.489437 808.544903 213.409675 1.0
30 1 792.089837 182.531976 828.834746 208.721759 1.0
30 1 816.496115 182.572811 846.537132 205.503706 1.0
30 1 938.136408 185.768892 971.572487 214.639701 1.0
31 1 853.344596 181.303831 922.391877 241.784723 1.0
31 1 440.090041 182.344127 589.463699 255.233857 1.0
31 1 652.106340 183.050451 724.775556 221.114942 1.0
31 1 723.057701 182.987863 768.565457 213.028351 1.0
31 1 753.258961 181.889123 789.757808 208.191647 1.0
31 1 779.181815 181.838262 808.669594 204.645884 1.0
31 1 895.277938 185.715796 927.506398 213.436784 1.0
32 1 818.863679 180.553329 882.542956 238.787542 1.0
32 1 362.787087 181.568946 534.132901 261.633789 1.0
32 1 610.205868 182.796699 684.900993 222.124633 1.0
32 1 683.051005 182.445689 729.228565 213.014193 1.0
32 1 713.766457 181.240360 750.229601 207.649536 1.0
32 1 739.722433 181.111443 769.040024 203.920461 1.0
32 1 855.511493 185.667095 886.826135 212.322076 1.0
33 1 641.277728 181.885708 688.476829 212.994502 1.0
33 1 673.282455 180.970446 710.377378 207.760552 1.0
33 1 699.953509 180.382621 729.239107 203.203015 1.0
34 1 751.973810 179.169289 808.180446 233.183814 1.0
34 1 601.043714 181.354951 649.657920 213.253226 1.0
34 1 634.746420 180.307153 672.526779 207.504927 1.0
34 1 660.665212 179.678437 690.192413 202.687926 1.0
35 1 719.683831 178.571920 774.156341 231.218695 1.0
35 1 21.153030 181.375217 332.832385 306.158481 1.0
35 1 470.386482 180.952901 558.104764 225.369635 1.0
35 1 560.630667 180.808682 610.935785 213.639815 1.0
35 1 594.711355 179.623600 633.449053 207.267714 1.0
35 1 620.544801 178.963045 650.468628 202.159362 1.0
36 1 688.701669 177.890727 741.624612 229.334646 1.0
36 1 0.000000 183.001911 237.628219 328.114978 1.0
36 1 422.244968 181.846726 517.785164 229.184014 1.0
36 1 520.914624 181.336029 575.003237 215.407495 1.0
36 1 559.395977 179.488315 598.952914 207.750108 1.0
36 1 586.805720 179.174735 617.430679 202.781602 1.0
37 1 664.128402 178.085460 715.624911 228.425716 1.0
37 1 0.000000 186.973757 146.964442 329.506326 1.0
37 1 376.485114 182.858010 480.641198 233.731525 1.0
37 1 485.881876 181.893237 543.691985 217.362119 1.0
37 1 527.925755 180.262770 568.054022 209.263115 1.0
37 1 557.359731 179.243081 588.556119 203.322034 1.0
38 1 640.611571 178.271723 690.800034 227.571539 1.0
38 1 328.378801 184.527467 446.117000 239.688473 1.0
38 1 454.718138 182.789761 515.217753 219.935674 1.0
38 1 498.641569 180.317723 541.643353 210.414849 1.0
38 1 530.114446 179.634305 561.823055 204.220495 1.0
39 1 622.494788 178.293594 671.644354 226.691418 1.0
39 1 284.046657 185.158952 414.313439 245.111731 1.0
39 1 426.355144 183.286499 489.520815 222.239696 1.0
39 1 472.572316 181.119071 518.384794 212.506376 1.0
39 1 507.993907 180.569729 540.001409 205.786866 1.0
40 1 605.033256 178.314716 653.209826 225.842126 1.0
40 1 231.607465 185.879017 378.032521 251.529451 1.0
40 1 398.486573 183.399913 465.709815 224.296485 1.0
40 1 449.112983 181.840555 497.709574 214.629807 1.0
40 1 488.752808 180.523496 520.885584 206.343416 1.0
41 1 593.572477 178.945672 640.868082 225.648435 1.0
41 1 175.098468 186.349784 345.002965 258.917744 1.0
41 1 371.825965 184.421751 443.353246 227.606749 1.0
41 1 428.998107 182.090761 479.749372 215.975844 1.0
41 1 470.598188 181.137839 504.236483 207.650179 1.0
41 1 491.571091 182.658242 522.059504 202.013074 1.0
42 1 582.506835 179.554046 628.964647 225.460614 1.0
42 1 111.252440 188.579992 310.629319 270.289564 1.0
42 1 346.654221 185.355744 425.270974 231.274606 1.0
42 1 413.282177 183.160694 465.836653 218.330839 1.0
42 1 455.522045 182.077434 490.515747 209.342875 1.0
42 1 477.923065 183.534633 509.942161 203.311602 1.0
43 1 575.816771 180.274555 621.632013 225.562186 1.0
43 1 38.584411 191.161362 275.497028 284.544680 1.0
43 1 321.845676 186.353915 408.270965 235.365745 1.0
43 1 399.464371 183.554906 455.792791 220.279357 1.0
43 1 446.984500 182.376612 483.063277 210.514359 1.0
43 1 468.226814 184.390749 501.572607 204.632647 1.0
44 1 572.526828 180.589123 617.719903 225.289095 1.0
44 1 0.000000 193.406597 240.277441 300.570454 1.0
44 1 301.299937 186.779425 395.844839 239.161346 1.0
44 1 384.417130 183.979926 444.963547 222.401346 1.0
44 1 437.897866 182.693384 475.170882 211.761384 1.0
44 1 460.749960 185.244959 495.337198 205.994576 1.0
45 1 569.328201 180.884441 613.912487 225.022509 1.0
45 1 0.000000 196.136458 197.442242 318.809910 1.0
45 1 277.798298 187.256155 381.921983 243.503447 1.0
45 1 372.626418 185.001330 436.716397 225.327361 1.0
45 1 428.207269 183.029350 466.798541 213.091498 1.0
45 1 456.593635 185.802685 492.186472 207.041558 1.0
46 1 568.894614 180.578716 612.900064 224.103140 1.0
46 1 0.000000 199.526882 144.223259 319.906186 1.0
46 1 250.653424 187.793943 366.214649 248.519234 1.0
46 1 359.707115 186.106987 427.788107 228.533735 1.0
46 1 422.507950 183.300501 462.982946 214.453426 1.0
46 1 452.256850 186.382667 488.909980 208.134013 1.0
47 1 568.472162 180.242885 611.913606 223.207395 1.0
47 1 218.946955 188.405324 348.356269 254.378682 1.0
47 1 345.488975 187.307773 418.090704 232.062783 1.0
47 1 416.390825 183.589846 458.911119 215.915267 1.0
47 1 449.731934 186.652508 487.119671 208.874425 1.0
48 1 568.060421 179.915552 610.952125 222.334374 1.0
48 1 181.423595 189.106513 327.872510 261.314187 1.0
48 1 331.385680 187.810865 409.264245 235.292506 1.0
48 1 409.808189 183.899278 454.556363 217.488435 1.0
48 1 447.101139 186.932678 485.260679 209.645936 1.0
49 1 568.222651 180.363630 610.603279 222.277234 1.0
49 1 136.320903 189.918866 304.138498 269.652141 1.0
49 1 315.514223 188.367007 399.506049 238.927557 1.0
49 1 402.704793 184.230967 449.888139 219.186148 1.0
49 1 444.357651 187.223783 483.328980 210.450548 1.0
50 1 568.381058 180.777513 610.262644 222.221441 1.0
50 1 81.084476 190.871095 276.313972 279.865780 1.0
50 1 297.519726 188.985056 388.660443 243.049350 1.0
50 1 395.016278 184.587401 444.871349 221.023806 1.0
50 1 441.494062 187.526475 481.320233 211.290437 1.0
51 1 568.535775 181.158044 609.929933 222.166949 1.0
51 1 8.877079 192.882640 242.487453 295.090448 1.0
51 1 276.945536 189.675959 376.535036 247.762661 1.0
51 1 386.176442 184.450727 439.075453 222.572851 1.0
51 1 438.502299 187.841461 479.229742 212.167975 1.0
52 1 569.487440 180.280105 610.342704 220.683608 1.0
52 1 0.000000 195.359397 200.827921 314.154093 1.0
52 1 253.193921 190.453404 362.889196 253.204666 1.0
52 1 376.471567 184.302081 432.771566 224.273569 1.0
52 1 434.923405 187.976952 476.798227 213.037889 1.0
53 1 570.414655 179.356002 610.744883 219.238398 1.0
53 1 0.000000 198.483855 148.258643 324.814445 1.0
53 1 221.719789 190.860106 345.917871 259.576505 1.0
53 1 365.768142 184.139817 425.889841 226.149384 1.0
53 1 431.125895 188.119915 474.232345 213.961040 1.0
54 1 571.062885 179.520705 610.911821 218.927246 1.0
54 1 0.000000 202.548316 79.848778 326.233188 1.0
54 1 183.765062 191.332492 326.203347 267.261693 1.0
54 1 353.903694 183.961975 418.347016 228.228802 1.0
54 1 427.089069 188.270987 471.520670 214.942470 1.0
55 1 571.695826 179.681530 611.074826 218.623436 1.0
55 1 137.098468 191.887873 303.022039 276.712945 1.0
55 1 340.678478 183.766198 410.043022 230.546876 1.0
55 1 422.789529 188.430876 468.650445 215.987879 1.0
56 1 572.333289 181.636674 611.254380 220.251759 1.0
56 1 78.331657 192.550227 275.371356 288.618049 1.0
56 1 325.189621 185.237390 400.987888 235.163131 1.0
56 1 418.200726 188.600378 465.607379 217.103734 1.0
57 1 572.956099 183.458510 611.429812 221.842631 1.0
57 1 2.057379 193.353755 241.820846 304.075225 1.0
57 1 307.642775 186.879459 390.878106 240.393856 1.0
57 1 412.134516 188.909022 462.092932 218.550999 1.0
58 1 573.564756 185.243229 611.601261 223.397329 1.0
58 1 0.000000 193.146730 198.150242 322.346625 1.0
58 1 287.598206 188.724030 379.518327 246.370463 1.0
58 1 405.582272 189.239769 458.326485 220.114331 1.0
59 1 575.297852 183.812270 612.899596 221.367434 1.0
59 1 0.000000 192.881283 142.136019 322.749373 1.0
59 1 263.489425 187.686266 364.903102 249.880537 1.0
59 1 398.483114 189.595082 454.279953 221.808276 1.0
60 1 576.991854 182.410316 614.168678 219.383353 1.0
60 1 0.000000 192.528615 67.683496 320.039063 1.0
60 1 235.067068 186.494221 348.111189 254.019321 1.0
60 1 390.746711 187.734139 449.902398 221.099720 1.0
61 1 578.648070 181.036497 615.409483 217.443552 1.0
61 1 201.059290 185.110707 328.617474 258.972380 1.0
61 1 382.306308 185.724090 445.173546 220.326566 1.0
62 1 580.267749 179.593364 616.622945 215.546566 1.0
62 1 157.118590 185.787506 305.127344 268.118842 1.0
62 1 373.637675 185.393819 440.490825 221.563882 1.0
63 1 581.852087 178.132711 617.809959 213.690992 1.0
63 1 102.066578 186.599429 276.942182 279.581315 1.0
63 1 364.122082 185.035466 435.409229 222.922184 1.0
64 1 583.649833 179.482255 619.208798 214.648953 1.0
64 1 31.078419 187.591427 242.498242 294.366981 1.0
64 1 351.321560 187.094366 428.494435 227.638304 1.0
65 1 585.408209 180.780949 620.577035 215.585925 1.0
65 1 0.000000 188.830883 199.450602 313.284444 1.0
65 1 336.857061 189.382161 420.810050 232.968040 1.0
66 1 587.128495 181.951024 621.915665 216.502591 1.0
66 1 0.000000 190.423581 144.115821 327.351036 1.0
66 1 320.381489 191.939273 412.220090 239.039473 1.0
67 1 588.249891 178.330650 622.662044 212.362617 1.0
67 1 0.000000 192.545629 70.357722 328.336824 1.0
67 1 299.185912 189.734877 401.661034 240.083796 1.0
67 6 458.692772 171.436554 483.187145 191.620506 1.0
67 3 670.0 100.0 717.0 159.0 1.0
68 1 589.347389 174.647600 623.392533 208.310913 1.0
68 1 274.402034 187.219620 389.606397 241.304658 1.0
68 6 457.976052 167.105248 483.081006 187.633480 1.0
68 3 674.0 93.0 722.0 154.0 1.0
69 1 590.423478 171.415893 624.102228 204.712006 1.0
69 1 245.033283 184.322643 375.714970 242.751135 1.0
69 6 457.233535 162.618271 482.971884 183.502845 1.0
70 1 590.753949 172.886863 624.077624 205.833938 1.0
70 1 206.842785 188.803177 355.998367 254.421628 1.0
70 6 455.990390 163.025445 482.495372 184.298026 1.0
71 1 590.835810 177.151796 623.813603 209.763001 1.0
71 1 159.881081 194.081524 332.768216 268.775195 1.0
71 6 453.887627 168.417485 481.381130 190.112893 1.0
72 1 590.915988 181.261971 623.555006 213.611234 1.0
72 1 100.734431 200.391601 304.993472 286.857275 1.0
72 6 452.125903 171.131128 480.556437 193.254583 1.0
73 1 590.476110 181.514131 622.782249 213.557568 1.0
73 1 19.600704 201.023585 271.678451 301.039567 1.0
73 6 450.410412 171.409272 479.794117 193.968409 1.0
74 1 589.805107 180.058002 621.784600 211.684367 1.0
74 1 0.000000 202.565481 225.272660 321.949824 1.0
74 6 447.283001 169.511009 477.988434 192.520613 1.0
75 1 589.147565 178.541961 620.806946 209.848761 1.0
75 1 0.000000 204.561660 165.186247 330.650187 1.0
75 6 444.026472 167.534535 476.126187 191.013018 1.0
76 1 588.263412 178.866559 619.610230 209.863860 1.0
76 1 0.000000 207.246691 84.347301 328.563843 1.0
76 6 440.318624 168.032113 474.802108 192.009928 1.0
77 1 587.396588 179.184803 618.436947 209.878663 1.0
77 6 436.451522 168.551293 473.434891 193.049800 1.0
78 1 586.546589 179.496880 617.286416 209.893178 1.0
78 6 432.840795 167.518704 471.480759 192.704694 1.0
79 1 585.159975 179.291909 615.635136 209.425181 1.0
79 6 429.020575 166.426394 469.442670 192.339557 1.0
80 1 583.797117 179.090445 614.012122 208.965205 1.0
80 6 424.972084 165.269027 467.315095 191.952594 1.0
81 1 582.427303 175.935120 612.385277 205.550503 1.0
81 6 420.801357 162.476128 465.183236 189.970498 1.0
82 1 581.080678 172.833137 610.785946 202.193628 1.0
82 6 416.365979 159.506621 462.953621 187.862576 1.0
83 1 579.756656 169.783156 609.213436 198.893124 1.0
83 6 411.225073 158.495059 460.325712 187.779382 1.0
84 1 578.515590 170.520692 607.733640 199.394891 1.0
84 6 405.734748 157.414998 457.571117 187.690532 1.0
85 1 577.294542 171.246347 606.277691 199.888561 1.0
85 6 400.956728 159.149646 455.447035 190.493900 1.0
86 1 576.093031 171.960407 604.845017 200.374329 1.0
86 6 395.831564 161.009824 453.215760 193.501040 1.0
87 1 576.339088 174.479860 604.862435 202.670929 1.0
87 6 390.319999 163.009669 450.868967 196.735010 1.0
90 1 576.668393 178.734030 604.671726 206.416052 1.0
90 6 370.893807 164.216446 444.343523 201.899467 1.0
91 1 576.711281 179.607455 604.569416 207.146883 1.0
91 6 363.366901 163.686656 442.161764 202.835744 1.0
92 1 576.753725 180.471877 604.468160 207.870167 1.0
92 6 355.231687 163.114082 439.866029 203.847752 1.0
93 1 576.795734 181.268955 604.367943 208.586020 1.0
93 6 346.681313 162.308525 437.334887 204.800754 1.0
94 1 577.245079 182.137989 604.676050 209.387537 1.0
94 6 337.359189 161.430411 434.660941 205.839833 1.0
95 1 577.689848 182.998850 604.981022 210.180886 1.0
95 6 327.155883 160.469475 431.831758 206.977202 1.0
96 1 578.335655 182.191087 605.487485 209.167966 1.0
96 6 315.940251 159.413418 428.833421 208.227502 1.0
97 1 578.974909 181.390899 605.988814 208.165329 1.0
97 6 303.553760 158.247383 425.650294 209.608429 1.0
98 1 579.607709 180.598178 606.485086 207.172819 1.0
98 6 288.821394 156.351137 422.002015 210.639298 1.0
99 1 580.328680 179.880288 607.142290 206.387811 1.0
99 6 272.306074 154.225892 418.105306 211.795005 1.0
100 1 581.046249 179.162357 607.796398 205.606509 1.0
100 6 253.663265 151.827503 413.933906 213.099697 1.0
101 1 581.760442 178.447798 608.447433 204.828885 1.0
101 6 232.453554 149.099704 409.457717 214.584174 1.0
102 1 582.471281 177.736587 609.095417 204.054915 1.0
102 1 206.409356 146.235198 404.021049 216.729047 1.0
103 1 583.178790 177.028701 609.740370 203.284571 1.0
103 6 176.045261 142.897033 398.140522 219.230065 1.0
104 1 583.880857 176.114834 610.380100 202.308233 1.0
104 6 140.189234 138.957145 391.759479 222.183972 1.0
104 5 667.567829 166.709494 682.454138 210.404994 1.0
105 1 584.579648 175.205224 611.016848 201.336455 1.0
105 6 97.203116 134.236728 384.811192 225.726036 1.0
105 5 672.921849 165.062458 689.164709 211.826220 1.0
106 1 585.275183 174.299842 611.650635 200.369206 1.0
106 1 44.725274 128.478344 377.216519 230.051353 1.0
106 1 679.037290 163.166838 696.888832 213.462304 1.0
107 1 585.967486 173.398659 612.281482 199.406453 1.0
107 6 0.000000 122.951919 368.037718 236.625704 1.0
107 5 686.089012 160.961762 705.874890 215.365956 1.0
108 1 586.656580 172.501646 612.909410 198.448165 1.0
108 6 0.000000 116.900279 357.928802 243.327056 1.0
108 1 694.309859 158.364719 716.459648 217.608655 1.0
109 1 586.883339 172.684671 613.116917 198.612397 1.0
109 6 0.000000 118.309793 346.740874 243.846225 1.0
109 5 702.909979 157.007402 727.671385 221.945713 1.0
110 1 587.109767 172.867429 613.324122 198.776388 1.0
110 6 0.000000 119.612459 334.291467 244.432907 1.0
110 5 713.188223 155.361793 741.266866 227.205361 1.0
111 1 587.335863 173.049922 613.531025 198.940139 1.0
111 6 0.000000 120.816367 320.354519 245.087151 1.0
111 5 725.688820 153.325130 758.096789 233.717021 1.0
112 1 587.007391 173.855485 613.184215 199.728291 1.0
112 6 0.000000 121.928569 304.646524 245.809498 1.0
112 5 741.219864 150.739221 779.471292 241.988132 1.0
113 1 586.679383 174.659917 612.837891 200.515329 1.0
113 6 0.000000 122.955216 286.807056 246.600968 1.0
113 5 760.797518 147.932743 806.220378 253.497872 1.0
114 1 586.492612 176.593945 612.633115 202.433527 1.0
114 6 0.000000 123.901667 266.370748 247.463052 1.0
114 5 786.670159 144.082592 842.933813 269.287077 1.0
114 2 478.496252 179.119674 504.930766 199.872067 1.0
114 2 449.343737 176.305462 477.104709 199.849488 1.0
115 1 586.306099 178.525310 612.428621 204.349067 1.0
115 6 0.000000 124.772576 242.726188 248.397716 1.0
115 5 822.453276 138.473389 896.457055 292.287350 1.0
115 1 472.738201 181.540150 501.392381 203.408846 1.0
115 3 444.648134 178.117574 473.163152 202.660393 1.0
116 1 586.119844 180.454015 612.224409 206.261955 1.0
116 6 0.000000 125.757944 215.053611 248.465804 1.0
116 5 874.261338 129.548363 982.884730 328.946319 1.0
116 2 466.357837 182.669353 497.487113 205.793411 1.0
116 2 439.541200 180.087780 468.895582 205.719669 1.0
117 1 585.900919 179.160664 611.986343 204.948174 1.0
117 6 0.000000 126.020471 182.228064 249.526162 1.0
117 5 958.273746 113.128274 1141.791066 374.000000 1.0
117 1 459.192495 182.072232 492.572605 206.502791 1.0
117 3 433.105721 179.038396 464.696791 205.842182 1.0
118 1 585.682317 177.869212 611.748627 203.636331 1.0
118 5 1119.324112 96.909277 1241.000000 374.000000 1.0
118 1 451.135736 181.406670 487.094615 207.300455 1.0
118 2 426.055282 177.887619 460.118045 205.976296 1.0
119 1 585.873695 178.500828 611.945194 204.273763 1.0
119 1 442.010178 180.660187 480.950342 208.203979 1.0
119 2 418.297079 176.620021 455.105545 206.123763 1.0
119 2 495.556894 174.031127 517.416521 196.475801 1.0
120 1 586.065151 179.132700 612.141842 204.911450 1.0
120 1 432.574203 181.322635 474.402154 210.833457 1.0
120 2 410.136411 176.400830 448.460785 207.488738 1.0
120 2 492.452846 175.219161 515.365371 198.480053 1.0
121 1 586.256682 179.764829 612.338568 205.549392 1.0
121 1 421.736407 182.073832 466.975489 213.853984 1.0
121 2 401.055576 176.157245 441.124029 209.008491 1.0
121 2 489.605822 173.887489 513.690629 198.093887 1.0
122 1 586.535215 177.493404 612.621095 203.279579 1.0
122 1 408.647995 180.528552 458.021372 214.695486 1.0
122 2 390.708982 174.405152 434.479727 209.216068 1.0
122 2 486.517083 172.442788 511.885059 197.674916 1.0
123 1 586.813834 175.221264 612.903711 201.009065 1.0
123 1 391.457052 178.729456 447.887437 216.145945 1.0
123 2 379.051183 172.429295 427.059586 209.449830 1.0
123 2 483.154481 170.870033 509.932713 197.218775 1.0
124 1 587.297058 175.287418 613.391636 201.080044 1.0
124 1 370.657091 176.549520 435.860274 217.901138 1.0
124 2 365.815685 170.183909 418.719620 209.715105 1.0
124 2 479.479896 169.151407 507.814937 196.720289 1.0
125 1 587.780460 175.353597 613.879743 201.151049 1.0
125 1 346.426393 178.272100 420.747765 224.222175 1.0
125 2 349.628845 170.526289 407.500692 212.776798 1.0
125 2 475.116158 169.053244 505.187870 197.942524 1.0
126 1 588.264039 175.419801 614.368032 201.222080 1.0
126 1 316.140287 180.423567 402.416955 232.124204 1.0
126 2 331.053504 170.919119 394.803722 216.290567 1.0
126 2 470.313777 168.945220 502.321734 199.287683 1.0
127 1 588.747797 175.486029 614.856504 201.293138 1.0
127 1 275.473108 180.266185 378.518757 239.527707 1.0
127 2 309.518884 171.374436 380.316030 220.364521 1.0
127 2 465.003108 168.825768 499.182343 200.775290 1.0
128 1 589.231732 175.552282 615.345159 201.364221 1.0
128 1 220.888017 180.055219 347.987264 249.467607 1.0
128 2 282.441069 170.541474 363.227057 224.379488 1.0
128 2 459.098940 168.692976 495.728669 202.429238 1.0
129 1 589.762728 175.047796 615.890463 200.873475 1.0
129 1 142.220888 180.884616 306.627123 264.860217 1.0
129 2 249.424607 169.525398 342.886955 229.275907 1.0
129 2 452.495888 168.544475 491.911036 204.279079 1.0
130 1 590.294311 174.542751 616.436372 200.382186 1.0
130 1 22.105936 181.893864 249.195077 288.375337 1.0
130 2 208.817036 168.748383 318.302084 235.622410 1.0
130 2 444.153467 167.838026 486.637566 205.829837 1.0
131 1 590.826480 174.037144 616.982887 199.890355 1.0
131 1 0.000000 183.131680 168.133828 317.860734 1.0
131 2 157.235065 167.760919 288.158721 243.686103 1.0
131 2 434.685533 167.036538 480.741189 207.589942 1.0
132 1 591.359238 173.530977 617.530009 199.397981 1.0
132 2 86.631199 167.634343 247.721695 255.814211 1.0
132 2 423.847828 166.119449 474.104613 209.604853 1.0
133 1 591.832559 173.477538 618.017945 199.359026 1.0
133 2 0.000000 168.830615 198.008881 272.962220 1.0
133 2 411.319913 165.059803 466.579132 211.934220 1.0
134 1 592.306411 173.424039 618.506432 199.320027 1.0
134 2 0.000000 169.103168 132.035810 290.472863 1.0
134 2 396.672938 163.821561 457.973339 214.657887 1.0
135 1 592.550526 176.162064 618.766489 202.076598 1.0
135 2 0.000000 171.469359 39.638319 292.855677 1.0
135 2 377.391663 166.241781 448.625098 221.998754 1.0
136 1 592.794938 178.903438 619.026865 204.836526 1.0
136 2 354.194117 165.662148 435.996716 227.399295 1.0
136 1 476.894675 185.423551 501.920206 203.642767 1.0
137 1 592.758911 179.583623 619.006274 205.532588 1.0
137 2 325.428152 164.943548 420.921318 234.097508 1.0
137 1 472.005671 185.617497 498.654827 204.746935 1.0
138 1 592.722841 180.264608 618.985659 206.229466 1.0
138 2 287.525380 162.594234 401.600481 241.187352 1.0
138 1 466.612552 185.829944 495.077825 205.965004 1.0
139 1 592.220020 179.830212 618.522053 205.833725 1.0
139 2 237.646870 159.503814 377.634810 250.520245 1.0
139 1 459.788634 185.813602 490.367115 207.044957 1.0
140 1 591.715686 179.394525 618.057064 205.436789 1.0
140 2 169.051912 155.255940 347.120528 263.360680 1.0
140 1 451.378949 185.452383 484.532795 207.953671 1.0
141 1 591.209834 178.957541 617.590686 205.038653 1.0
141 2 68.772643 149.050532 306.948818 282.143542 1.0
141 1 441.870933 185.048154 478.003433 208.981109 1.0
142 1 590.702456 178.519254 617.122912 204.639313 1.0
142 2 0.000000 138.174101 250.956915 309.064422 1.0
142 1 431.610394 185.405458 470.999311 211.029461 1.0
143 1 590.193545 178.079658 616.653737 204.238763 1.0
143 2 0.000000 132.806013 169.778558 317.302694 1.0
143 1 419.809195 183.666473 463.042986 210.993994 1.0
144 1 590.106774 175.536441 616.605530 201.731179 1.0
144 1 406.118229 181.679225 453.950363 210.952844 1.0
145 1 590.019750 172.985828 616.557178 199.216191 1.0
145 1 390.062500 181.590797 443.477291 213.403183 1.0
146 1 589.740583 173.056489 616.318054 199.326733 1.0
146 1 370.943982 181.487635 431.258437 216.321181 1.0
147 1 589.460568 173.127362 616.078206 199.437611 1.0
147 1 347.627721 183.163263 416.559320 221.860659 1.0
148 1 589.179702 173.198449 615.837632 199.548829 1.0
148 1 318.949791 185.165954 398.989612 228.674744 1.0
149 1 589.131227 174.861789 615.817315 201.242021 1.0
149 1 282.820516 187.601822 377.617422 237.260547 1.0
149 1 436.925521 182.118870 475.533001 206.898322 1.0
150 1 589.082649 176.528643 615.796954 202.938791 1.0
150 1 235.902179 190.628454 351.058558 248.412314 1.0
150 1 426.574018 184.196741 468.573503 210.895272 1.0
151 1 588.475582 175.313313 615.217753 201.749251 1.0
151 1 172.513708 194.490419 317.164197 263.482436 1.0
151 1 414.163565 184.290043 460.208083 212.974146 1.0
152 1 587.846928 172.113461 614.616263 198.572057 1.0
152 1 80.798045 194.703500 271.455370 278.531609 1.0
152 1 398.823456 180.467331 449.796351 211.001964 1.0
153 1 587.217009 168.907173 614.013562 195.388470 1.0
153 1 0.000000 194.998174 208.225805 300.735236 1.0
153 1 383.234588 178.987228 439.920956 212.168562 1.0
153 1 459.527339 173.313452 486.482977 195.662171 1.0
154 1 587.055223 170.096421 613.880181 196.607183 1.0
154 1 0.000000 195.432405 115.013173 307.293453 1.0
154 1 362.915358 181.098684 426.851438 217.515275 1.0
154 1 454.286102 174.937272 482.958091 198.400090 1.0
155 1 586.893095 171.288185 613.746517 197.828477 1.0
155 1 339.181753 183.533745 411.685084 224.099686 1.0
155 1 448.497828 176.730394 479.092103 201.423907 1.0
156 1 587.523525 172.057569 614.404264 198.626101 1.0
156 1 309.961194 186.447936 393.532447 232.207454 1.0
156 1 442.072151 178.720750 474.832992 204.780866 1.0
157 1 588.306802 174.635109 615.215437 201.234738 1.0
157 1 273.102024 189.998109 371.415319 242.436377 1.0
157 1 434.897641 180.942773 470.117592 208.529230 1.0
157 1 553.194315 176.659298 572.370933 195.481569 1.0
158 1 589.091727 177.218073 616.028318 203.848866 1.0
158 1 225.158420 194.417967 343.875887 255.744119 1.0
158 1 426.835285 183.227726 464.868435 212.741691 1.0
158 1 552.928801 179.988359 572.570730 199.240509 1.0
159 1 589.310816 176.423185 616.257486 203.063058 1.0
159 1 158.667321 195.749695 306.787621 268.750248 1.0
159 1 416.783439 182.227204 458.149513 213.589283 1.0
159 1 552.612839 179.558788 572.742639 199.256424 1.0
160 1 589.530071 175.627696 616.486827 202.276656 1.0
160 1 60.873998 197.707567 258.764804 287.114824 1.0
160 1 405.311235 181.098984 450.572584 214.556699 1.0
160 1 552.269718 177.857075 572.910446 198.019929 1.0
161 1 589.749491 174.831605 616.716342 201.489661 1.0
161 1 0.000000 199.485267 194.602739 312.222097 1.0
161 1 392.094721 179.696496 441.962100 215.671285 1.0
161 1 551.909960 176.072777 573.085796 196.723433 1.0
162 1 589.922536 175.956669 616.900318 202.626976 1.0
162 1 0.000000 202.097254 100.288950 317.610125 1.0
162 1 376.466656 180.486011 431.883694 219.428000 1.0
162 2 459.273129 175.578041 491.518273 199.886514 1.0
162 1 551.508643 177.185895 573.248235 198.352030 1.0
163 1 590.095723 177.082651 617.084445 203.765219 1.0
163 1 358.033951 181.350035 420.212113 223.859336 1.0
163 2 453.887795 176.377450 487.969589 201.797144 1.0
163 1 551.086834 178.355900 573.418333 200.063846 1.0
164 1 589.915282 177.152692 616.914990 203.846116 1.0
164 1 333.893995 181.669544 405.275985 228.511255 1.0
164 2 447.987148 177.253361 484.109806 203.890673 1.0
164 1 550.167776 178.219112 573.158688 200.495979 1.0
165 1 589.734695 177.222790 616.745399 203.927078 1.0
165 1 304.360876 182.050499 387.464538 234.203477 1.0
165 2 441.157673 176.619000 479.589387 204.594410 1.0
165 1 549.199268 178.074959 572.886177 200.951374 1.0
166 1 589.553963 177.292945 616.575670 204.008105 1.0
166 1 267.399469 182.512511 365.859423 241.328900 1.0
166 2 433.605803 175.917530 474.634759 205.372617 1.0
166 1 548.177210 177.922831 572.599820 201.431961 1.0
167 1 589.531698 177.593295 616.564305 204.319577 1.0
167 1 219.803358 183.084532 339.104621 250.506760 1.0
167 2 425.210521 175.137710 469.180206 206.237775 1.0
167 1 546.821399 177.587063 572.046303 201.764819 1.0
168 1 589.167995 175.091900 616.210829 201.825069 1.0
168 1 155.940371 182.032377 304.062017 260.508253 1.0
168 2 415.867241 172.765146 462.602826 205.753710 1.0
168 1 545.363888 174.914255 571.441970 199.797128 1.0
169 1 588.410695 171.497994 615.453439 198.226339 1.0
169 1 66.348436 180.654071 258.145479 274.544545 1.0
169 2 405.314942 170.087419 455.268556 205.206743 1.0
169 1 543.818593 172.080363 570.804447 197.710865 1.0
170 1 587.679033 170.401493 614.722655 197.129031 1.0
170 1 0.000000 177.846755 194.663342 294.888523 1.0
170 2 391.875685 168.630029 445.781794 206.179318 1.0
170 1 541.948530 170.909733 569.923874 197.336558 1.0
171 1 586.880855 172.351573 613.926657 199.083275 1.0
171 1 0.000000 180.107291 104.753570 306.634657 1.0
171 2 377.989157 170.551023 435.975596 210.842089 1.0
171 1 539.992495 173.220385 569.024229 200.498825 1.0
171 1 470.069227 177.515944 494.171253 195.581892 1.0
172 1 586.082570 174.301917 613.130552 201.037780 1.0
172 2 361.920924 172.770840 424.835945 216.239509 1.0
172 1 537.906587 175.684555 568.070597 203.871157 1.0
172 1 464.439244 179.991454 490.235164 198.839248 1.0
173 1 585.284178 176.252523 612.334339 202.992545 1.0
173 2 341.836684 173.112123 412.597113 220.281744 1.0
173 1 535.803151 177.507628 567.121869 206.660826 1.0
173 1 458.305574 182.564522 485.970719 202.388456 1.0
174 1 584.516534 176.120086 611.567998 202.860883 1.0
174 2 318.021818 173.516780 398.427520 225.075467 1.0
174 1 533.529341 177.211090 566.092802 207.396693 1.0
174 1 452.119258 182.988422 481.814504 203.779890 1.0
175 1 583.732116 174.348189 610.784247 201.087136 1.0
175 2 288.575690 173.135776 381.126435 230.045254 1.0
175 1 530.760158 176.448605 564.702814 207.741986 1.0
175 1 444.456250 181.666406 476.481951 203.368078 1.0
176 1 582.947681 172.576248 610.000477 199.313350 1.0
176 2 252.316073 172.666821 360.545033 236.166073 1.0
176 1 527.779960 175.628027 563.218583 208.113604 1.0
176 1 436.001936 180.166612 470.641650 202.913627 1.0
177 1 582.055715 173.045743 609.110209 199.784694 1.0
177 2 206.568642 172.075486 335.652732 243.890174 1.0
177 1 524.563671 174.742454 561.630187 208.514675 1.0
177 1 426.711020 181.063650 463.948882 205.114943 1.0
178 1 581.163664 173.515283 608.219855 200.256082 1.0
178 2 147.048835 171.306674 304.936752 253.942435 1.0
178 1 521.247010 175.846325 560.072613 211.014179 1.0
178 1 416.315240 181.999694 456.534020 207.578132 1.0
179 1 580.560992 175.350531 607.621713 202.097759 1.0
179 2 66.435115 170.266376 266.082716 267.562260 1.0
179 1 517.644788 177.045221 558.397391 213.729002 1.0
179 1 404.903448 184.748675 448.537934 212.242728 1.0
180 1 579.958130 177.186358 607.023382 203.940015 1.0
180 2 0.000000 170.935212 214.272745 288.728621 1.0
180 1 513.718467 178.351965 556.590669 216.688218 1.0
180 1 391.954742 187.829287 439.576862 217.535802 1.0
181 1 579.613469 181.297940 606.683860 208.120887 1.0
181 2 0.000000 173.051999 143.544956 303.848076 1.0
181 1 508.961133 183.489162 554.239115 224.105684 1.0
181 1 377.136224 191.305391 429.464904 223.593542 1.0
182 1 579.866768 182.606608 606.940435 209.540448 1.0
182 2 0.000000 176.416657 41.224189 305.701795 1.0
182 1 504.732816 184.231713 552.544768 226.977298 1.0
182 1 360.394349 192.342432 418.527507 227.370874 1.0
183 1 580.120129 183.915581 607.197076 210.960364 1.0
183 1 500.657157 185.190532 551.136489 230.343045 1.0
183 1 340.722738 193.537877 405.918673 231.809572 1.0
184 1 580.468741 181.535119 607.547249 208.385988 1.0
184 1 496.096792 183.063055 549.565197 230.330335 1.0
184 1 317.257757 192.092287 391.202558 233.801600 1.0
184 5 637.814480 174.573279 672.045029 212.726270 1.0
185 1 580.817397 179.040416 607.897467 205.811287 1.0
185 1 490.979948 180.611777 548.082693 230.179044 1.0
185 1 288.818515 190.386238 373.833460 236.216177 1.0
185 1 380.653025 184.455634 422.284008 211.218610 1.0
185 5 640.008404 171.684254 675.760993 211.506960 1.0
186 1 581.166097 176.466804 608.247730 203.236263 1.0
186 1 485.227794 177.397326 546.446519 230.008936 1.0
186 1 253.635754 188.342368 353.022914 239.203701 1.0
186 1 368.079824 183.318649 413.241233 211.658024 1.0
186 5 642.397548 168.509571 679.817436 210.174704 1.0
187 1 582.068328 177.003416 609.152077 203.775991 1.0
187 1 479.274700 178.430239 544.226664 234.546244 1.0
187 1 208.926855 190.784763 327.405834 249.047145 1.0
187 1 354.046000 184.610512 403.294115 214.968453 1.0
187 5 645.704212 167.911290 685.015537 211.640610 1.0
188 1 582.970726 177.540128 610.056592 204.315818 1.0
188 1 150.316150 193.829737 295.463954 261.954151 1.0
188 1 338.002231 186.070668 392.050527 218.753250 1.0
189 1 584.207786 177.079821 611.299770 203.861527 1.0
189 1 462.872727 177.300688 539.535357 241.938853 1.0
189 1 70.126058 197.731668 254.525025 279.618493 1.0
189 1 319.013296 186.513490 378.815088 221.768032 1.0
190 1 585.445453 176.619288 612.543559 203.407014 1.0
190 1 452.652113 176.596572 536.732471 246.546434 1.0
190 1 0.000000 198.631787 197.874804 299.292356 1.0
190 1 296.850120 187.022640 363.596147 225.287059 1.0
190 5 656.946756 164.595299 703.260092 215.922800 1.0
190 4 441.432756 176.753214 450.099423 221.695946 1.0
191 1 586.227715 174.973978 613.332044 201.766206 1.0
191 1 440.603387 175.766265 533.540067 251.979117 1.0
191 1 0.000000 199.071245 125.747074 307.065122 1.0
191 1 269.020678 185.033217 343.962234 226.701631 1.0
191 5 660.949969 162.438894 710.154627 216.895129 1.0
191 4 432.961482 175.298571 442.598281 222.798758 1.0
192 1 587.010355 173.327872 614.120911 200.124606 1.0
192 1 425.441305 176.207944 529.231557 259.839724 1.0
192 1 234.856419 185.440577 320.323916 231.581624 1.0
192 5 665.445100 160.002607 717.931493 217.993760 1.0
192 4 423.170249 173.668397 433.170249 224.034736 1.0
193 1 587.793374 171.680967 614.910160 198.482212 1.0
193 1 407.014417 176.744961 524.235389 269.395281 1.0
193 1 192.592381 185.930752 291.876276 237.619715 1.0
193 5 670.122717 160.555085 726.317682 222.540504 1.0
193 4 676.605289 167.747015 692.753311 219.966344 1.0
193 4 412.450806 171.828881 422.850017 225.429549 1.0
194 1 588.728118 174.318349 615.860276 201.138342 1.0
194 1 384.140917 177.411917 518.372695 281.260246 1.0
194 1 138.207394 189.875074 258.029830 249.188503 1.0
194 5 675.449646 161.189213 735.923374 227.759818 1.0
194 4 682.150005 169.872215 697.150005 225.650438 1.0
194 4 660.651264 171.627438 675.651263 219.840217 1.0
194 4 400.732218 173.543185 410.732218 230.782854 1.0
195 1 589.663950 176.958800 616.811499 203.797561 1.0
195 1 354.990350 178.262457 511.396684 296.386902 1.0
195 1 67.115306 194.828613 215.510714 264.315788 1.0
195 5 681.571146 161.924533 747.035457 233.812851 1.0
195 4 689.345737 172.308466 706.175875 232.162883 1.0
195 4 666.899186 173.168294 683.076560 224.616464 1.0
195 4 387.056957 175.506830 398.679058 236.915424 1.0
196 1 591.047450 177.234685 618.208902 204.088098 1.0
196 1 316.567776 179.384474 502.957015 316.334538 1.0
196 1 0.000000 198.555259 161.341148 281.407980 1.0
196 5 688.679297 162.787367 760.038465 240.916708 1.0
196 4 697.897553 170.631333 715.564219 235.180809 1.0
196 4 673.651423 174.927472 689.984756 230.076268 1.0
196 4 370.885038 177.778479 383.218372 244.010767 1.0
196 5 687.794324 162.437631 747.823242 228.915199 1.0
197 1 592.469085 173.455500 619.642780 200.317084 1.0
197 1 261.997862 180.240341 490.693597 343.086831 1.0
197 1 0.000000 195.427929 92.936379 284.223177 1.0
197 5 698.391818 159.054841 777.253587 245.017725 1.0
197 4 707.065463 167.134041 726.683655 237.175390 1.0
197 4 680.182469 172.854612 698.312057 232.142080 1.0
197 4 352.932232 174.445044 368.527294 246.365244 1.0
197 5 695.337589 159.608004 760.698573 231.543909 1.0
198 1 593.892063 169.672739 621.078016 196.542505 1.0
198 1 182.052094 181.001641 475.197232 374.000000 1.0
198 5 710.083046 154.491045 798.215970 250.033333 1.0
198 4 717.645503 162.980617 737.978837 239.539344 1.0
198 4 687.328910 170.447276 705.995577 234.545130 1.0
198 4 331.102870 170.485384 348.602870 249.162506 1.0
198 5 704.207239 156.273091 775.790635 234.642094 1.0
199 1 595.607519 171.688383 622.853402 198.576707 1.0
199 1 53.667926 181.938070 454.995426 374.000000 1.0
199 5 724.426160 148.783484 824.298639 256.307883 1.0
199 4 729.640707 162.437015 754.676816 247.073268 1.0
199 4 696.844882 167.605981 718.031044 237.375336 1.0
199 4 304.229340 172.004849 326.177874 258.860447 1.0
199 5 714.781083 152.284353 793.731638 238.347962 1.0
200 1 597.320027 173.706606 624.631025 200.613274 1.0
200 1 0.000000 183.124628 430.030849 374.000000 1.0
200 5 740.026622 146.193679 854.657497 268.743653 1.0
200 4 743.971650 161.765873 770.971651 256.386247 1.0
200 4 708.392592 169.694657 730.392592 246.546238 1.0
200 4 270.345294 173.876250 294.345295 270.807556 1.0
200 5 725.661446 151.733585 813.686904 247.525110 1.0
201 1 599.034402 175.727411 626.410887 202.652211 1.0
201 1 0.000000 184.827238 394.179422 374.000000 1.0
201 5 760.069220 142.763950 894.534913 285.220965 1.0
201 4 763.326061 160.916299 796.601940 268.192790 1.0
201 4 722.687257 172.232710 750.806017 257.783269 1.0
201 4 226.674109 176.237873 260.653402 285.888913 1.0
201 5 739.170954 151.042943 838.532942 259.040870 1.0
202 1 600.649268 174.790701 628.082241 201.729440 1.0
202 1 0.000000 187.476111 337.993150 374.000000 1.0
202 5 786.766064 138.006598 949.239950 308.092294 1.0
202 4 787.441562 159.806172 822.441561 283.649155 1.0
202 4 738.444790 170.714879 770.111457 266.889049 1.0
202 4 167.304087 175.743835 206.970753 301.564252 1.0
202 1 83.564665 199.554637 254.534538 271.124876 1.0
202 1 407.529437 186.036313 455.277927 213.062986 1.0
202 5 758.413950 147.638630 871.570218 270.454121 1.0
203 1 602.265775 173.852870 629.755562 200.805669 1.0
203 5 824.090377 130.965745 1028.931588 341.975380 1.0
203 4 819.734502 160.245354 866.248693 305.877934 1.0
203 4 758.123591 168.773882 795.811427 278.584340 1.0
203 4 89.988083 175.079218 140.516868 322.662550 1.0
203 1 0.000000 204.556329 191.975261 294.409437 1.0
203 1 391.743431 186.718516 444.014812 216.000097 1.0
203 5 783.419892 143.154403 914.574564 285.496571 1.0
204 1 602.843422 177.237076 630.317090 204.219062 1.0
204 5 879.964619 119.478088 1155.643855 374.000000 1.0
204 4 861.917818 160.871342 912.584484 337.597609 1.0
204 4 781.279877 170.367506 820.279878 298.567113 1.0
204 1 0.000000 211.784818 101.533185 309.117771 1.0
204 1 373.422063 190.195515 431.207468 222.473895 1.0
204 5 813.114898 140.687438 971.489269 311.681276 1.0
205 1 603.422126 180.616840 630.879730 207.639023 1.0
205 5 973.417138 100.175024 1241.000000 374.000000 1.0
205 4 915.837202 161.835516 999.489540 374.000000 1.0
205 4 814.312565 172.582778 874.282035 326.568617 1.0
205 1 350.036552 193.556105 415.941902 229.385005 1.0
205 5 855.540052 137.488637 1051.195470 348.407931 1.0
206 1 603.680465 183.280997 631.095710 210.549993 1.0
206 5 1163.534225 79.344097 1241.000000 374.000000 1.0
206 4 1017.127911 163.513356 1141.062932 374.000000 1.0
206 4 861.572437 175.871579 934.239106 368.627005 1.0
206 1 321.693692 197.539914 397.842963 237.762274 1.0
206 5 920.813779 131.055764 1188.846930 374.000000 1.0
207 1 603.874464 180.908887 631.252748 208.006952 1.0
207 4 936.378649 173.781707 1033.767802 374.000000 1.0
207 1 286.451134 196.497742 375.486349 241.455124 1.0
207 1 330.406099 188.060756 390.487403 224.996531 1.0
207 5 1022.674701 114.004034 1241.000000 374.000000 1.0
208 1 604.006003 178.376262 631.410047 205.459413 1.0
208 4 1084.448558 170.638856 1234.604407 374.000000 1.0
208 1 241.418135 195.212154 347.904917 246.174561 1.0
208 1 300.836747 187.390895 369.654743 227.987564 1.0
209 1 603.743063 177.969336 631.167863 205.074377 1.0
209 1 180.900012 197.091127 312.594870 256.742542 1.0
209 1 264.595546 186.588658 344.702952 231.653903 1.0
209 1 468.589824 184.378422 498.511229 203.331819 1.0
210 1 603.413071 177.561794 630.925266 204.688704 1.0
210 1 96.942788 199.547493 266.426064 271.407505 1.0
210 1 221.689340 186.916351 315.796070 237.431770 1.0
210 1 459.467901 184.064176 491.349113 204.058720 1.0
211 1 603.072497 177.153635 630.682254 204.302390 1.0
211 1 0.000000 202.628211 204.805700 291.544974 1.0
211 1 167.112260 187.319476 280.230586 244.782544 1.0
211 1 449.256627 183.715411 483.399388 204.872463 1.0
212 1 602.365995 176.888133 630.043625 204.059064 1.0
212 1 0.000000 206.962046 120.232128 305.122318 1.0
212 1 95.352812 187.827466 235.406380 254.449713 1.0
212 1 437.748402 183.326105 474.524634 205.789604 1.0
213 1 601.658440 176.622224 629.403970 203.815329 1.0
213 1 0.000000 188.487355 177.166993 267.704523 1.0
213 1 424.679299 182.888750 464.553489 206.831191 1.0
214 1 601.153785 173.063574 628.760806 200.273428 1.0
214 1 0.000000 188.817480 98.664388 276.330824 1.0
214 1 410.094350 180.369867 453.618129 205.792858 1.0
215 1 600.935617 174.580658 628.489804 201.813772 1.0
215 1 393.250847 182.671278 441.725457 210.341665 1.0
216 1 601.004729 175.398689 628.582225 202.653931 1.0
216 1 373.546322 185.319207 428.025867 215.663514 1.0
217 1 601.074004 176.218112 628.674743 203.495388 1.0
217 1 349.868208 186.386873 412.703835 219.689686 1.0
218 1 601.143441 177.038930 628.767361 204.338145 1.0
218 1 321.375817 187.646548 394.619782 224.535745 1.0
219 1 601.028244 175.333527 628.665916 202.645287 1.0
219 1 287.787796 187.076050 372.052908 228.090073 1.0
220 1 600.912933 173.626419 628.564370 200.950753 1.0
220 1 245.524580 186.381503 344.570168 232.563124 1.0
220 4 802.214306 161.992943 820.547639 222.307346 1.0
221 1 600.797507 171.917606 628.462722 199.254539 1.0
221 1 191.397644 189.574626 310.934493 243.278728 1.0
221 4 815.496987 159.877937 837.311642 224.680150 1.0
222 1 600.841827 172.759736 628.521866 200.111726 1.0
222 1 118.403873 193.656513 267.926313 257.733467 1.0
222 4 830.171990 157.423085 853.838656 227.434635 1.0
223 1 600.916242 176.480777 628.612285 203.850585 1.0
223 1 18.101779 198.361659 213.678002 276.735636 1.0
223 1 510.964117 181.610460 531.659028 196.975877 1.0
223 4 849.410133 160.401304 876.669546 236.545928 1.0
224 1 601.100060 179.946577 628.812029 207.333929 1.0
224 1 0.000000 204.794124 139.495420 297.597704 1.0
224 1 506.405030 184.222693 528.203141 200.419041 1.0
224 4 871.477704 163.950350 899.811038 247.405805 1.0
225 1 600.794059 179.936258 628.520533 207.337915 1.0
225 1 501.207723 184.533617 524.240651 201.498321 1.0
225 4 898.575205 162.375512 932.616806 254.678975 1.0
226 1 600.487739 179.925929 628.228731 207.341905 1.0
226 1 447.847998 187.368226 476.688396 206.337403 1.0
226 1 495.306761 184.714058 519.804485 202.572043 1.0
226 4 930.979558 161.505005 966.979558 264.758383 1.0
227 1 600.181099 179.915588 627.936620 207.345900 1.0
227 1 439.666929 188.343826 470.435356 208.341328 1.0
227 1 488.758794 184.913044 514.912284 203.763523 1.0
227 4 971.407444 160.400550 1018.546530 277.551511 1.0
228 1 600.105178 181.468782 627.875931 209.001660 1.0
228 1 430.622311 189.414506 463.572738 210.556837 1.0
228 1 481.802042 186.546064 509.818357 206.606379 1.0
228 4 1022.634861 158.953198 1074.634859 294.324782 1.0
229 1 599.946728 181.572218 627.732394 209.128549 1.0
229 1 420.564298 188.284960 456.006318 210.509365 1.0
229 1 473.791003 187.027808 503.942114 208.349112 1.0
229 4 1096.162155 156.973914 1178.671615 317.277781 1.0
230 1 599.556261 180.073491 627.356138 207.547608 1.0
230 1 409.316010 187.033105 447.620346 210.456273 1.0
230 1 464.528283 185.448287 497.162480 208.028641 1.0
230 1 508.381582 183.388211 527.667052 198.458518 1.0
230 4 1198.882940 154.773702 1241.000000 349.470024 1.0
231 1 599.165395 178.477703 626.979493 205.965049 1.0
231 1 396.652873 185.637938 438.274047 210.396500 1.0
231 1 453.978317 183.666544 489.514592 207.663619 1.0
231 1 504.394912 182.385278 524.737119 198.082485 1.0
232 1 598.774129 176.880267 626.602459 204.380869 1.0
232 1 382.406261 185.876497 427.878809 212.310294 1.0
232 1 441.514978 183.091937 480.621676 208.908486 1.0
232 1 500.026696 181.292131 521.543579 197.670455 1.0
233 1 598.726566 176.157384 626.569542 203.672029 1.0
233 1 366.205149 185.064984 416.202530 213.282901 1.0
233 1 426.942555 182.428929 470.360099 210.364097 1.0
233 1 495.219409 180.056856 518.049184 197.217000 1.0
234 1 598.678953 175.433738 626.536590 202.962447 1.0
234 1 347.529798 184.142953 402.935492 214.404107 1.0
234 1 410.719939 181.865220 459.329658 212.322115 1.0
234 1 489.903346 178.648917 514.209317 196.715542 1.0
235 1 598.631291 174.709327 626.503603 202.252121 1.0
235 1 325.427507 186.357156 387.506956 219.460089 1.0
235 1 390.198640 183.194745 445.394749 216.898380 1.0
235 1 483.829387 179.896919 509.818816 198.975938 1.0
236 1 598.815002 175.587990 626.702696 203.146317 1.0
236 1 299.260356 188.927401 369.596423 225.446392 1.0
236 1 365.051634 184.788631 428.687744 222.506729 1.0
236 1 477.035779 181.249040 504.946143 201.504226 1.0
237 1 598.998914 176.467623 626.902009 204.041492 1.0
237 1 267.265854 190.193170 348.196973 230.666706 1.0
237 1 333.516236 186.734430 408.290089 229.540688 1.0
237 1 469.386572 182.697685 499.507254 204.351029 1.0
238 1 599.183028 177.348226 627.101541 204.937646 1.0
238 1 227.945988 191.705255 322.631049 237.082990 1.0
238 1 292.803859 189.163153 382.827019 238.622974 1.0
238 1 460.176681 182.765058 492.908580 205.880150 1.0
239 1 599.093640 176.705188 627.065092 204.346565 1.0
239 1 178.459737 193.543304 291.550603 245.159406 1.0
239 1 236.956330 190.661680 348.831986 249.138890 1.0
239 1 449.639685 182.841287 485.442266 207.629688 1.0
240 1 599.003913 176.059706 627.028504 203.753241 1.0
240 1 111.851746 195.169768 251.089095 254.494470 1.0
240 1 157.239724 192.672076 303.214578 264.153998 1.0
240 1 437.466469 182.928241 476.925144 209.651002 1.0
241 1 598.913845 175.411764 626.991776 203.157660 1.0
241 1 18.906271 197.887458 198.853268 269.314379 1.0
241 1 34.191064 195.510621 238.786619 287.341533 1.0
241 1 423.918561 182.653862 467.481819 211.419931 1.0
242 1 598.823435 174.761349 626.954908 202.559810 1.0
242 1 0.000000 201.568873 128.077605 285.203401 1.0
242 1 0.000000 200.976419 142.915791 315.501397 1.0
242 1 408.091557 182.338315 456.621059 213.486569 1.0
243 1 598.891143 176.301169 627.077295 204.154320 1.0
243 1 0.000000 204.124166 33.717285 283.464008 1.0
243 1 387.918178 184.550023 443.096056 219.116335 1.0
244 1 598.959114 177.846987 627.200159 205.755027 1.0
244 1 363.252544 187.190675 426.946740 226.000428 1.0
245 1 599.034170 176.130650 627.328981 204.090921 1.0
245 1 332.551908 187.934608 407.407110 231.703497 1.0
246 1 599.109512 174.407766 627.458295 202.420479 1.0
246 1 293.119697 188.856292 383.196079 239.029706 1.0
247 1 599.376428 175.296069 627.780522 203.363701 1.0
247 1 240.834900 190.569136 352.570675 249.415773 1.0
248 1 599.644383 176.187840 628.104007 204.310599 1.0
248 1 167.867735 192.817413 312.364460 263.914264 1.0
249 1 599.690491 176.346667 628.244837 204.563017 1.0
249 1 58.920508 195.898697 257.247921 285.570614 1.0
250 1 599.736906 176.506553 628.386608 204.817118 1.0
250 1 0.000000 200.381208 177.038896 319.302217 1.0
251 1 599.793723 177.635633 628.539827 206.041875 1.0
252 1 599.850924 178.772336 628.694080 207.274893 1.0
253 1 599.908511 179.916739 628.849379 208.516255 1.0
254 1 599.949943 179.481713 628.988513 208.177484 1.0
255 1 599.991656 179.043741 629.128589 207.836420 1.0
256 1 600.033652 178.602792 629.269618 207.493040 1.0
257 1 600.056215 176.267580 629.391077 205.254460 1.0
258 1 600.078932 173.916518 629.513361 203.000701 1.0
259 1 599.618175 172.629544 629.155036 201.814522 1.0
260 1 599.154199 171.333565 628.794203 200.620050 1.0
261 1 598.813625 173.946704 628.559235 203.338715 1.0
262 1 598.470616 176.578558 628.322583 206.076831 1.0
263 1 597.838783 176.643014 627.796613 206.246125 1.0
264 1 597.364206 175.568355 627.428226 205.276103 1.0
265 1 596.886251 174.486034 627.057211 204.299171 1.0
266 1 596.404881 173.395969 626.683540 203.315256 1.0
267 1 595.920059 172.298076 626.307184 202.324282 1.0
268 1 595.431749 171.192271 625.928115 201.326174 1.0
269 1 594.820002 175.203520 625.413862 205.435564 1.0
269 3 199.816796 173.931922 323.693285 203.241988 1.0
270 1 594.204324 179.240585 624.896299 209.571370 1.0
270 3 192.295833 175.822045 318.998283 205.915240 1.0
271 1 593.559881 180.859732 624.349511 211.331614 1.0
271 3 184.425888 177.787772 314.115354 208.705308 1.0
272 1 592.743318 180.288280 623.630102 210.812553 1.0
272 3 176.026020 179.833730 309.032988 211.620021 1.0
273 1 591.921570 179.669197 622.906115 210.290194 1.0
273 3 166.557769 176.754785 303.149174 209.000510 1.0
274 1 591.094588 179.046164 622.177507 209.764507 1.0
274 3 156.640644 173.542932 297.011204 206.256733 1.0
275 1 590.364086 178.101560 621.545915 208.917626 1.0
275 3 145.017240 172.575318 289.561590 206.003971 1.0
276 1 589.628908 177.150898 620.910270 208.065322 1.0
276 3 132.811234 171.562632 281.764304 205.738506 1.0
277 1 588.889008 176.194120 620.270534 207.207541 1.0
277 3 119.977667 170.501646 273.594457 205.459358 1.0
278 1 588.144341 175.231166 619.626666 206.344231 1.0
278 3 106.466839 169.388820 265.024726 205.165442 1.0
279 1 588.059781 174.490401 619.561467 205.622273 1.0
279 3 92.223654 168.220260 256.025047 204.855557 1.0
280 1 587.975149 173.748658 619.496153 204.899443 1.0
280 3 78.442024 167.984744 247.595451 205.598588 1.0
281 1 587.890446 173.005936 619.430723 204.175740 1.0
281 3 63.888732 167.737187 238.734438 206.383254 1.0
282 1 587.805671 172.262233 619.365179 203.451162 1.0
282 3 48.497088 167.476641 229.408033 207.213153 1.0
283 1 587.720825 171.517548 619.299519 202.725708 1.0
283 3 32.192489 167.202056 219.578596 208.092315 1.0
284 1 587.514643 171.395614 619.112574 202.623313 1.0
284 3 16.627787 167.986156 210.603325 210.185508 1.0
285 1 587.308241 171.273517 618.925351 202.520792 1.0
285 3 0.112695 168.813526 201.244235 212.406623 1.0
286 1 587.439457 171.448247 619.076317 202.715380 1.0
286 3 0.000000 169.007224 190.142028 213.557551 1.0
287 1 587.570866 171.623214 619.290324 202.910207 1.0
287 3 0.000000 169.212443 178.405450 214.755695 1.0
288 1 587.713715 172.896454 619.523297 204.203552 1.0
288 3 0.000000 169.430242 165.978533 216.009214 1.0
289 1 588.079722 171.917661 619.846089 203.200742 1.0
289 3 0.000000 169.661814 152.798528 217.322089 1.0
290 1 588.445162 170.940373 620.168427 202.199488 1.0
290 3 0.000000 168.508562 138.684232 217.182255 1.0
291 1 588.810037 169.964586 620.490313 201.199785 1.0
291 3 0.000000 167.277715 123.662418 217.036487 1.0
292 1 589.174347 168.990297 620.811747 200.201632 1.0
292 3 0.000000 165.921970 107.642656 216.884327 1.0
293 1 589.584814 169.611815 621.176157 200.799655 1.0
293 3 0.000000 166.006191 90.944938 218.279900 1.0
294 1 589.994666 170.232411 621.540073 201.396781 1.0
294 3 0.000000 166.094217 73.066918 219.750202 1.0
295 1 590.403905 170.852086 621.914565 201.993013 1.0
295 3 0.000000 166.186367 53.878872 221.301463 1.0
295 4 279.543331 183.345600 293.908392 218.714816 1.0
296 1 590.812532 171.470842 622.300074 202.588352 1.0
296 4 264.194237 183.849372 276.860904 220.886023 1.0
297 1 591.220548 172.088682 622.685010 203.182801 1.0
297 4 247.788742 184.402176 262.107365 223.292449 1.0
298 1 591.627956 172.705607 623.069376 203.776361 1.0
298 4 229.619405 185.011530 244.952738 225.950773 1.0
299 1 592.185480 172.956879 623.552204 203.953185 1.0
299 4 209.378562 185.686575 225.983319 228.902691 1.0
299 5 242.921201 181.483476 288.725731 225.914956 1.0
300 1 592.740341 173.206953 624.032729 204.129164 1.0
300 4 186.959670 186.438535 203.959670 232.199643 1.0
300 5 224.026504 182.581112 272.688237 229.383873 1.0
301 1 593.292558 173.455839 624.510968 204.304303 1.0
301 4 160.860290 187.870045 178.542543 236.650252 1.0
301 5 203.032066 183.796234 254.946389 233.239180 1.0
302 1 593.842150 173.703544 624.986937 204.478610 1.0
302 4 131.332264 189.493817 148.998930 241.713394 1.0
302 5 179.566677 185.135749 235.213811 237.549234 1.0
303 1 594.389136 173.950077 625.460652 204.652090 1.0
303 4 97.474028 191.351774 117.131346 247.523653 1.0
303 5 153.166146 186.632771 213.136142 242.399526 1.0
304 1 594.784641 175.363437 625.783454 205.992734 1.0
304 4 57.165290 194.634535 78.165290 255.239098 1.0
304 5 123.242272 188.318461 188.269625 247.898408 1.0
305 1 595.178290 176.770176 626.104743 207.327080 1.0
305 4 10.764977 198.451901 38.577903 264.242916 1.0
305 5 89.038429 190.230896 160.050976 254.185283 1.0
306 1 595.111359 176.847636 625.964281 207.332004 1.0
306 5 49.564660 192.419133 127.754262 261.442588 1.0
307 1 595.044745 176.924730 625.824483 207.336904 1.0
307 5 6.721871 194.077123 93.341873 268.797386 1.0
308 1 594.978446 177.001461 625.685343 207.341780 1.0
308 5 0.000000 196.008701 53.244881 275.013813 1.0
309 1 594.776337 178.523796 625.447025 208.828054 1.0
310 1 594.574701 180.042592 625.209261 210.310852 1.0
311 1 594.852582 179.511626 625.451211 209.744265 1.0
312 1 594.355708 180.806890 624.917684 211.054811 1.0
313 1 593.860001 182.037970 624.385404 212.362275 1.0
313 1 1079.678910 172.040181 1142.707423 194.937375 1.0
