0 1 286.703158 187.113715 527.953102 292.563529 1.0
1 1 219.924597 185.942776 482.560839 299.357499 1.0
2 1 138.444465 187.587268 430.734967 312.470030 1.0
3 1 46.844795 186.618416 377.060349 324.182503 1.0
4 1 0.000000 189.068685 314.454345 341.820162 1.0
4 1 1216.377793 178.844886 1241.000000 222.455162 1.0
5 1 0.000000 195.343936 244.889552 350.938475 1.0
5 1 1179.670918 178.078467 1241.000000 221.589408 1.0
6 1 0.000000 192.929778 162.259517 346.552173 1.0
6 1 1143.113112 177.315573 1241.000000 220.746381 1.0
7 1 0.000000 198.354147 63.412266 350.060019 1.0
7 1 1108.114386 176.555258 1241.000000 219.924904 1.0
8 1 1076.795708 176.871710 1212.834693 219.420070 1.0
9 1 1047.179649 177.222947 1179.542895 218.759266 1.0
10 1 1017.014235 176.531130 1144.238677 216.930101 1.0
11 1 989.160277 176.832951 1111.889234 216.147784 1.0
12 1 962.794664 177.120058 1081.119070 215.406173 1.0
13 1 939.115617 176.508500 1053.184516 213.779039 1.0
14 1 916.621057 175.926363 1026.567307 212.234102 1.0
15 1 895.501738 175.622174 1001.287387 210.987784 1.0
16 1 875.486875 175.332773 977.154046 209.803253 1.0
17 1 856.564871 175.050985 953.988138 208.606554 1.0
18 1 838.645736 174.783312 931.904483 207.470730 1.0
19 1 823.466680 174.528525 912.826785 206.412857 1.0
20 1 809.039417 174.285676 894.571851 205.404909 1.0
21 1 795.310384 174.053998 877.086942 204.443475 1.0
22 1 782.124210 174.038126 860.472720 203.666103 1.0
23 1 769.560590 174.023133 844.632718 202.926738 1.0
24 1 757.576682 174.008959 829.513836 202.222666 1.0
25 1 747.336965 173.993694 816.272465 201.515630 1.0
26 1 737.571583 173.979259 803.636524 200.842450 1.0
27 1 728.248534 173.965597 791.565222 200.200757 1.0
28 1 720.613534 173.952640 780.428876 199.578190 1.0
29 1 713.364354 173.940952 769.729316 198.983157 1.0
30 1 706.920171 173.928867 759.863632 198.385555 1.0
31 1 700.801476 173.917982 750.388988 197.814578 1.0
32 1 695.608529 173.843684 742.618573 197.174224 1.0
33 1 690.656167 173.772950 735.184673 196.563408 1.0
34 1 685.928284 173.705548 728.065753 195.980143 1.0
35 1 681.410147 173.641266 721.242115 195.422616 1.0
35 1 1223.426372 218.483561 1241.000000 374.000000 1.0
36 1 678.192323 173.579141 715.873131 194.885455 1.0
36 1 1135.640577 209.868585 1241.000000 374.000000 1.0
37 1 675.114422 173.519809 710.717463 194.371154 1.0
37 1 1069.146253 204.596494 1241.000000 374.000000 1.0
38 1 672.167660 173.463101 705.762597 193.878293 1.0
38 1 1009.984960 200.481567 1241.000000 374.000000 1.0
39 1 669.258963 173.404874 701.630127 193.381231 1.0
39 1 958.045664 197.207671 1241.000000 374.000000 1.0
40 1 666.465810 173.349090 697.669169 192.905123 1.0
40 1 917.279189 194.650221 1241.000000 374.000000 1.0
41 1 663.781470 173.295599 693.869242 192.448674 1.0
41 1 884.515044 192.531463 1241.000000 374.000000 1.0
41 1 1224.728987 191.087590 1241.000000 319.895792 1.0
42 1 661.932189 173.284196 690.535057 192.012076 1.0
42 1 857.767978 190.798486 1184.932361 374.000000 1.0
42 1 1177.798576 189.164970 1241.000000 319.286946 1.0
43 1 660.162348 173.273369 687.340093 191.594476 1.0
43 1 835.519948 189.354718 1110.702748 350.268222 1.0
43 1 1132.755533 187.377820 1241.000000 318.724917 1.0
44 1 658.467016 173.263080 684.275742 191.194660 1.0
44 1 816.211632 188.111099 1051.659218 330.331451 1.0
44 1 1094.205402 186.334631 1241.000000 318.236877 1.0
45 1 656.841657 173.253298 681.334104 190.811519 1.0
45 1 799.724092 187.047944 1004.499374 314.437169 1.0
45 1 1060.838704 185.441694 1241.000000 317.823008 1.0
46 1 655.282087 173.243990 678.507909 190.444033 1.0
46 1 785.481331 186.128630 965.963412 301.469041 1.0
46 1 1027.950653 184.562764 1241.000000 305.733546 1.0
47 1 773.201866 185.646041 934.534443 290.926402 1.0
47 1 999.362769 183.799785 1241.000000 294.077518 1.0
48 1 762.419363 185.222318 908.075306 282.050668 1.0
48 1 973.548508 183.112387 1191.753539 283.625184 1.0
49 1 751.548700 184.142258 882.792179 272.888688 1.0
49 1 950.936346 182.509560 1144.775989 274.839849 1.0
52 1 726.066192 183.146603 826.413522 254.123195 1.0
52 1 895.178893 181.047840 1037.740724 254.943127 1.0
53 1 718.095857 182.349865 810.277231 248.394915 1.0
53 1 880.017361 180.654312 1010.479810 249.890689 1.0
53 1 1207.848492 191.368861 1241.000000 321.810092 1.0
54 1 710.967209 181.637267 796.170799 243.387409 1.0
54 1 866.152061 180.262409 986.704731 245.388847 1.0
54 1 1158.394180 188.871596 1241.000000 320.844071 1.0
55 1 704.752212 180.981168 783.822031 238.848103 1.0
55 1 1173.067260 236.844875 1241.000000 374.000000 1.0
55 1 853.577727 179.872886 965.582502 241.386201 1.0
55 1 1116.159486 186.889230 1241.000000 319.810937 1.0
56 1 699.147562 180.354472 772.891123 234.830143 1.0
56 1 1084.649085 225.806663 1241.000000 374.000000 1.0
56 1 839.967424 179.516760 944.081699 237.758245 1.0
56 1 1078.498490 185.484398 1241.000000 318.508825 1.0
57 1 693.919606 179.927151 762.560151 231.297563 1.0
57 1 1017.361788 217.432222 1241.000000 374.000000 1.0
57 1 829.932531 179.172102 927.239758 234.281144 1.0
57 1 1046.172506 185.468328 1241.000000 319.155776 1.0
58 1 689.181331 179.545747 753.339995 228.145867 1.0
58 1 966.249677 211.936683 1241.000000 374.000000 1.0
58 1 819.248328 178.892433 910.056954 231.202896 1.0
58 1 1018.005852 185.454368 1241.000000 315.433634 1.0
59 1 684.867018 179.203235 745.060637 225.316607 1.0
59 1 926.106264 207.668609 1241.000000 374.000000 1.0
59 1 809.457483 178.639778 894.534921 228.422072 1.0
59 1 990.027641 183.482530 1241.000000 300.361451 1.0
60 1 680.771103 178.874879 737.246633 222.614105 1.0
60 1 888.355178 203.706428 1241.000000 374.000000 1.0
60 1 800.193451 178.405821 880.073455 225.849096 1.0
60 1 965.504570 181.759144 1230.892289 287.863705 1.0
61 1 677.030266 178.578577 730.195877 220.176189 1.0
61 1 858.090004 200.535261 1241.000000 374.000000 1.0
61 1 791.657484 178.192849 866.909750 223.506962 1.0
61 1 940.356162 181.799955 1178.548524 279.230136 1.0
62 1 672.911990 178.458640 723.226825 217.993056 1.0
62 1 833.285722 197.939717 1235.715468 374.000000 1.0
62 1 783.767004 177.998159 854.876610 221.365936 1.0
62 1 918.052609 181.836268 1134.208345 271.890349 1.0
63 1 669.142183 178.350060 716.917459 216.016163 1.0
63 1 811.693913 195.615893 1145.227766 374.000000 1.0
63 1 775.991790 177.789123 843.014551 219.184106 1.0
63 1 896.252517 181.821632 1092.575743 265.021830 1.0
64 1 665.500819 178.109231 710.905198 214.015071 1.0
64 1 793.631303 193.670880 1076.972598 361.979811 1.0
64 1 768.818437 177.598261 832.184274 217.192059 1.0
64 1 880.721388 181.094045 1057.986947 258.240454 1.0
65 1 662.153262 177.889932 705.430319 212.192552 1.0
65 1 777.074699 191.913315 1020.090258 339.502945 1.0
65 1 762.179672 177.423302 822.256763 215.366065 1.0
65 1 866.809735 180.297935 1027.847500 252.352050 1.0
66 1 659.065355 177.689401 700.423828 210.525723 1.0
66 1 762.977991 190.416227 975.163870 321.773482 1.0
66 1 754.894257 177.250663 811.749371 213.594137 1.0
66 1 851.599532 179.826609 997.177440 246.866563 1.0
67 1 656.066805 177.525718 695.541156 208.949169 1.0
67 1 750.572028 189.066612 936.559383 306.802201 1.0
67 1 748.140006 177.091975 802.091413 211.965474 1.0
67 1 837.993373 179.415613 970.433331 242.094101 1.0
68 1 653.294411 177.375543 691.061335 207.502612 1.0
68 1 739.840795 187.897459 904.882664 294.546898 1.0
68 1 1210.876618 212.694785 1240.000000 371.643507 1.0
68 1 741.513023 176.786806 793.121841 210.277223 1.0
68 1 825.750347 179.054065 946.906532 237.904129 1.0
68 3 1210.009432 1.000000 1240.000000 338.471252 1.0
69 1 650.723530 177.237269 686.936469 206.170610 1.0
69 1 730.122837 186.865300 877.861299 284.244086 1.0
69 1 1136.852973 205.261194 1241.000000 374.000000 1.0
69 1 735.880605 176.502908 785.405501 208.702209 1.0
69 1 813.982152 178.608188 925.480215 233.919473 1.0
69 3 1151.317100 0.000000 1241.000000 337.791579 1.0
70 1 648.139072 177.001589 682.864980 204.791198 1.0
70 1 1058.741619 199.410582 1241.000000 374.000000 1.0
70 1 730.629581 176.240185 778.263035 207.243856 1.0
70 3 1102.587368 0.000000 1241.000000 337.148056 1.0
71 1 645.736004 176.783828 679.102978 203.516604 1.0
71 1 1000.475589 195.375605 1241.000000 374.000000 1.0
71 1 724.978915 175.986831 770.711870 205.808027 1.0
71 3 1061.747040 0.000000 1241.000000 336.519180 1.0
72 1 643.667058 176.591786 675.507557 202.315071 1.0
72 1 707.185961 184.494268 817.305443 260.667390 1.0
72 1 951.623837 192.602325 1241.000000 374.000000 1.0
72 1 719.709194 175.752160 763.715930 204.477435 1.0
72 1 784.692092 177.499136 873.429355 224.002236 1.0
72 3 1027.023646 0.000000 1241.000000 335.904734 1.0
73 1 641.737976 176.413663 672.172744 201.200967 1.0
73 1 700.236409 183.961404 801.158836 254.712438 1.0
73 1 913.416945 190.423502 1241.000000 374.000000 1.0
73 1 714.652859 175.578148 756.353077 203.262983 1.0
73 1 775.868692 177.168690 858.165522 221.046918 1.0
73 3 997.138671 0.000000 1241.000000 335.304513 1.0
74 1 639.935044 176.248000 669.071189 200.165083 1.0
74 1 694.029474 183.485360 787.106246 249.531796 1.0
74 1 879.909026 188.567037 1241.000000 374.000000 1.0
74 1 709.923875 175.416211 749.500150 202.133444 1.0
74 1 767.553054 176.959024 844.618298 218.657611 1.0
74 3 968.946170 0.000000 1241.000000 334.717061 1.0
75 1 638.194090 176.096391 666.148709 199.223310 1.0
75 1 689.102379 183.027901 775.300534 244.771926 1.0
75 1 852.705093 187.058240 1241.000000 374.000000 1.0
75 1 705.491481 175.265134 743.105911 201.080214 1.0
75 1 759.336028 176.752266 831.470875 216.362869 1.0
75 3 944.443005 0.000000 1241.000000 334.143890 1.0
76 1 636.557316 175.954444 663.412478 198.341773 1.0
76 1 684.670936 182.616373 764.905828 240.582270 1.0
76 1 829.382199 185.734460 1238.188189 374.000000 1.0
76 1 701.328654 175.123863 737.125767 200.095813 1.0
76 1 751.804535 176.565146 819.572847 214.286847 1.0
76 3 922.949461 0.000000 1241.000000 333.584825 1.0
77 1 635.015645 175.821266 660.845238 197.514872 1.0
77 1 679.852991 182.002808 754.576447 236.485401 1.0
77 1 809.922936 184.629395 1151.413739 372.225679 1.0
77 1 697.411557 174.991474 731.520721 199.173709 1.0
77 1 745.452471 176.397407 809.437184 212.419744 1.0
77 3 902.927854 0.000000 1241.000000 333.100190 1.0
78 1 633.527101 175.692287 658.367821 196.710284 1.0
78 1 675.487806 181.446788 745.380029 232.838925 1.0
78 1 791.905659 183.623238 1079.506417 346.399468 1.0
78 1 739.584689 176.244075 800.172478 210.713519 1.0
78 1 885.181073 0.000000 1241.000000 322.253161 1.0
79 1 632.123181 175.571075 656.039577 195.954302 1.0
79 1 671.514427 180.940581 737.139862 229.572439 1.0
79 1 776.622734 182.769048 1023.935343 326.482741 1.0
79 1 734.147842 176.103372 791.671088 209.148238 1.0
79 3 869.342267 11.488836 1241.000000 307.234666 1.0
80 1 630.796874 175.456950 653.847424 195.242650 1.0
80 1 667.608060 180.681378 729.325445 226.809923 1.0
80 1 763.024783 182.192372 977.844522 310.174293 1.0
80 1 729.096141 175.973798 783.842410 207.707130 1.0
80 1 853.806354 26.980829 1241.000000 293.869239 1.0
81 1 629.541917 175.349309 651.779764 194.571541 1.0
81 1 664.030497 180.418378 722.262984 224.313758 1.0
81 1 751.302191 181.694906 940.659632 297.035093 1.0
81 1 724.132239 175.849845 776.268156 206.339420 1.0
81 3 839.858766 39.831886 1205.183111 282.908167 1.0
82 1 660.741900 180.171213 715.848925 222.047196 1.0
82 1 741.092025 181.261378 910.026807 286.223129 1.0
82 1 719.505221 175.735211 769.263544 205.074817 1.0
82 1 827.656892 50.597040 1155.059484 273.795205 1.0
83 1 657.651397 179.934811 709.862834 219.915034 1.0
83 1 731.514674 180.394094 882.282243 275.799037 1.0
83 1 715.181922 175.628883 762.766640 203.902085 1.0
83 3 816.581835 59.740702 1112.508029 266.065982 1.0
84 1 654.798410 179.718834 704.394229 217.967509 1.0
84 1 723.130995 179.479157 859.054390 267.079348 1.0
84 1 710.378588 175.466501 754.998104 202.613730 1.0
84 1 805.950925 68.070700 1073.874078 259.029572 1.0
85 1 652.156571 179.520745 699.378786 216.181634 1.0
85 1 715.730920 178.701797 839.323314 259.677634 1.0
85 1 1154.999897 167.466276 1241.000000 374.000000 1.0
85 1 705.912894 175.316456 747.816301 201.424082 1.0
85 3 796.271571 75.249714 1040.591916 252.972270 1.0
85 1 986.772359 179.331804 1083.812549 214.134250 1.0
86 1 649.703277 179.338410 694.762419 214.538083 1.0
86 1 708.677825 178.686701 821.410813 253.741446 1.0
86 1 1070.332535 166.083617 1241.000000 374.000000 1.0
86 1 701.750546 175.177399 741.157073 200.322220 1.0
86 1 787.421490 81.500881 1011.621536 247.703007 1.0
86 1 974.568728 178.871029 1069.764222 213.216476 1.0
87 1 647.635816 179.103317 690.671011 212.899354 1.0
87 1 702.394273 178.673653 805.930909 248.614224 1.0
87 1 1008.440473 164.593231 1241.000000 374.000000 1.0
87 1 697.861736 175.048171 734.965290 199.298774 1.0
87 3 778.576743 87.552845 983.744042 242.604157 1.0
87 1 962.660634 178.421412 1056.054081 212.321819 1.0
88 1 645.711454 178.886214 686.892838 211.386266 1.0
88 1 696.377473 178.626196 791.431952 243.749996 1.0
88 1 959.049619 163.058215 1241.000000 374.000000 1.0
88 1 694.220437 174.927770 729.193316 198.345664 1.0
88 3 770.499794 92.845899 959.369633 238.148477 1.0
88 1 951.037493 177.982553 1042.670036 211.449421 1.0
89 1 643.915830 178.685112 683.393253 209.984904 1.0
89 1 690.997784 178.584830 778.795677 239.512570 1.0
89 1 920.444053 161.542473 1241.000000 374.000000 1.0
89 3 763.094828 97.514371 937.877044 234.221492 1.0
89 1 939.689223 177.554072 1029.600569 210.598464 1.0
90 1 642.236444 178.498306 680.142539 208.683334 1.0
90 1 685.772150 178.117794 767.016961 235.212603 1.0
90 1 885.798855 160.439317 1241.000000 374.000000 1.0
90 3 755.822572 101.646292 918.161854 230.750677 1.0
90 1 928.606207 177.135608 1016.834696 209.768168 1.0
91 1 640.375331 178.316222 676.755240 207.426731 1.0
91 1 681.065554 177.705830 756.628228 231.421422 1.0
91 1 857.791913 161.561761 1241.000000 374.000000 1.0
91 3 749.106613 105.343903 900.522581 227.646562 1.0
91 1 919.715259 177.110591 1006.555668 209.397836 1.0
92 1 638.631229 178.146633 673.600457 206.256494 1.0
92 1 676.804327 177.339739 747.397143 228.053768 1.0
92 1 834.682245 162.339341 1241.000000 374.000000 1.0
92 3 742.885472 108.672259 884.647746 224.853951 1.0
92 1 910.997439 177.086082 996.485622 209.035249 1.0
93 1 636.961215 177.979895 670.576797 205.120714 1.0
93 1 672.741367 176.993071 738.694251 224.857317 1.0
93 1 813.748593 163.845003 1154.454597 372.135172 1.0
93 3 737.012193 111.820018 869.855672 222.211746 1.0
93 1 902.447740 177.062067 986.618250 208.680168 1.0
94 1 635.393575 177.824250 667.754374 204.060614 1.0
94 1 669.050533 176.683172 730.915007 222.000873 1.0
94 1 796.127215 164.985779 1084.934707 347.123061 1.0
94 3 731.559917 114.669568 856.467061 219.820977 1.0
94 1 894.061344 177.038530 976.947491 208.332361 1.0
95 1 633.919174 177.678626 665.113744 203.068874 1.0
95 1 665.682940 176.404486 723.919779 219.432925 1.0
95 1 781.089687 165.873076 1030.898320 327.691125 1.0
95 3 726.484944 117.261370 844.291218 217.647384 1.0
95 1 885.833619 177.015458 967.467529 207.991607 1.0
96 1 632.529935 177.542086 662.637892 202.139086 1.0
96 1 662.416394 176.271128 717.144554 217.048906 1.0
96 1 767.262387 166.695956 984.079694 311.603079 1.0
96 1 1142.804021 218.536144 1241.000000 374.000000 1.0
96 3 721.749421 119.628881 833.170499 215.662661 1.0
96 1 877.760104 176.992837 958.172772 207.657693 1.0
97 1 631.108188 177.364663 660.154743 201.184086 1.0
97 1 659.435167 176.150993 711.041485 214.901854 1.0
97 1 755.991523 167.378032 946.482134 298.177455 1.0
97 1 1052.835215 209.326120 1241.000000 374.000000 1.0
97 3 717.299980 121.836996 822.869501 213.812364 1.0
97 1 869.836503 176.970654 949.057844 207.330417 1.0
98 1 629.767357 177.198095 657.823581 200.287598 1.0
98 1 656.703440 176.042207 705.515274 212.958113 1.0
98 1 746.167471 167.940209 915.505284 287.135517 1.0
98 1 989.222878 203.280470 1241.000000 374.000000 1.0
98 3 713.134132 123.866375 813.403363 212.112405 1.0
98 1 863.725886 176.706687 941.998178 206.812311 1.0
99 1 628.500725 177.041417 655.630868 199.444404 1.0
99 1 654.191151 175.943235 700.487826 211.190108 1.0
99 1 736.209068 168.421569 888.270184 277.449567 1.0
99 1 936.383282 198.889583 1241.000000 374.000000 1.0
99 3 709.225602 125.737877 804.674544 210.545177 1.0
99 1 857.707918 176.446881 935.049760 206.302595 1.0
100 1 627.302300 176.893773 653.564626 198.649890 1.0
100 1 651.360199 175.892384 695.224052 209.540036 1.0
100 1 727.433095 168.827351 865.317690 269.285733 1.0
100 1 896.238805 195.560932 1241.000000 374.000000 1.0
100 3 705.330841 127.507442 796.257320 209.080459 1.0
100 1 851.780508 176.191136 928.209981 205.801066 1.0
101 1 626.166716 176.754403 651.614218 197.899958 1.0
101 1 648.749704 175.845938 690.416447 208.033191 1.0
101 1 719.640802 169.174061 845.711228 262.311360 1.0
101 1 864.004701 192.855942 1241.000000 374.000000 1.0
101 3 701.666406 129.147213 788.458173 207.723548 1.0
101 1 1186.682393 190.146076 1241.000000 326.759907 1.0
101 1 846.908137 176.171835 922.443101 205.574559 1.0
102 1 646.355639 175.803765 686.022704 206.645517 1.0
102 1 712.313667 169.485213 827.968485 256.041087 1.0
102 1 838.235209 190.693449 1163.983552 374.000000 1.0
102 3 698.212451 130.670965 781.211434 206.462965 1.0
102 1 1126.397256 187.521954 1241.000000 325.456079 1.0
102 1 842.108223 176.152830 916.748658 205.351134 1.0
103 1 643.836865 175.756578 681.581853 205.306167 1.0
103 1 705.753728 169.755347 812.567625 250.598195 1.0
103 1 817.162832 188.925127 1088.614594 346.832460 1.0
103 3 694.951351 132.090591 774.460420 205.288804 1.0
103 1 1077.974070 186.057617 1241.000000 324.174894 1.0
103 1 837.379198 176.134116 911.125271 205.130729 1.0
104 1 641.502066 175.713179 677.497629 204.074525 1.0
104 1 699.818211 169.993332 798.692548 245.564830 1.0
104 1 797.711376 187.830250 1026.348712 325.157697 1.0
104 3 691.700837 133.424830 767.935353 204.184147 1.0
104 1 1037.703007 184.893545 1241.000000 322.910683 1.0
104 1 832.719533 176.115687 905.571593 204.913281 1.0
105 1 639.452911 175.448078 673.860020 202.711544 1.0
105 1 694.474079 170.202227 786.515496 241.147444 1.0
105 1 781.456747 186.915317 978.155360 308.381471 1.0
105 3 688.623385 134.673154 761.830857 203.150838 1.0
105 1 1002.219867 183.860015 1241.000000 316.824030 1.0
105 1 828.127749 176.097537 900.086318 204.698734 1.0
106 1 637.543380 175.202695 670.493084 201.450114 1.0
106 1 689.466493 170.417448 775.471978 237.392902 1.0
106 1 767.670697 186.139336 939.748179 295.011766 1.0
106 3 685.705533 135.843604 756.107541 202.182181 1.0
106 1 972.058549 182.980924 1241.000000 300.917117 1.0
106 1 823.602400 176.079662 894.668166 204.487029 1.0
107 1 635.759672 174.974909 667.367691 200.279292 1.0
107 1 684.655501 170.613057 764.990109 233.791890 1.0
107 1 755.794511 185.202457 908.814139 283.876780 1.0
107 3 683.044248 136.988857 750.389424 201.231665 1.0
107 1 946.122282 182.232729 1209.360712 288.266808 1.0
107 1 820.712351 175.864723 891.126620 204.140827 1.0
108 1 634.089748 174.762894 664.458752 199.189655 1.0
108 1 680.522795 170.788002 755.933458 230.586349 1.0
108 1 744.856572 184.330101 881.483638 274.008354 1.0
108 3 680.520446 138.064206 745.020554 200.339651 1.0
108 1 923.542384 181.581046 1154.744962 277.879616 1.0
108 1 817.852654 175.651617 887.611140 203.797669 1.0
109 1 632.523057 174.565065 661.744531 198.173041 1.0
109 1 676.744979 170.945225 747.795003 227.706406 1.0
109 1 735.336890 183.571046 858.612600 265.747555 1.0
109 3 678.123748 139.075862 739.969873 199.500900 1.0
109 1 903.706939 181.008332 1109.062756 269.198102 1.0
109 1 815.022853 175.440323 884.121433 203.457518 1.0
110 1 630.790206 174.484674 658.919494 197.322729 1.0
110 1 672.887033 171.087802 739.817214 224.970522 1.0
110 1 727.071818 182.913027 839.422657 258.817886 1.0
110 3 675.424691 140.097358 735.234245 198.741269 1.0
110 1 885.251027 180.433871 1068.325144 261.446241 1.0
110 1 812.222500 175.230820 880.657215 203.120337 1.0
111 1 629.158805 174.409354 656.272681 196.526121 1.0
111 1 669.414094 171.160532 732.522536 222.536408 1.0
111 1 719.278493 182.283163 821.794269 252.427118 1.0
111 3 672.856842 141.060378 730.769852 198.025083 1.0
111 1 868.895485 179.819240 1033.590647 254.840474 1.0
111 1 809.784959 175.202146 877.808691 202.986498 1.0
112 1 627.620198 174.338638 653.787743 195.778283 1.0
112 1 666.208031 171.226831 725.873496 220.318806 1.0
112 1 712.377176 181.725483 806.599159 246.917453 1.0
112 3 670.410868 141.969804 726.554032 197.348720 1.0
112 1 854.301070 179.288883 1003.623393 249.144126 1.0
112 1 807.364712 175.173682 874.980881 202.853662 1.0
113 1 626.166688 174.272118 651.450270 195.074871 1.0
113 1 663.173591 171.286839 719.633171 218.223143 1.0
113 1 705.843881 181.322905 792.709031 242.087284 1.0
113 3 668.078299 142.829989 722.566578 196.708947 1.0
113 1 841.070625 178.817011 977.501959 244.092114 1.0
113 1 804.961575 175.145425 872.173558 202.721816 1.0
114 1 624.791405 174.209430 649.247513 194.412040 1.0
114 1 660.362345 171.341825 713.915688 216.303857 1.0
114 1 700.003625 180.963076 780.557671 237.861184 1.0
114 3 666.179858 143.629342 719.144568 196.061697 1.0
114 1 829.148117 178.403150 954.594286 239.661550 1.0
114 1 802.575367 175.117373 869.386502 202.590951 1.0
115 1 657.750543 171.392393 708.657974 214.539582 1.0
115 1 694.751696 180.639530 769.837811 234.132504 1.0
115 3 663.896337 144.407892 715.317454 195.429473 1.0
115 1 818.348746 178.037224 934.341636 235.744412 1.0
115 1 802.347648 175.100927 869.084792 202.559377 1.0
116 1 655.043948 171.515647 703.856105 212.989292 1.0
116 1 690.003464 180.323075 760.310556 230.818303 1.0
116 3 661.716400 145.145671 711.690836 194.830340 1.0
116 1 808.059353 177.703367 915.632859 232.190273 1.0
116 1 802.120226 175.084498 868.783345 202.527838 1.0
117 1 652.516425 171.629703 699.412877 211.554698 1.0
117 1 685.194529 179.966855 751.158458 227.759385 1.0
117 3 659.780774 145.868187 708.405264 194.270807 1.0
117 1 798.671541 177.404768 898.900920 229.011647 1.0
117 1 801.893103 175.068086 868.482158 202.496332 1.0
118 1 650.150784 171.735551 695.289545 210.223315 1.0
118 1 680.813036 179.646826 742.936717 225.011205 1.0
118 3 657.930030 146.554379 705.284914 193.739391 1.0
118 1 790.071797 177.136120 883.848208 226.152010 1.0
118 1 801.666277 175.051692 868.181232 202.464859 1.0
119 1 647.888409 171.833762 691.348835 208.936803 1.0
119 1 676.768618 179.337351 735.317162 222.395964 1.0
119 3 656.158710 147.206919 702.317623 193.234025 1.0
119 1 781.868656 176.889336 869.807462 223.521366 1.0
119 1 801.439747 175.035314 867.880567 202.433420 1.0
120 1 645.766913 171.925156 687.681780 207.739588 1.0
120 1 673.070639 179.057807 728.434896 220.033646 1.0
120 3 654.483266 147.479862 699.281553 192.375095 1.0
120 1 774.311447 176.665420 857.068352 221.134594 1.0
120 1 801.213513 175.018954 867.580162 202.402014 1.0
121 1 643.959944 171.945684 684.251016 206.536535 1.0
121 1 669.676419 178.804052 722.187839 217.889252 1.0
121 3 652.878664 147.739735 696.390949 191.557429 1.0
121 1 767.326775 176.461336 845.457885 218.959286 1.0
121 1 801.166395 175.038521 867.505824 202.422873 1.0
122 1 642.260763 171.964859 681.046418 205.412972 1.0
122 1 666.550011 178.572676 716.491924 215.933958 1.0
122 3 651.340506 147.987456 693.635602 190.778122 1.0
122 1 760.204849 176.259307 833.852878 216.826503 1.0
122 1 801.119321 175.058090 867.431433 202.443732 1.0
123 1 640.660007 171.982811 678.046336 204.361275 1.0
123 1 663.660926 178.360842 711.277291 214.143806 1.0
123 3 649.813811 148.563164 690.765838 190.353598 1.0
123 1 754.063325 176.253426 823.772315 215.160260 1.0
123 2 1170.030567 131.759777 1241.000000 340.778448 1.0
123 1 801.072290 175.077661 867.356990 202.464591 1.0
124 1 638.795213 172.142488 674.794840 203.476201 1.0
124 1 660.879719 178.073913 706.351374 212.391496 1.0
124 3 648.349358 149.112633 688.026913 189.948546 1.0
124 1 748.342123 176.248005 814.482548 213.625045 1.0
124 2 1110.476954 130.636918 1241.000000 339.900981 1.0
124 1 801.025303 175.097236 867.282494 202.485449 1.0
125 1 637.036664 172.292205 671.746272 202.646479 1.0
125 1 658.296681 177.809550 701.812998 210.776997 1.0
125 3 646.943420 149.637615 685.410075 189.561655 1.0
125 1 742.775919 176.240443 805.606531 212.184824 1.0
125 2 1060.431012 129.552534 1241.000000 338.784199 1.0
125 1 800.978359 175.116813 867.207944 202.506307 1.0
126 1 635.375531 172.432864 668.882208 201.867076 1.0
126 1 655.891362 177.565192 697.618156 209.284667 1.0
126 3 645.592560 150.139713 682.907337 189.191731 1.0
126 1 737.570823 176.233437 797.384351 210.850932 1.0
126 2 1019.356092 128.496511 1241.000000 337.566847 1.0
126 1 800.931459 175.136392 867.133342 202.527164 1.0
127 1 633.803939 172.565263 666.186390 201.133548 1.0
127 1 653.802366 177.422074 693.951710 208.091046 1.0
127 3 644.312111 150.636919 680.502667 188.823184 1.0
127 1 732.435314 175.985687 789.562032 209.344864 1.0
127 2 984.396221 129.421200 1241.000000 330.586040 1.0
127 1 800.884602 175.155974 867.058688 202.548021 1.0
128 1 632.231962 172.393727 663.536129 200.128746 1.0
128 1 651.698504 177.266017 690.232650 206.846216 1.0
128 3 643.081694 151.112600 678.202118 188.470682 1.0
128 1 727.618803 175.755299 782.287996 207.944349 1.0
128 2 954.844187 133.774052 1241.000000 311.845326 1.0
128 1 800.837788 175.175559 866.983980 202.568878 1.0
129 1 630.741937 172.231888 661.035742 199.180871 1.0
129 1 649.726953 177.120641 686.768239 205.686722 1.0
129 3 641.898434 151.568125 675.999069 188.133200 1.0
129 1 723.092467 175.540511 775.506545 206.638668 1.0
129 2 928.546983 137.508353 1223.527644 296.624933 1.0
129 1 800.791018 175.195146 866.909220 202.589734 1.0
130 1 629.327618 172.078945 658.672864 198.285218 1.0
130 1 647.604001 177.185037 683.225523 204.794645 1.0
130 3 640.759674 152.004749 673.887447 187.809798 1.0
130 1 718.922390 175.816992 768.953555 205.869969 1.0
130 2 905.875784 140.938536 1162.719799 284.399971 1.0
130 1 800.744292 175.214736 866.834407 202.610590 1.0
131 1 628.506632 172.065994 656.690396 197.528375 1.0
131 1 645.607939 177.245266 679.912133 203.960377 1.0
131 3 639.576968 152.427327 671.760471 187.496778 1.0
131 1 714.995727 176.075562 762.825223 205.151309 1.0
131 2 886.129033 143.755047 1112.810958 274.365392 1.0
131 1 800.454611 175.015426 866.492947 202.392270 1.0
132 1 627.728000 172.053764 654.816489 196.813368 1.0
132 1 643.727720 177.301720 676.806499 203.178476 1.0
132 3 638.437506 152.832920 669.718992 187.196405 1.0
132 1 711.291773 176.317905 757.081562 204.477954 1.0
132 2 868.241002 146.167444 1069.925230 265.763590 1.0
132 1 800.165229 174.816332 866.151858 202.174192 1.0
133 1 626.988544 172.042198 653.042447 196.136822 1.0
133 1 642.040757 176.971690 673.953396 202.036750 1.0
133 3 637.338960 153.222534 667.757955 186.907926 1.0
133 1 707.508608 175.998919 751.551101 203.275061 1.0
133 2 852.447469 148.205104 1033.711753 258.499797 1.0
133 1 799.876144 174.617455 865.811141 201.956355 1.0
134 1 626.285395 172.031243 651.360477 195.495715 1.0
134 1 640.449053 176.661697 671.273570 200.964435 1.0
134 3 636.279167 153.597094 665.872694 186.630650 1.0
134 1 703.933525 175.699318 746.356819 202.145305 1.0
134 2 837.841829 150.097577 1001.300313 252.157092 1.0
134 1 799.587356 174.418794 865.470794 201.738759 1.0
135 1 625.615956 172.020853 649.763576 194.887334 1.0
135 1 638.944763 176.369969 668.751700 199.955385 1.0
135 3 635.373323 154.042504 664.165914 186.281180 1.0
135 1 700.549817 175.417388 741.468966 201.082215 1.0
135 2 824.819418 151.727778 973.386786 246.696381 1.0
135 1 799.298864 174.220349 865.130816 201.521404 1.0
136 1 637.520878 176.094939 666.374221 199.004164 1.0
136 3 634.506292 154.466998 662.539321 185.948148 1.0
136 1 697.587733 175.308320 737.149376 200.249168 1.0
136 2 813.136041 153.146695 949.095621 241.945652 1.0
136 1 799.426638 174.247728 865.323142 201.554772 1.0
137 1 636.340477 175.965889 664.286766 198.218367 1.0
137 3 633.675633 154.872015 660.987392 185.630422 1.0
137 1 694.773747 175.205231 733.066581 199.461799 1.0
137 2 802.595271 154.392904 927.764668 237.774893 1.0
137 1 799.554590 174.275117 865.515416 201.588152 1.0
138 1 635.221653 175.844021 662.315527 197.476358 1.0
138 3 632.879103 155.258865 659.505104 185.326969 1.0
138 1 692.097025 175.107642 729.201628 198.716451 1.0
138 2 793.037305 155.496128 908.883887 234.084011 1.0
138 1 799.682720 174.302516 865.707638 201.621543 1.0
139 1 634.159711 175.728752 660.451061 196.774575 1.0
139 3 632.114641 155.628744 658.087871 185.036851 1.0
139 1 689.179471 175.012741 725.110495 197.990975 1.0
139 2 783.798215 156.518575 891.122457 230.638038 1.0
139 1 799.811028 174.329927 865.899807 201.654946 1.0
140 1 633.150421 175.619561 658.684922 196.109833 1.0
140 1 686.401180 174.922772 721.232005 197.303218 1.0
140 2 775.381940 157.431230 875.270203 227.563040 1.0
140 1 799.939514 174.357347 866.091924 201.688361 1.0
141 1 632.189961 175.515978 657.009531 195.479276 1.0
141 1 683.752414 174.837362 717.549998 196.650311 1.0
141 2 767.642974 158.126985 861.024159 224.704542 1.0
141 1 800.068179 174.384779 866.283988 201.721788 1.0
142 1 681.280661 174.753573 714.088350 196.012420 1.0
142 2 760.532306 158.755752 848.151011 222.121898 1.0
142 1 800.197024 174.412221 866.476000 201.755226 1.0
143 1 678.921941 174.673931 710.798026 195.406109 1.0
143 2 753.976409 159.326759 836.461421 219.777015 1.0
143 1 800.326047 174.439674 866.667959 201.788676 1.0
144 1 676.668677 174.598136 707.666613 194.829090 1.0
144 2 747.851739 159.914819 825.556267 217.622485 1.0
144 1 800.455250 174.467137 866.859865 201.822138 1.0
145 1 674.496851 174.525155 704.655896 194.272912 1.0
145 2 741.822916 160.467102 815.078491 215.596138 1.0
145 1 800.584633 174.494611 867.051717 201.855612 1.0
146 1 672.419043 174.455575 701.785476 193.742660 1.0
146 2 736.240087 160.972237 805.495866 213.743238 1.0
146 1 800.236919 174.714378 866.611437 202.066311 1.0
147 1 670.429278 174.389164 699.045770 193.236563 1.0
147 2 731.055528 161.436015 796.698376 212.042429 1.0
147 1 799.889695 174.933949 866.171440 202.276793 1.0
148 1 668.525333 174.312552 696.196111 192.728001 1.0
148 2 726.228090 161.863314 788.593328 210.475724 1.0
148 1 799.542959 175.153324 865.731726 202.487057 1.0
149 1 666.701243 174.239360 693.473436 192.242244 1.0
149 2 721.722102 162.258277 781.102064 209.027863 1.0
149 1 799.196710 175.372504 865.292296 202.697103 1.0
150 1 664.952092 174.169365 690.869435 191.777792 1.0
150 2 717.337627 162.620209 773.992705 207.702709 1.0
150 1 798.850947 175.591488 864.853148 202.906932 1.0
151 1 663.273359 174.102362 688.376511 191.333274 1.0
151 2 713.223584 162.956982 767.377853 206.469873 1.0
151 1 798.006354 175.277164 863.835434 202.551161 1.0
152 1 661.660881 174.038163 685.987700 190.907433 1.0
152 2 709.355702 163.271130 761.207649 205.320034 1.0
152 1 797.164060 174.963620 862.820125 202.196320 1.0
153 2 705.712530 163.564861 755.438716 204.245083 1.0
153 1 796.324058 174.650851 861.807214 201.842406 1.0
154 2 702.255777 163.898104 750.088924 203.266429 1.0
154 1 795.486337 174.338855 860.796691 201.489415 1.0
155 2 698.992940 164.210532 745.073450 202.348898 1.0
155 1 794.650889 174.027629 859.788549 201.137344 1.0
156 2 695.908149 164.504037 740.361903 201.486939 1.0
156 1 792.698431 174.356228 857.542377 201.380793 1.0
157 2 692.987221 164.780287 735.927466 200.675651 1.0
157 1 790.757968 174.682647 855.311064 201.622611 1.0
158 2 690.217439 165.040761 731.746389 199.910694 1.0
158 1 788.829388 175.006909 853.094462 201.862816 1.0
159 2 687.365148 165.285799 727.561570 199.194231 1.0
159 1 786.912583 175.329035 850.892427 202.101422 1.0
160 2 684.652198 165.517693 723.601335 198.516202 1.0
160 1 785.007446 175.649044 848.704813 202.338447 1.0
161 2 682.068624 165.737472 719.848075 197.873593 1.0
161 1 781.964794 175.465526 845.197744 202.010467 1.0
162 2 679.605390 165.946061 716.285977 197.263701 1.0
162 1 778.951607 175.283909 841.726972 201.685926 1.0
163 2 677.254281 166.144294 712.900795 196.684088 1.0
163 1 775.967461 175.104165 838.291936 201.364769 1.0
164 2 675.007811 166.332924 709.679666 196.132555 1.0
164 1 773.011937 174.926264 834.892088 201.046944 1.0
165 2 672.859151 166.512632 706.610948 195.607109 1.0
165 1 770.084626 174.750179 831.526889 200.732399 1.0
166 2 670.802048 166.684036 703.684068 195.105942 1.0
166 1 766.817786 174.845156 827.326210 200.669879 1.0
167 2 668.830775 166.847700 700.889415 194.627410 1.0
167 1 763.600414 174.939144 823.166088 200.607942 1.0
168 2 666.940071 167.004135 698.218223 194.170012 1.0
168 1 760.431443 175.032158 819.045951 200.546575 1.0
169 2 665.096380 167.104161 695.488965 193.651478 1.0
169 1 757.309832 175.124214 814.965244 200.485769 1.0
170 2 663.328966 167.199742 692.881024 193.156050 1.0
170 1 753.546378 175.021438 810.073026 200.172703 1.0
171 2 661.633190 167.291169 690.386489 192.682215 1.0
171 1 749.852172 174.920358 805.249740 199.864652 1.0
172 2 660.004785 167.378706 687.998118 192.228592 1.0
172 1 746.225370 174.820938 800.493939 199.561501 1.0
173 2 658.439814 167.462596 685.709276 191.793915 1.0
173 1 742.664186 174.723140 795.804220 199.263136 1.0
174 2 656.934640 167.543063 683.513868 191.377022 1.0
174 1 738.883538 174.624385 790.832924 198.944835 1.0
175 2 655.485902 167.620312 681.406288 190.976843 1.0
175 1 735.175883 174.527394 785.938967 198.632067 1.0
176 2 654.090484 167.694533 679.381366 190.592392 1.0
176 1 731.463428 174.703961 781.082298 198.570631 1.0
177 2 652.745496 167.765899 677.434336 190.222761 1.0
177 1 727.826729 174.877220 776.314202 198.510305 1.0
178 2 651.448252 167.834573 675.560785 189.867107 1.0
178 1 724.263522 175.047263 771.632265 198.451058 1.0
179 1 720.975554 175.211077 767.210139 198.369454 1.0
180 1 717.758173 175.371629 762.873776 198.289460 1.0
181 1 714.609163 175.529015 758.620691 198.211029 1.0
182 1 711.614050 175.588053 754.564955 198.050362 1.0
183 1 708.678388 175.646044 750.581182 197.892712 1.0
184 1 705.800443 175.703017 746.667469 197.737993 1.0
185 1 702.978547 175.758999 742.821984 197.586123 1.0
185 2 485.433357 168.117101 509.510139 192.038685 1.0
186 1 700.230760 177.187749 738.932873 198.723504 1.0
186 2 483.981271 168.862263 508.452934 193.125639 1.0
187 1 697.557517 178.578278 735.145281 199.829434 1.0
187 2 482.487358 169.628811 507.367558 194.243917 1.0
188 1 694.955863 179.932084 731.455254 200.905181 1.0
188 2 480.949783 170.417677 506.252872 195.394892 1.0
189 1 692.422997 181.250590 727.859042 201.951943 1.0
189 2 479.366605 171.229851 505.107672 196.580019 1.0
190 1 689.273597 181.330666 723.692839 201.795688 1.0
190 2 477.735764 172.066382 503.930687 197.800843 1.0
191 1 686.194433 181.409000 719.615778 201.642871 1.0
191 2 474.560977 172.381650 501.554068 198.513308 1.0
192 1 683.183192 181.485648 715.625027 201.493377 1.0
192 2 471.287339 172.706794 499.108743 199.247991 1.0
193 1 679.430630 182.226758 711.081649 202.050856 1.0
193 2 467.910157 173.042285 496.591693 200.005948 1.0
194 1 675.748519 182.917077 706.624533 202.597387 1.0
194 2 464.424440 173.388624 493.999716 200.788300 1.0
195 1 672.134893 183.594953 702.251247 203.133284 1.0
195 2 460.824866 173.746345 491.329418 201.596246 1.0
196 1 668.587858 184.260723 697.959451 203.658851 1.0
196 2 456.712786 174.839826 488.183096 203.149751 1.0
197 1 665.105590 184.914711 693.746890 204.174382 1.0
197 2 452.463945 175.969839 484.940397 204.754988 1.0
198 1 662.203425 185.850575 690.207263 205.026776 1.0
198 2 448.071404 177.138243 481.596827 206.414580 1.0
199 1 659.343865 186.773232 686.719440 205.866175 1.0
199 2 442.999076 176.877161 477.674215 206.665773 1.0
200 1 655.300211 186.666578 682.022517 205.636017 1.0
200 2 437.746189 176.606747 473.623590 206.925909 1.0
201 1 651.305085 186.561164 677.381675 205.408681 1.0
201 2 432.302924 176.326493 469.438582 207.195472 1.0
202 1 647.350033 185.777285 672.787665 204.461305 1.0
202 2 426.658740 176.035850 465.112391 207.474987 1.0
203 1 643.731551 184.737006 669.714316 203.224658 1.0
203 2 422.512146 175.003830 462.228661 207.069396 1.0
204 1 640.162394 183.709992 666.675870 202.003499 1.0
204 2 418.196639 173.929585 459.237909 206.647245 1.0
205 1 638.169265 182.422231 664.180014 200.538776 1.0
205 2 413.701678 172.810469 456.134067 206.207503 1.0
206 1 636.197402 181.106634 661.709645 199.089870 1.0
206 2 410.361515 172.076792 454.306756 206.136322 1.0
207 1 635.724608 180.568105 661.303604 198.459012 1.0
207 2 406.887348 171.313130 452.411364 206.062197 1.0
208 1 635.256624 180.035044 660.901209 197.834398 1.0
208 2 403.270920 170.517612 450.444044 205.984947 1.0
209 1 636.283394 179.525916 661.355316 197.374100 1.0
209 2 402.610104 170.311482 450.407512 206.513645 1.0
210 1 637.319589 179.013546 661.807555 196.910992 1.0
210 2 401.921832 170.096722 450.369140 207.064752 1.0
211 1 642.280585 179.068834 665.911249 196.845540 1.0
211 2 401.204316 169.872779 450.328824 207.639725 1.0
212 1 647.993683 179.114023 670.810798 196.771084 1.0
212 2 403.020165 170.270412 452.885247 208.782086 1.0
213 1 653.638815 179.158746 675.641790 196.697278 1.0
213 2 409.349979 170.616764 459.491344 209.915842 1.0
214 1 663.295830 179.133055 684.668917 196.520098 1.0
214 2 412.666256 170.981253 467.017555 211.196986 1.0
215 1 672.800073 179.107864 693.543129 196.345624 1.0
215 2 420.956387 171.352085 476.007871 212.332365 1.0
216 1 686.530835 177.824168 707.097994 195.026619 1.0
216 2 432.058383 170.128348 487.722833 211.948090 1.0
217 1 701.081938 176.340720 721.522478 193.508660 1.0
217 2 443.625146 168.852395 499.876709 211.547551 1.0
218 1 719.718991 175.613465 740.270136 192.749200 1.0
218 2 459.035977 167.428868 516.314092 211.070888 1.0
219 1 739.072018 174.318353 759.780624 191.423547 1.0
219 2 475.148230 165.938883 533.422643 210.571868 1.0
220 1 758.360177 173.027238 779.226880 190.102963 1.0
220 2 492.008571 164.377801 551.246235 210.049023 1.0
221 2 512.278580 162.953988 573.243057 209.731399 1.0
222 2 533.558297 161.457699 596.234172 209.395704 1.0
223 2 555.885164 159.842284 620.429893 209.142937 1.0
224 2 579.507554 158.130523 645.917056 208.873047 1.0
224 5 3.0 157.0 34.0 214.0 1.0
225 2 604.533004 156.313872 672.809013 208.616937 1.0
226 2 630.883573 156.701346 701.178454 210.895345 1.0
227 2 659.093871 157.120467 731.420079 213.341056 1.0
228 2 689.357285 157.574747 763.734333 215.972685 1.0
229 2 718.437213 154.270447 797.227344 215.287057 1.0
230 2 750.061489 150.663324 833.528000 214.528067 1.0
231 2 784.553473 146.711675 873.026835 213.685483 1.0
232 2 818.648482 143.885040 912.498920 214.668908 1.0
233 2 856.530478 140.725715 956.224077 215.763083 1.0
234 2 898.839838 137.171934 1004.952288 216.988515 1.0
235 2 946.369639 133.145628 1059.620944 218.371144 1.0
236 2 991.558731 128.847050 1115.877943 220.704823 1.0
237 2 1043.557801 123.843970 1180.711893 223.414967 1.0
238 2 1103.968182 117.948443 1241.000000 226.601991 1.0
239 2 1174.935168 114.710966 1241.000000 228.116359 1.0
241 3 0.000000 156.423243 22.271811 208.550788 1.0
242 3 0.000000 154.569715 61.321368 213.048111 1.0
243 3 0.000000 154.416922 96.614358 215.914633 1.0
244 3 0.000000 155.920300 131.007469 217.444198 1.0
245 3 25.740033 156.320330 160.429783 217.647660 1.0
246 3 56.597746 156.709644 189.491891 217.730273 1.0
247 3 81.573906 158.451454 214.640389 219.574523 1.0
248 3 106.666697 160.206731 239.736309 221.411281 1.0
249 3 129.233275 162.033719 262.862190 223.332696 1.0
250 3 149.149585 160.398708 282.163203 222.114065 1.0
251 3 164.768273 158.824942 298.274472 221.008686 1.0
252 3 172.533335 157.433163 309.785684 220.489663 1.0
253 3 180.569625 156.001119 321.519889 219.951957 1.0
254 3 184.294359 153.751086 328.440166 218.845490 1.0
255 3 182.122206 152.184814 330.703759 218.716470 1.0
256 3 179.861114 150.546955 333.039449 218.581124 1.0
257 3 171.353134 150.709662 329.354674 220.584096 1.0
257 3 685.0 158.0 730.0 212.0 1.0
258 3 162.371789 150.881400 325.521643 222.698766 1.0
259 3 147.992420 148.096595 319.011249 222.170800 1.0
261 3 116.337942 141.965698 305.063286 221.008403 1.0
263 3 77.928957 140.959533 288.353889 225.787234 1.0
265 3 33.960425 136.563052 270.189217 228.076097 1.0
266 3 9.530830 132.412344 260.528953 227.672849 1.0
267 3 0.000000 127.906713 250.325907 227.049106 1.0
268 3 0.000000 122.998607 239.533016 226.255063 1.0
269 3 0.000000 117.631575 228.097607 225.389575 1.0
