0 1 143.413265 197.621483 310.078030 275.703321 1.0
0 2 381.776560 179.967231 448.046978 220.834618 1.0
0 2 821.928397 90.473574 1192.279539 321.787704 1.0
0 3 507.521774 166.203974 538.048871 198.753520 1.0
0 1 613.078951 181.382755 631.892489 195.470924 1.0
1 1 3.298057 201.339832 246.851663 304.369959 1.0
1 2 352.692031 180.873193 429.439250 226.483130 1.0
1 2 845.057058 71.593888 1241.000000 355.692733 1.0
1 3 500.389881 164.710201 532.731998 198.644922 1.0
1 1 609.373224 181.123043 627.975976 195.169381 1.0
2 1 0.000000 207.182014 147.455027 332.945107 1.0
2 2 316.077203 181.895592 406.732881 233.595181 1.0
2 1 874.869331 41.866288 1241.000000 374.000000 1.0
2 1 429.679735 184.899906 472.637670 213.830653 1.0
2 1 469.498464 184.161727 497.349546 206.022578 1.0
2 3 493.268595 163.979398 527.530978 199.378206 1.0
2 1 605.681081 180.864290 624.074713 194.869003 1.0
3 2 268.572677 183.170883 378.406089 242.824233 1.0
3 2 914.747486 26.653536 1241.000000 374.000000 1.0
3 1 412.318018 186.039004 460.720114 217.293366 1.0
3 1 458.941669 183.364873 488.762814 206.380433 1.0
3 3 485.504710 163.182768 521.905352 200.177694 1.0
3 1 602.002446 180.606491 620.188611 194.569784 1.0
4 2 204.936308 181.435763 343.839839 252.376139 1.0
4 1 970.818865 25.555522 1241.000000 374.000000 1.0
4 1 392.130474 187.343545 447.069149 221.320263 1.0
4 1 447.414554 183.507984 479.587306 207.992106 1.0
4 3 477.007140 162.310999 515.800908 201.052776 1.0
4 1 598.337245 180.336517 616.317582 194.271716 1.0
5 2 117.732331 182.062819 298.704018 268.637472 1.0
5 2 1055.449736 23.458180 1241.000000 374.000000 1.0
5 1 369.824683 187.812594 431.480096 225.096825 1.0
5 1 434.325427 183.669387 469.238599 209.822257 1.0
5 3 467.666728 161.352933 509.153800 202.014705 1.0
5 1 594.017168 180.359387 611.865989 194.268639 1.0
6 2 0.000000 182.941629 235.423528 293.674103 1.0
6 1 342.810732 188.367003 413.052248 229.671146 1.0
6 1 419.333712 183.852828 457.476321 211.918542 1.0
6 3 457.351531 160.295088 501.888301 203.077084 1.0
6 1 589.712384 180.382169 607.431559 194.265568 1.0
7 2 0.000000 184.261885 140.307334 315.922032 1.0
7 1 309.421623 189.032401 390.932834 235.325863 1.0
7 1 401.992065 184.063151 443.989618 214.343561 1.0
7 3 447.368933 159.318487 495.188626 204.426353 1.0
7 1 585.422808 180.404865 603.014197 194.262502 1.0
8 1 267.098106 189.845817 363.889510 242.495001 1.0
8 1 381.700964 184.306734 428.369283 217.181222 1.0
8 3 436.237850 158.229789 487.810321 205.930961 1.0
8 1 581.148357 180.427474 598.613805 194.259442 1.0
9 1 211.699462 190.862814 330.072703 251.881015 1.0
9 1 360.277281 185.550476 412.260222 221.629210 1.0
9 3 423.747989 157.008520 479.644775 207.619371 1.0
9 1 576.809058 180.449996 594.230292 194.256389 1.0
10 1 139.423708 191.916084 290.931912 264.517568 1.0
10 1 334.389589 187.030829 393.083598 227.004825 1.0
10 3 409.634372 155.628893 470.558891 209.527454 1.0
10 1 572.471879 180.472433 589.863561 194.253340 1.0
11 1 34.369678 193.328039 238.449624 282.892094 1.0
11 1 302.479870 188.822414 369.871419 233.632026 1.0
11 3 393.558349 154.057975 460.387786 211.701063 1.0
11 2 497.224174 173.553185 519.943793 199.368318 1.0
11 1 568.580164 180.625483 586.169553 194.386877 1.0
12 1 0.000000 195.319499 164.403371 308.338265 1.0
12 1 262.169624 191.034921 341.200533 242.005495 1.0
12 4 375.080035 152.253015 448.924673 214.199772 1.0
12 2 492.864281 173.159988 516.284805 199.448972 1.0
12 1 564.528530 180.778006 582.486535 194.519916 1.0
13 1 0.000000 198.339335 52.066963 305.637092 1.0
13 1 214.458838 191.006476 308.708605 249.449793 1.0
13 3 357.097992 150.238749 437.758942 217.289080 1.0
13 2 488.341205 172.752089 512.498887 199.532645 1.0
13 1 560.489554 180.930002 578.814442 194.652457 1.0
14 1 150.361230 190.969715 266.609066 259.453706 1.0
14 4 335.873492 147.866634 424.935866 220.936640 1.0
14 2 483.645611 172.328650 508.579319 199.619511 1.0
14 1 557.851343 181.077651 575.831266 194.776191 1.0
15 1 59.681910 190.920315 209.902711 273.611505 1.0
15 3 310.441387 145.031985 410.057646 225.308793 1.0
15 2 480.149119 172.063361 505.911390 200.020329 1.0
15 1 555.222291 181.215815 572.857723 194.899477 1.0
16 1 0.000000 190.850327 129.394119 293.434326 1.0
16 3 279.411346 141.584866 392.588066 230.645255 1.0
16 2 476.477639 171.784810 503.120339 200.441215 1.0
16 1 552.602344 181.353352 569.893772 195.022318 1.0
17 3 243.174752 136.393011 375.790375 236.329045 1.0
17 2 472.617697 171.491977 500.197443 200.883714 1.0
17 1 549.724266 181.490456 566.939372 195.144716 1.0
18 3 196.832925 129.763017 355.457179 243.600549 1.0
18 2 468.554399 171.183735 497.133134 201.349536 1.0
18 1 549.823012 181.604989 567.000643 195.235401 1.0
19 3 135.473601 121.001277 330.341175 253.233050 1.0
19 2 467.485285 171.393003 496.755531 202.253117 1.0
19 1 549.921414 181.719050 567.061571 195.325698 1.0
20 3 50.384922 108.882702 298.530134 266.599320 1.0
20 2 466.365847 171.612110 496.361667 203.199250 1.0
20 1 549.953689 181.832644 567.122158 195.415609 1.0
21 3 0.000000 91.021067 256.935752 284.925448 1.0
21 2 465.192445 171.841766 495.950470 204.191014 1.0
21 1 549.941340 181.945773 567.182406 195.505138 1.0
22 3 0.000000 73.309342 200.225075 301.404002 1.0
22 2 463.961080 172.082750 495.520768 205.231791 1.0
22 1 549.929110 182.058440 567.242315 195.594286 1.0
23 3 0.000000 63.042175 116.807607 289.276149 1.0
23 2 462.667348 172.335924 495.071285 206.325308 1.0
23 1 551.120954 183.473060 568.458278 197.058386 1.0
24 2 461.435613 173.651997 494.718055 208.527714 1.0
24 1 552.308261 184.882307 569.669383 198.516624 1.0
25 2 460.522916 173.561986 494.728213 209.406185 1.0
25 1 553.491057 186.286212 570.875659 199.969035 1.0
26 2 459.558099 173.466842 494.738893 210.334848 1.0
26 1 555.541489 186.428667 572.990140 200.090041 1.0
27 2 458.536565 173.366114 494.750139 211.318132 1.0
27 1 557.583639 186.570548 575.095660 200.210533 1.0
28 2 457.453163 173.259295 494.761995 212.361001 1.0
28 1 559.491928 185.807381 576.722394 199.381466 1.0
29 2 456.302097 173.145815 494.774514 213.469041 1.0
29 1 561.393386 185.046930 578.342430 198.555728 1.0
30 2 453.912973 171.632711 493.799181 213.309574 1.0
30 1 563.212468 184.289176 579.955807 197.733304 1.0
31 2 451.357544 170.014460 492.763612 213.139000 1.0
31 1 564.852412 183.534101 581.562568 196.914178 1.0
32 2 448.617817 168.279709 491.662049 212.956116 1.0
32 1 566.486425 182.781685 583.162751 196.098337 1.0
33 2 445.673110 166.415406 490.487975 212.759540 1.0
33 1 568.114547 182.031909 584.766096 195.285766 1.0
34 2 442.499527 164.406478 489.233989 212.547675 1.0
34 1 569.736818 181.284756 586.601800 194.476450 1.0
35 2 439.069300 162.235413 487.891643 212.318664 1.0
35 1 571.353277 180.540207 588.430439 193.670376 1.0
36 2 433.526798 162.476479 484.975776 214.701456 1.0
36 1 572.943396 181.387679 590.233032 194.538552 1.0
37 2 427.489859 162.739030 481.835585 217.296989 1.0
37 1 574.057475 184.428042 591.581496 197.710901 1.0
38 2 420.889228 163.026072 478.444149 220.135083 1.0
38 1 574.661314 184.566501 592.076173 197.838036 1.0
39 2 413.642085 163.341199 474.770058 223.251409 1.0
39 1 575.263559 184.704596 592.569526 197.964828 1.0
40 2 405.648553 163.688745 470.776444 226.688988 1.0
40 1 576.333229 186.483469 593.508532 199.815874 1.0
41 2 396.787061 164.073983 466.419731 230.500196 1.0
41 1 577.400114 188.257764 594.445099 201.662055 1.0
42 2 386.908119 164.503396 461.648044 234.749447 1.0
42 1 578.464225 190.027500 595.379236 203.503388 1.0
43 2 374.156259 162.887073 455.107258 237.498712 1.0
43 1 579.601719 189.406252 596.382854 202.832267 1.0
44 2 359.714420 161.056870 447.863283 240.612752 1.0
44 1 580.736174 188.786641 597.383805 202.162952 1.0
45 2 343.222803 158.967327 439.796281 244.169324 1.0
45 1 581.867602 188.168662 598.382099 201.495436 1.0
46 2 324.211664 156.559118 430.757544 248.269975 1.0
46 1 582.996016 187.552308 599.377747 200.829711 1.0
47 2 302.055871 153.753330 420.560246 253.049893 1.0
47 1 584.121427 186.937572 600.406075 200.165771 1.0
48 2 275.904820 150.442647 408.966383 258.693102 1.0
48 1 585.695032 186.886596 601.963482 200.098904 1.0
49 2 244.570738 146.477313 395.667974 265.456692 1.0
49 1 587.265592 186.835719 603.517710 200.032165 1.0
50 2 206.343217 141.641846 380.259281 273.711095 1.0
50 1 588.833115 186.784940 605.068771 199.965555 1.0
51 2 158.666322 135.614551 362.194730 284.010253 1.0
51 1 590.397610 186.734260 606.616673 199.899073 1.0
52 2 97.542249 127.892851 340.722910 297.221364 1.0
52 1 591.023160 184.191486 607.225596 197.214824 1.0
53 2 16.347825 117.645391 314.779454 314.782735 1.0
53 1 590.882102 181.596349 607.068504 194.475976 1.0
54 2 0.000000 103.390600 282.805146 337.754807 1.0
54 1 590.706608 180.172743 606.877343 192.988732 1.0
55 2 0.000000 90.886120 242.420526 355.469149 1.0
55 1 590.503063 178.701461 606.686530 191.504271 1.0
56 2 0.000000 88.633310 189.804828 353.323995 1.0
56 1 589.963978 181.036664 606.166664 193.851131 1.0
57 2 0.000000 86.331165 118.409935 351.254714 1.0
57 1 589.425796 183.278327 605.647707 196.193951 1.0
58 1 588.995948 186.469777 605.081168 199.452585 1.0
59 1 589.318345 185.888306 605.424819 198.846565 1.0
60 1 589.640955 185.306450 605.768709 198.240124 1.0
61 1 589.963779 184.724208 606.112838 197.633262 1.0
62 1 590.286817 184.141581 606.457206 197.025976 1.0
63 1 590.610069 183.558567 606.801814 196.418268 1.0
64 1 590.933536 182.975166 607.146662 195.810137 1.0
65 1 591.257217 182.391379 607.491750 195.201583 1.0
66 1 591.813236 184.592464 608.081050 197.517840 1.0
67 1 591.620559 183.253933 607.884831 196.116870 1.0
68 1 591.427749 181.914484 607.688471 194.714892 1.0
69 1 591.234807 180.571417 607.491969 193.311904 1.0
70 1 590.525127 181.020400 606.754345 193.785817 1.0
71 1 589.814892 181.467033 606.016114 194.260120 1.0
72 1 589.104099 181.914015 605.277277 194.734814 1.0
73 1 588.915251 181.623667 605.088858 194.437535 1.0
74 1 588.726188 181.332989 604.900214 194.139902 1.0
75 1 588.536910 181.041980 604.711344 193.841912 1.0
76 1 588.347416 180.750639 604.522249 193.543566 1.0
77 1 588.157705 180.450558 604.332927 193.244862 1.0
78 1 587.967778 180.144095 604.143379 192.945800 1.0
79 1 587.777634 179.837264 603.953603 192.646380 1.0
79 1 519.873057 180.508704 540.636118 196.089613 1.0
80 1 587.587273 179.530066 603.763600 192.346601 1.0
80 1 515.471534 180.090304 537.559646 196.504602 1.0
81 1 587.391801 179.222500 603.573369 192.046461 1.0
81 1 510.560161 179.602268 534.148487 196.967674 1.0
82 1 587.191529 178.914564 603.382910 191.745961 1.0
82 1 504.589465 179.702044 529.897961 198.119115 1.0
83 1 586.663526 179.386723 602.860063 192.222409 1.0
83 1 497.849151 179.814690 525.136874 199.419016 1.0
84 1 586.135205 179.859167 602.336900 192.699144 1.0
84 1 490.180163 179.942868 519.767359 200.898071 1.0
85 1 585.606563 180.331896 601.813422 193.176169 1.0
85 1 481.376373 180.090029 513.664825 202.596057 1.0
86 1 585.077602 180.796585 601.289626 193.653481 1.0
86 1 471.585262 181.676575 506.499647 206.046365 1.0
86 1 511.299094 179.277034 533.512804 195.043149 1.0
87 1 584.548321 181.247480 600.765514 194.131083 1.0
87 1 460.162124 183.494319 498.249290 210.072394 1.0
87 1 506.044616 178.926574 529.970748 195.585347 1.0
88 1 583.860486 180.518420 600.082740 193.374372 1.0
88 1 445.770932 182.937497 488.701245 211.910045 1.0
88 1 500.160109 178.533948 526.027682 196.192599 1.0
89 1 583.172250 179.758185 599.399568 192.617220 1.0
89 1 428.456420 182.279367 477.414871 214.121172 1.0
89 1 493.524969 178.091057 521.611480 196.877363 1.0
90 1 582.483613 178.997507 598.716000 191.859627 1.0
90 1 407.227064 181.489509 463.867982 216.832518 1.0
90 1 487.231206 177.609119 514.613761 197.738093 1.0
91 1 581.794575 178.236387 598.032033 191.101592 1.0
91 1 381.089222 182.319117 447.747235 222.300085 1.0
91 1 477.877506 177.760170 508.347420 199.475094 1.0
92 1 581.378181 178.240728 597.809497 191.119684 1.0
92 1 347.311031 183.356440 427.587515 229.367009 1.0
92 1 468.028273 179.540540 502.249045 202.844094 1.0
93 1 580.691371 178.245102 597.585042 191.137752 1.0
93 1 301.968784 184.690657 401.653687 238.855269 1.0
93 1 456.890185 179.221263 494.016923 204.940336 1.0
94 1 581.242540 178.062875 598.088045 190.979097 1.0
94 1 237.897189 186.470516 367.050646 252.266551 1.0
94 1 442.839790 178.522043 486.506342 206.292762 1.0
95 1 581.795701 177.879956 598.592884 190.819854 1.0
95 1 140.470347 188.964062 318.559429 272.667931 1.0
95 1 428.082791 180.384570 477.003632 210.753867 1.0
96 1 582.350865 177.696341 599.099569 190.660023 1.0
96 1 0.000000 190.989812 243.069083 303.492380 1.0
96 1 406.912189 182.369186 462.109402 215.677967 1.0
97 1 582.908041 177.512027 599.608111 190.499599 1.0
97 1 0.000000 193.021456 141.175517 324.410432 1.0
97 1 383.102980 183.018371 447.969402 221.000230 1.0
98 1 583.467241 177.327008 600.118521 190.338578 1.0
98 1 351.702858 183.846337 429.933160 228.020427 1.0
99 1 584.028475 177.141282 600.630810 190.176959 1.0
99 1 309.334079 184.799554 405.343150 236.526587 1.0
100 1 584.591753 176.954845 601.144988 190.014738 1.0
100 1 250.000693 186.065435 372.681524 248.441642 1.0
101 1 585.148154 176.767692 601.661067 189.851911 1.0
101 1 160.963105 187.827995 327.193762 266.328306 1.0
102 1 585.634659 176.579819 602.179058 189.688476 1.0
102 1 12.466847 190.450890 259.478883 296.177024 1.0
102 1 497.718445 177.271884 525.278480 197.602513 1.0
103 1 585.629170 176.581393 602.224753 189.730632 1.0
103 1 0.000000 194.808852 147.150541 327.558497 1.0
103 1 491.995277 177.456850 522.011354 199.069615 1.0
104 1 585.623646 176.582976 602.270731 189.773050 1.0
104 1 484.409405 177.688737 516.588360 200.760664 1.0
105 1 585.618088 176.584569 602.316996 189.815732 1.0
105 1 475.725758 177.954077 510.447676 202.696613 1.0
106 1 585.612495 176.586172 602.363549 189.858681 1.0
106 1 465.687348 178.260669 503.436824 204.934811 1.0
107 1 585.606867 176.587786 602.410394 189.901899 1.0
107 1 453.950185 178.618939 495.356836 207.552034 1.0
108 1 584.896490 176.602000 601.784756 189.983023 1.0
108 1 439.101879 178.778905 485.799966 210.421489 1.0
109 1 584.178939 176.616358 601.152803 190.064966 1.0
109 1 421.188031 178.971913 474.493017 213.883705 1.0
110 1 583.454107 176.630861 600.514440 190.147740 1.0
110 1 399.149917 179.209379 460.906884 218.143515 1.0
111 1 583.211268 175.694644 600.342740 189.266967 1.0
111 1 371.377863 179.508661 444.275275 223.512410 1.0
111 1 506.841003 176.560286 530.475095 194.567568 1.0
112 1 582.966398 174.750602 600.169605 188.378826 1.0
112 1 335.299256 179.897503 423.445023 230.488358 1.0
112 1 501.634850 175.636088 526.876837 194.697228 1.0
113 1 582.491503 175.128587 599.740651 188.793380 1.0
113 1 286.531854 180.423175 396.596673 239.919907 1.0
113 1 495.781028 174.597011 522.859367 194.843023 1.0
114 1 582.014077 175.508585 599.309411 189.210144 1.0
114 1 216.953110 181.029352 360.682016 253.380598 1.0
114 1 489.424247 175.193005 518.643094 196.713270 1.0
115 1 581.534099 175.890611 598.875870 189.629135 1.0
115 1 109.627203 181.858415 310.176094 274.153572 1.0
115 1 482.214776 175.869018 513.900629 198.834503 1.0
116 1 581.051551 176.274682 598.440006 190.050371 1.0
116 1 0.000000 183.022298 237.481222 308.317501 1.0
116 1 473.400893 176.834708 508.467171 201.562560 1.0
117 1 580.566411 176.660816 598.001803 190.473870 1.0
117 1 0.000000 184.946445 117.223870 325.253993 1.0
117 1 463.126138 177.961364 502.200554 204.743381 1.0
118 1 580.719033 176.676540 598.268036 190.579749 1.0
118 1 450.994154 179.292869 494.893518 208.499867 1.0
119 1 580.873659 176.692472 598.537764 190.687019 1.0
119 1 437.892604 179.627052 485.735608 211.356203 1.0
120 1 581.030330 176.708614 598.811056 190.795708 1.0
120 1 422.319165 180.023960 475.033402 214.752282 1.0
121 1 581.189086 176.724970 599.087984 190.905844 1.0
121 1 401.457130 180.602515 462.396845 219.441316 1.0
122 1 581.349969 176.741546 599.368619 191.017455 1.0
122 1 375.024061 181.253938 446.808189 225.383421 1.0
123 1 581.599893 176.420990 599.714561 190.772831 1.0
123 1 340.444284 182.077533 427.096323 233.158353 1.0
124 1 581.852501 176.096995 600.064215 190.525580 1.0
124 4 292.060501 183.144720 399.956383 243.712989 1.0
125 1 582.107835 175.769506 600.417641 190.275659 1.0
125 1 222.238883 184.592397 363.131879 258.949084 1.0
126 1 582.365940 175.438465 600.774901 190.023026 1.0
126 1 112.676627 186.668196 310.313391 282.868877 1.0
127 1 582.626862 175.103815 601.136056 189.767635 1.0
127 1 0.000000 189.662854 234.516485 322.296004 1.0
128 1 582.620244 174.709126 601.287720 189.498046 1.0
128 1 0.000000 194.679048 112.856102 345.948508 1.0
128 1 560.013603 174.385194 576.406510 187.708132 1.0
129 1 582.613512 174.307631 601.442000 189.223802 1.0
129 1 559.926244 173.686928 576.461987 187.127584 1.0
132 1 582.592600 173.060496 601.921232 188.371910 1.0
132 1 559.940737 172.235686 576.906800 186.042914 1.0
133 1 583.133576 172.945422 602.622143 188.383773 1.0
133 1 560.141046 171.702643 577.263113 185.650940 1.0
134 1 560.345503 171.158568 577.626449 185.250847 1.0
135 1 584.242912 172.709454 604.059423 188.408099 1.0
136 1 560.927586 170.797660 578.527445 185.187743 1.0
137 1 585.390325 172.465394 605.546006 188.433260 1.0
138 1 561.703494 172.878198 579.655707 187.607112 1.0
139 1 586.540649 173.952268 607.225764 190.340164 1.0
140 1 562.893523 173.021787 581.173751 188.087436 1.0
141 1 586.801904 172.731033 609.089220 189.544153 1.0
141 1 561.791737 171.084190 580.330094 186.322760 1.0
142 1 585.689329 170.516313 607.189364 187.549635 1.0
142 1 560.664104 169.101170 579.467685 184.516676 1.0
143 1 584.554391 168.244923 606.340571 185.500335 1.0
143 1 559.509703 167.071111 578.585890 182.667709 1.0
144 1 583.524927 169.944808 605.607583 187.436710 1.0
144 1 557.934522 168.975174 577.324338 184.771510 1.0
145 1 582.467106 171.691471 604.854418 189.426438 1.0
145 1 556.318859 170.928135 576.032126 186.929391 1.0
146 1 581.379740 173.486873 604.080233 191.471752 1.0
146 1 554.661133 172.931903 574.708124 189.143464 1.0
147 1 580.261574 175.333081 603.284133 193.575016 1.0
147 1 553.684418 172.707003 574.034302 189.131182 1.0
148 1 579.567063 175.104853 602.897157 193.590023 1.0
148 1 552.681722 172.476126 573.343567 189.118573 1.0
149 1 578.853763 174.870458 602.499719 193.605435 1.0
149 1 551.651994 172.239029 572.635275 189.105624 1.0
150 1 578.120902 174.629641 602.091390 193.621271 1.0
150 1 550.594125 171.995458 571.908746 189.092322 1.0
151 1 577.367664 174.382135 601.671717 193.637546 1.0
151 1 549.506947 171.745144 571.163268 189.078651 1.0
152 1 576.593187 174.127657 601.240218 193.654281 1.0
152 1 548.389223 171.487803 570.398090 189.064595 1.0
153 1 576.471175 173.089201 601.469481 192.892953 1.0
153 1 547.239650 171.223135 569.612419 189.050139 1.0
154 1 576.345633 172.020733 601.705371 192.109591 1.0
154 1 546.633400 170.339099 569.337135 188.414675 1.0
155 1 576.216405 170.920933 601.948180 191.303227 1.0
155 1 546.009942 169.429991 569.054520 187.761168 1.0
156 1 576.083327 169.788403 602.198218 190.472832 1.0
156 1 545.368533 168.494729 568.764277 187.088839 1.0
157 1 576.119891 173.177176 602.630944 194.180568 1.0
157 1 545.253520 171.425806 568.941275 190.264921 1.0
158 1 576.157583 176.670324 603.077001 198.002669 1.0
158 1 545.135478 174.433987 569.122633 193.524649 1.0
158 2 594.170662 164.130387 609.394084 184.954078 1.0
159 1 577.401604 178.645487 604.691753 200.275672 1.0
159 1 544.301168 177.001865 568.773624 196.368547 1.0
159 2 595.982694 167.205213 611.362472 188.273508 1.0
160 1 577.099025 178.350395 604.772499 200.284116 1.0
160 1 544.169002 172.793437 569.090560 192.434234 1.0
160 2 594.926339 166.530683 610.670334 187.960795 1.0
161 1 577.271831 170.504281 605.335400 192.735888 1.0
161 1 544.033064 168.461810 569.416092 188.385244 1.0
161 2 595.644705 160.128499 611.836752 181.821913 1.0
162 1 577.206067 168.183340 605.669643 190.728626 1.0
162 1 543.893185 164.001496 569.750578 184.216492 1.0
162 2 596.381234 153.566062 613.030144 175.839151 1.0
163 1 577.138400 165.795311 606.013551 188.663254 1.0
163 1 543.699858 165.597092 570.050705 186.120094 1.0
163 2 597.039753 155.237274 613.613563 177.624709 1.0
164 1 577.561966 168.439871 606.861943 191.649125 1.0
164 1 543.500686 167.241855 570.359369 188.082082 1.0
164 2 597.712778 156.944605 614.208610 179.446581 1.0
165 1 577.998204 171.163454 607.735694 194.724361 1.0
165 1 543.074396 169.725002 570.224642 190.832415 1.0
165 2 598.400784 158.689235 614.962059 181.373768 1.0
166 1 578.447693 173.969657 608.635961 197.893034 1.0
166 1 542.637120 172.272025 570.086676 193.653775 1.0
166 2 599.104269 160.472395 615.849880 183.408075 1.0
167 1 579.034815 171.284324 609.684909 195.570194 1.0
167 1 542.293254 171.445956 570.041287 193.105170 1.0
167 2 600.013913 159.957821 616.974979 183.188007 1.0
168 1 579.346422 173.996706 610.309082 198.534825 1.0
168 1 541.940334 170.598169 569.994773 192.542082 1.0
168 2 600.947229 159.429857 618.129365 182.962211 1.0
169 1 579.664459 176.765078 610.946129 201.560497 1.0
169 1 541.652340 174.041150 570.093671 196.254107 1.0
169 2 601.253122 162.416327 618.644510 186.237944 1.0
170 1 579.989125 179.591191 611.596450 204.649114 1.0
170 1 541.357312 177.568610 570.194803 200.057027 1.0
170 2 601.567081 165.477170 619.309463 189.593934 1.0
171 1 580.320630 182.309487 612.260468 207.802661 1.0
171 1 541.054988 181.133455 570.298247 203.954221 1.0
171 2 601.889419 168.615173 620.221270 193.033143 1.0
172 1 580.655577 181.566552 612.981185 207.293308 1.0
172 1 540.578536 180.255585 570.248420 203.309568 1.0
172 2 603.581118 169.161240 621.596561 193.837006 1.0
173 1 580.998723 180.807085 613.719541 206.771508 1.0
173 1 540.090056 179.303956 570.197413 202.648613 1.0
173 2 604.340809 166.821210 622.563548 191.779700 1.0
174 1 581.350371 179.975157 614.476191 206.236798 1.0
174 1 539.734239 179.369388 570.271698 203.006897 1.0
174 2 605.118157 164.426795 623.553018 189.674563 1.0
175 1 581.710840 179.099386 615.251826 205.688693 1.0
175 1 539.369403 179.436485 570.347713 203.374279 1.0
175 2 605.686904 164.865666 624.314235 190.376903 1.0
176 1 582.154338 179.215907 616.121425 206.143004 1.0
176 1 538.995202 179.505313 570.425519 203.751112 1.0
176 2 606.267635 165.313783 625.091497 191.094047 1.0
177 1 582.609254 179.335431 617.013429 206.608997 1.0
177 1 538.611268 179.575939 570.505180 204.137765 1.0
177 2 606.860732 165.771442 625.885316 191.826468 1.0
178 1 583.076034 179.458076 617.928717 207.087129 1.0
178 1 538.217218 179.648434 570.586764 204.534625 1.0
178 2 607.466595 166.238953 626.696227 192.574660 1.0
179 1 583.555149 179.583967 618.868211 207.577880 1.0
179 1 537.812644 179.722874 570.670342 204.942105 1.0
179 2 607.778472 166.560706 627.219517 193.184570 1.0
180 1 584.047091 179.713233 619.832886 208.081756 1.0
180 1 537.397120 179.799338 570.755988 205.360634 1.0
180 2 608.098662 166.889779 627.753030 193.807655 1.0
181 1 584.552384 179.846012 620.823769 208.599291 1.0
181 1 536.970193 179.877909 570.843781 205.790668 1.0
181 2 608.427490 167.226414 628.934461 194.444336 1.0
182 1 585.071577 179.982449 621.841943 209.131048 1.0
182 1 536.531388 179.958676 570.933803 206.232690 1.0
182 2 608.849433 167.220954 629.201599 194.699749 1.0
183 1 585.605250 180.122698 622.888552 209.677621 1.0
183 1 536.080200 180.041732 571.026141 206.687206 1.0
183 2 609.279903 167.215409 629.539362 194.960120 1.0
184 1 585.443812 180.483572 623.281660 210.483021 1.0
184 1 535.017435 180.338042 570.487580 207.257201 1.0
184 2 609.719145 167.209775 630.178120 195.225595 1.0
185 1 585.277759 180.825101 623.686260 211.312964 1.0
185 1 533.932689 180.619047 569.938716 207.839015 1.0
185 2 610.167414 167.204050 630.829100 195.496324 1.0
186 1 585.106874 181.170095 624.102875 212.168586 1.0
186 1 532.825273 180.899046 569.379250 208.433020 1.0
186 2 610.624976 167.198232 631.492658 195.772466 1.0
187 1 584.930928 181.524628 624.532058 213.051098 1.0
187 1 531.694466 181.184480 568.808873 209.039602 1.0
187 2 611.092105 167.192317 632.169164 196.054183 1.0
188 1 584.343833 181.628178 624.409937 213.537819 1.0
188 1 530.539519 181.475510 568.227264 209.659165 1.0
188 1 455.330673 178.175419 479.422697 197.216431 1.0
188 2 611.413476 167.186302 632.859001 196.341646 1.0
189 1 583.742792 181.733912 624.284919 214.036108 1.0
189 1 529.023770 181.264765 567.317332 209.723848 1.0
189 1 448.935708 177.493937 474.479927 197.337681 1.0
189 2 610.807451 166.651583 632.389071 196.068891 1.0
190 1 583.127302 181.841901 624.156899 214.546380 1.0
190 1 527.475970 181.049938 566.389714 209.789897 1.0
190 1 441.976494 176.752430 469.130071 197.469631 1.0
190 2 610.191377 166.107163 631.910611 195.791185 1.0
191 1 582.496836 181.952217 624.025768 215.069074 1.0
191 1 525.895091 180.830908 565.443889 209.857356 1.0
191 1 434.374899 175.942601 463.320683 197.613763 1.0
191 2 609.549466 165.552775 631.423389 195.508393 1.0
192 1 581.850841 182.064936 623.891412 215.604650 1.0
192 1 524.280060 180.607551 564.479318 209.926270 1.0
192 1 425.456055 176.897550 456.454228 199.623976 1.0
192 2 608.851381 164.988146 630.927161 195.220374 1.0
193 1 581.188735 182.180137 623.753709 216.153588 1.0
193 1 522.629757 180.379737 563.495439 209.996688 1.0
193 1 415.627977 177.949655 448.940989 201.839201 1.0
193 2 608.140277 164.412986 630.421674 194.926981 1.0
194 1 580.509909 182.297903 623.612533 216.716396 1.0
194 1 521.165611 180.472272 562.776992 210.364309 1.0
194 1 404.686098 177.903378 441.019059 203.131369 1.0
194 2 607.368931 164.907701 629.789960 195.613607 1.0
195 1 579.813721 182.418322 623.467751 217.293606 1.0
195 1 519.675756 180.566338 562.046350 210.738458 1.0
195 1 392.447920 177.851621 432.233053 204.576757 1.0
195 2 606.582545 164.905832 629.144800 195.805630 1.0
196 1 579.099496 182.541483 623.319224 217.885777 1.0
196 1 518.159502 180.661973 561.303205 211.119310 1.0
196 1 378.668456 177.793344 422.433543 206.204335 1.0
196 2 605.781930 164.500677 628.487068 195.596471 1.0
197 1 578.366523 182.667481 623.166803 218.493500 1.0
197 1 516.616139 180.759217 560.547236 211.507048 1.0
197 1 363.036835 177.727230 411.434552 208.050870 1.0
197 2 604.971497 164.129193 627.821351 195.423521 1.0
198 1 577.614056 182.796417 623.010334 219.117395 1.0
198 1 515.044928 180.858111 559.778113 211.901859 1.0
198 1 345.152546 177.651579 399.001632 210.163731 1.0
198 2 604.151988 163.881022 627.148459 195.376551 1.0
199 1 576.870446 182.889782 622.696540 219.567836 1.0
199 1 514.057138 181.084996 559.364900 212.304532 1.0
199 1 325.396896 177.910033 385.392482 212.915878 1.0
199 2 603.327051 163.559329 626.472298 195.259514 1.0
200 1 576.112635 182.984705 622.376762 220.026885 1.0
200 1 513.060351 181.313933 558.947598 212.711018 1.0
200 1 302.363978 178.211408 369.778931 216.124893 1.0
200 2 602.491318 163.233455 625.787268 195.140931 1.0
201 1 575.340213 183.081227 622.050828 220.494788 1.0
201 1 512.054444 181.544951 558.526147 213.121373 1.0
201 1 275.164407 178.567360 351.683047 219.914834 1.0
201 2 601.793549 164.147354 625.189284 196.193146 1.0
202 1 574.552752 183.179388 621.718557 220.971807 1.0
202 1 511.039290 181.778079 558.100487 213.535650 1.0
202 1 411.249643 179.594362 445.127667 197.733263 1.0
202 1 242.554985 178.994184 330.461845 224.459146 1.0
202 2 601.089741 165.069113 624.586092 197.254560 1.0
203 1 573.773476 185.331401 621.405017 223.816958 1.0
203 1 510.014761 182.013346 557.670557 213.953905 1.0
203 1 401.822388 179.899053 436.619731 199.005590 1.0
203 1 202.743297 179.515380 305.229282 230.007951 1.0
203 2 600.379813 165.998831 623.977626 198.325295 1.0
204 1 572.978672 187.520715 621.085240 226.718832 1.0
204 1 508.980726 182.250783 557.236295 214.376196 1.0
204 1 392.254727 182.362185 427.888907 202.548186 1.0
204 1 150.588522 182.552344 272.438004 240.204207 1.0
204 2 599.663685 166.936614 623.363815 199.405472 1.0
205 1 572.167872 189.748307 620.759036 229.679143 1.0
205 1 507.622082 184.003409 556.074972 216.451951 1.0
205 1 381.370365 184.319317 419.963856 205.857761 1.0
205 1 84.912984 187.098785 232.917190 254.382493 1.0
205 2 598.870140 167.882563 622.744591 200.495216 1.0
206 1 572.232751 187.401103 621.311289 227.373586 1.0
206 1 506.252526 185.768484 554.905340 218.544489 1.0
206 1 369.144078 186.496941 411.145548 209.575548 1.0
206 1 2.507692 186.470455 185.852279 264.511963 1.0
206 2 598.054474 168.836788 622.119883 201.594655 1.0
207 1 572.298947 185.012619 621.874735 225.021203 1.0
207 1 506.007660 182.792942 554.749974 215.367471 1.0
207 1 354.978110 183.518289 401.032053 207.844746 1.0
207 1 0.000000 185.658003 124.973938 275.124199 1.0
207 2 597.316275 165.035578 621.594607 197.951245 1.0
208 1 569.907243 181.230136 620.575222 221.520461 1.0
208 1 505.760863 179.773346 554.593433 212.164439 1.0
208 1 338.769724 180.057047 389.601933 205.864266 1.0
208 1 0.000000 184.566554 43.155984 271.999427 1.0
208 2 596.571445 161.196969 621.064090 194.271384 1.0
209 1 569.784426 181.484773 620.714089 222.023981 1.0
209 1 505.512110 176.403336 554.435705 208.935075 1.0
209 1 320.724610 179.418329 377.046342 207.149604 1.0
209 2 595.624297 159.073966 620.312868 192.311368 1.0
210 1 569.660333 181.741693 620.854397 222.532736 1.0
210 1 505.639538 177.535053 554.470136 210.089591 1.0
210 1 431.678225 170.641388 459.240766 188.740675 1.0
210 1 300.927077 181.186470 362.906236 210.857544 1.0
210 2 592.992692 159.982823 617.704360 193.392406 1.0
211 1 569.534943 182.000926 620.996169 223.046809 1.0
211 1 505.767239 178.668358 554.504551 211.245917 1.0
211 1 426.409098 171.828191 454.658117 190.571021 1.0
211 1 278.198073 182.999735 346.921120 215.114777 1.0
211 2 592.518892 160.759147 617.429700 194.271403 1.0
212 1 569.408237 182.262505 621.139427 223.566284 1.0
212 1 505.895211 179.803253 554.538952 212.404056 1.0
212 1 420.753804 173.101519 449.755994 192.536673 1.0
212 1 251.834431 185.066000 328.704683 220.053126 1.0
212 2 592.042493 161.540158 617.153312 195.155837 1.0
213 1 569.280194 182.526460 621.284194 224.091245 1.0
213 1 506.023457 180.847532 554.573338 213.564012 1.0
213 1 414.667917 174.471157 444.500098 194.653178 1.0
213 1 220.888559 187.442186 307.754681 225.850263 1.0
213 2 591.563475 162.325896 616.875180 196.045759 1.0
214 1 569.150791 182.792824 621.430496 224.621781 1.0
214 1 506.151975 181.868202 554.607710 214.725789 1.0
214 1 408.090234 174.684217 438.841385 195.669007 1.0
214 1 184.052102 190.203676 283.405897 232.751537 1.0
214 2 590.766915 162.001398 616.238939 195.813712 1.0
215 1 569.020008 183.061631 621.578355 225.157980 1.0
215 1 506.493674 181.045197 554.390448 213.789429 1.0
215 1 400.969880 174.914754 432.743485 196.769125 1.0
215 1 434.702440 176.900052 454.711350 191.421352 1.0
215 1 137.735519 191.222557 254.433069 238.995651 1.0
215 2 589.966363 161.675136 615.599155 195.580358 1.0
216 1 568.887823 183.332914 621.727799 225.699935 1.0
216 1 506.836444 180.223408 554.172418 212.853725 1.0
216 1 393.306517 174.414096 426.856270 197.201372 1.0
216 1 429.643259 176.464488 450.690767 191.448017 1.0
216 1 80.040645 192.435054 219.729228 246.776823 1.0
216 2 589.161789 161.347097 614.955799 195.345684 1.0
217 1 568.754211 183.606708 621.878851 226.247736 1.0
217 1 507.180266 179.306674 553.953634 211.918682 1.0
217 1 384.958112 173.868892 420.479025 197.672272 1.0
217 1 424.251783 176.000195 446.416281 191.476419 1.0
217 1 4.829914 193.941223 176.614248 256.922332 1.0
217 2 588.353163 161.017266 614.308842 195.109681 1.0
218 1 568.313725 183.086713 621.484237 225.677709 1.0
218 1 507.525121 178.385893 553.734107 210.984308 1.0
218 1 375.828511 173.272920 413.547912 198.187252 1.0
218 1 418.494130 175.504231 441.863087 191.506738 1.0
218 1 0.000000 195.862457 121.608570 268.727569 1.0
218 2 587.540453 160.685629 613.658254 194.872336 1.0
219 1 567.872488 182.565957 621.088951 225.106710 1.0
219 1 507.870992 177.466591 553.513851 210.050612 1.0
219 1 365.802685 172.618743 405.987501 198.752805 1.0
219 1 412.331650 174.973245 437.003039 191.539174 1.0
219 1 0.000000 198.397750 49.006368 268.177362 1.0
219 2 586.723627 160.352171 613.004005 194.633639 1.0
220 1 567.430498 182.044439 620.692993 224.534737 1.0
220 1 508.217860 176.548770 553.292879 209.117598 1.0
220 1 354.741850 171.897395 397.708010 199.376765 1.0
220 1 405.427744 174.900900 431.271637 192.097477 1.0
220 2 585.902654 160.016878 612.346065 194.393579 1.0
221 1 566.987754 181.522157 620.296360 223.961786 1.0
221 1 508.554747 176.735306 552.971165 209.215419 1.0
221 1 341.286930 172.696412 387.587578 201.729974 1.0
221 1 398.332905 175.844757 425.447208 193.723899 1.0
221 2 585.077501 159.679734 611.684403 194.152143 1.0
222 1 566.544253 180.999110 619.899050 223.387857 1.0
222 1 508.891080 176.920726 552.650205 209.312622 1.0
222 1 326.224889 173.590293 376.363801 204.364384 1.0
222 1 390.653411 176.866124 419.169389 195.484395 1.0
222 2 584.248134 159.340725 611.018989 193.909321 1.0
223 1 566.099995 180.450184 619.501062 222.812945 1.0
223 1 509.226846 177.105037 552.330004 209.409209 1.0
223 1 309.249493 174.596998 363.845842 207.333606 1.0
223 1 382.313885 177.974958 412.383100 197.396256 1.0
223 2 582.073250 159.037343 608.783654 193.599233 1.0
224 1 565.185124 181.740461 618.636038 224.327711 1.0
224 1 509.562031 177.288249 552.010567 209.505186 1.0
224 1 289.971435 175.739327 349.796167 210.705795 1.0
224 1 373.225405 179.182996 405.023963 199.479880 1.0
224 2 579.898856 158.734091 606.549145 193.289218 1.0
225 1 564.268594 183.007594 617.769446 225.845228 1.0
225 1 508.351680 178.734777 551.129658 210.859013 1.0
225 1 267.888098 177.046666 333.915318 214.568957 1.0
225 1 363.282332 180.504173 397.016257 201.759503 1.0
225 2 578.287439 160.144715 604.962146 194.728271 1.0
226 1 563.350398 184.276701 616.901282 227.365503 1.0
226 1 507.148971 180.173394 550.252731 212.204761 1.0
226 1 242.018915 178.437571 316.598772 219.059858 1.0
226 1 352.358173 181.898232 388.270294 204.264143 1.0
226 2 576.673813 161.557280 603.372893 196.169526 1.0
227 1 562.430533 185.547785 616.031542 228.888545 1.0
227 1 505.953842 181.492601 549.379752 213.542499 1.0
227 1 211.523812 180.078342 296.525350 224.355103 1.0
227 1 340.300178 183.392932 378.679056 207.028846 1.0
227 2 575.057973 162.971789 601.781381 197.612987 1.0
228 1 561.130970 185.161065 614.477382 228.231274 1.0
228 1 504.766234 182.767641 548.510684 214.872293 1.0
228 1 175.039125 181.919368 272.980563 230.691983 1.0
228 1 326.527193 183.764151 367.747934 208.722745 1.0
228 2 573.439915 164.388244 600.187609 199.058656 1.0
229 1 559.843759 184.777572 612.938120 227.580119 1.0
229 1 503.605862 181.837810 547.519230 213.629165 1.0
229 1 133.168086 182.400611 244.315309 236.249520 1.0
229 1 311.158334 184.175088 355.646775 210.612997 1.0
229 2 571.179316 163.527373 597.802458 198.179923 1.0
230 1 558.568728 184.397263 611.413541 226.934996 1.0
230 1 502.461109 180.918533 546.538652 212.402238 1.0
230 1 81.728375 182.973842 210.159060 243.079332 1.0
230 1 293.899163 184.632479 342.177109 212.735843 1.0
230 2 568.920388 162.667317 595.419515 197.301916 1.0
231 1 557.305709 184.020100 609.903434 226.295821 1.0
231 1 501.331679 179.968859 545.568762 211.191201 1.0
231 1 13.749484 183.445164 168.914375 252.058586 1.0
231 1 274.725263 184.931578 327.639145 214.973083 1.0
231 2 566.663129 161.808073 593.038779 196.424636 1.0
232 1 556.054537 183.646042 608.407594 225.662515 1.0
232 1 500.217282 178.974834 544.609373 209.995752 1.0
232 1 0.000000 183.976251 119.437874 261.707556 1.0
232 1 252.756150 185.270339 311.172587 217.536621 1.0
232 2 564.407536 160.949642 590.660246 195.548080 1.0
233 1 554.815051 183.275051 606.925817 225.034997 1.0
233 1 498.110770 180.205423 542.753055 211.028307 1.0
233 1 0.000000 184.656797 56.023316 264.741923 1.0
233 1 227.332531 185.657211 292.366401 220.503458 1.0
233 2 562.153607 160.092023 588.283915 194.672250 1.0
234 1 553.587090 182.907089 605.457905 224.413188 1.0
234 1 496.031466 181.308293 540.916868 212.047716 1.0
234 1 197.570079 186.103227 270.683822 223.976891 1.0
234 2 560.382491 161.117690 586.390933 195.617236 1.0
235 1 551.752417 183.704917 603.094627 224.915444 1.0
235 1 494.455186 181.860474 539.010102 212.441133 1.0
235 1 162.254464 186.623071 245.410291 228.098785 1.0
235 2 558.618985 162.138362 584.507142 196.557705 1.0
236 1 549.955237 184.488548 600.779331 225.407545 1.0
236 1 492.901126 182.405544 537.127733 212.829038 1.0
236 1 119.671590 187.236729 215.573196 233.069430 1.0
236 2 556.863041 163.154073 582.632476 197.493691 1.0
237 1 548.194442 185.258363 598.510550 225.889787 1.0
237 1 491.368825 182.943640 535.269291 213.211546 1.0
237 1 67.320994 187.972114 179.813827 239.181066 1.0
237 2 555.114609 164.164861 580.766869 198.425225 1.0
238 1 546.494971 185.136014 596.428015 225.432224 1.0
238 1 489.857835 183.474897 533.434317 213.588767 1.0
238 1 733.658267 184.255277 785.982358 205.756815 1.0
238 1 840.586365 187.006233 899.740649 210.269648 1.0
238 1 1.406487 188.869434 136.174673 246.877497 1.0
238 2 553.373641 165.170760 578.910258 199.352338 1.0
239 1 546.357148 185.013408 595.899845 224.973856 1.0
239 1 488.367719 183.999445 531.622365 213.960810 1.0
239 1 737.068821 184.150719 790.753277 206.152031 1.0
239 1 844.603160 186.494093 905.049388 210.267558 1.0
239 1 0.000000 189.864675 85.658134 254.400116 1.0
239 2 551.640090 166.171805 577.062575 200.275061 1.0
240 1 546.221474 184.892458 595.379884 224.522625 1.0
240 1 489.138652 183.238911 531.140042 212.879060 1.0
240 1 740.641605 184.041330 795.749890 206.566028 1.0
240 1 848.806538 185.959055 910.602649 210.265365 1.0
240 2 550.822854 165.108055 576.240347 199.142986 1.0
241 1 546.087899 184.773131 594.867943 224.078364 1.0
241 1 489.901861 182.489886 530.661589 211.813639 1.0
241 1 744.388164 183.926761 800.988905 207.000183 1.0
241 1 853.209805 185.399547 916.417729 210.263063 1.0
241 2 550.008380 164.048383 575.421233 198.015135 1.0
242 1 545.956374 184.655395 594.363837 223.640913 1.0
242 1 490.657418 181.752091 530.186985 210.764202 1.0
242 1 750.093235 183.800102 808.201122 207.422931 1.0
242 1 857.827562 184.813852 922.513592 210.260642 1.0
242 2 549.196653 162.992768 574.605216 196.891483 1.0
243 1 545.826852 184.539218 593.867388 223.210118 1.0
243 1 491.405389 181.025258 529.716212 209.730413 1.0
243 1 756.073676 183.667420 815.766682 207.866312 1.0
243 1 862.675868 184.200086 928.911085 210.258095 1.0
243 2 550.359692 163.264624 575.881959 196.984489 1.0
244 1 545.699289 184.424569 593.378421 222.785826 1.0
244 1 492.145841 180.249300 529.249252 208.711946 1.0
244 1 762.349578 183.528268 823.712542 208.331879 1.0
244 1 870.978954 185.514452 939.094406 212.374640 1.0
244 2 551.511764 163.533610 577.145165 197.076517 1.0
245 1 546.835496 185.344466 594.148740 223.552029 1.0
245 1 493.458933 182.952605 529.936517 211.374266 1.0
245 1 768.866197 185.265864 832.047392 210.839259 1.0
245 1 878.276007 186.907449 948.443961 214.643943 1.0
245 2 552.545210 165.884272 578.352014 199.358462 1.0
246 1 547.954585 186.252258 594.907456 224.306680 1.0
246 1 494.749031 185.553169 530.612458 213.989534 1.0
246 1 775.733257 187.096573 840.840193 213.484466 1.0
246 1 885.986661 188.377562 958.330559 217.046783 1.0
246 2 553.574469 168.224025 579.553218 201.630022 1.0
247 1 549.056941 187.148183 595.654828 225.050038 1.0
247 1 495.994497 185.848235 531.256002 214.062913 1.0
247 1 782.979399 189.028107 850.130170 216.279162 1.0
247 1 894.146993 189.931380 968.801953 219.595297 1.0
247 2 554.599567 170.552942 580.748817 203.891268 1.0
248 1 550.142935 188.032473 596.391109 225.782355 1.0
248 1 497.218449 186.138572 531.889065 214.134994 1.0
248 1 790.636473 191.069051 859.961155 219.236367 1.0
248 1 902.797403 191.576267 979.911730 222.303141 1.0
248 2 555.635494 170.578455 581.954113 203.839245 1.0
249 1 551.212931 188.905351 597.116544 226.503874 1.0
249 1 498.421442 186.424295 532.511899 214.205811 1.0
249 1 800.290231 191.342897 872.340018 220.582788 1.0
249 1 912.456938 191.831907 992.067093 223.581729 1.0
249 2 556.667165 170.603849 583.153699 203.787458 1.0
250 1 551.743936 186.478496 597.309795 223.450298 1.0
250 1 499.167584 184.044580 533.575613 211.396420 1.0
250 1 808.862666 190.165120 883.460004 220.306924 1.0
250 1 922.739745 192.103479 1005.012188 224.946479 1.0
250 2 557.179562 168.238406 583.322290 201.278596 1.0
251 1 552.267226 184.082587 597.500236 220.441127 1.0
251 1 499.904917 181.693996 534.624873 208.626605 1.0
251 1 818.007562 188.909705 895.341423 220.011866 1.0
251 1 933.018935 190.381146 1018.081949 224.189584 1.0
251 2 557.688314 165.891603 583.489338 198.790181 1.0
252 1 552.782969 181.717034 597.687926 217.475400 1.0
252 1 501.094486 182.847859 536.080719 209.710872 1.0
252 1 827.784117 187.568708 908.065378 219.695546 1.0
252 1 943.941284 190.109729 1032.017463 225.099757 1.0
252 2 558.916119 163.869284 584.447948 196.626048 1.0
253 1 553.894045 184.631508 598.474730 220.547125 1.0
253 1 502.269260 183.987861 537.517574 210.779893 1.0
253 1 837.664822 190.041981 921.138411 223.547292 1.0
253 1 955.634438 189.819886 1046.944174 226.077331 1.0
253 2 560.170427 165.841154 585.439338 198.472946 1.0
254 1 554.989391 187.509681 599.250396 223.575332 1.0
254 1 503.429559 185.114264 538.935768 211.833970 1.0
254 1 848.282850 192.697336 935.215386 227.699059 1.0
254 1 968.844960 193.569564 1063.630037 231.595747 1.0
254 2 561.415581 167.797549 586.422730 200.304810 1.0
255 1 555.444923 187.065482 599.220655 222.657837 1.0
255 1 504.095532 184.113716 539.451263 210.588526 1.0
255 1 859.723776 195.555658 950.416725 232.187314 1.0
255 1 983.057222 197.592108 1081.592094 237.555023 1.0
255 2 562.651683 169.738644 587.398218 202.121818 1.0
256 1 555.894403 186.629869 599.186826 221.760942 1.0
256 1 504.754074 183.123326 539.961486 209.357059 1.0
256 1 871.216636 195.131692 966.023944 233.283344 1.0
256 1 997.924213 197.050299 1100.602022 238.651578 1.0
256 2 563.130035 168.886459 587.543548 201.139433 1.0
257 1 556.338152 186.202583 599.149171 220.883978 1.0
257 1 505.405310 182.142940 540.466518 208.139338 1.0
257 1 883.681983 194.672412 982.996242 234.476696 1.0
257 1 1014.038850 196.465013 1121.222076 239.845507 1.0
257 2 563.605077 168.040825 587.687563 200.164834 1.0
258 1 556.572094 184.727533 599.017785 218.917304 1.0
258 1 506.049362 181.172407 540.966437 206.935133 1.0
258 1 897.248501 194.173208 1001.521110 235.780942 1.0
258 1 1031.565026 195.830798 1143.665905 241.150383 1.0
258 2 564.076845 167.201667 587.830280 199.197931 1.0
259 1 556.802074 183.274567 598.888620 216.983944 1.0
259 1 506.686347 180.176601 541.461319 205.744222 1.0
259 1 912.718236 194.391227 1022.598777 238.087513 1.0
259 1 1052.975114 193.595690 1170.432655 240.830013 1.0
259 2 564.850919 166.417555 588.598993 198.301083 1.0
260 1 557.028194 181.843193 598.761621 215.083056 1.0
260 1 507.316383 179.140561 541.951241 204.566384 1.0
260 1 929.722049 194.630539 1045.849301 240.636132 1.0
260 1 1076.012986 193.773846 1199.343350 243.422029 1.0
260 2 565.620148 165.638834 589.362418 197.410418 1.0
261 1 557.250549 180.408108 598.636733 213.213831 1.0
261 1 508.223394 179.789221 542.696985 205.077532 1.0
261 1 948.499772 194.894422 1071.627225 243.467015 1.0
261 1 1101.346166 193.968841 1231.167532 246.290593 1.0
261 2 566.384575 164.865450 590.120610 196.525872 1.0
262 1 558.056077 180.831749 599.168421 213.445866 1.0
262 1 509.120626 180.430943 543.435365 205.583140 1.0
262 1 969.343971 195.186857 1100.368649 246.629808 1.0
262 1 1129.335612 194.183179 1241.000000 249.482457 1.0
262 2 567.144245 164.097346 590.873621 195.647382 1.0
263 1 558.851520 181.225829 599.692631 213.674852 1.0
263 1 510.008235 181.023736 544.166489 206.083298 1.0
263 1 992.615301 195.512740 1132.616143 250.186528 1.0
263 1 1160.422151 194.419888 1241.000000 253.055543 1.0
263 2 567.970044 165.247625 591.699789 196.693716 1.0
264 1 559.637069 181.615260 600.209507 213.900848 1.0
264 1 510.886378 181.600109 544.890464 206.578092 1.0
264 1 1019.281670 196.562479 1169.899978 255.101508 1.0
264 1 1191.024916 196.795691 1241.000000 256.339529 1.0
264 2 568.790769 166.390154 592.520388 197.732981 1.0
265 1 560.412907 182.000125 600.719191 214.123909 1.0
265 1 511.946929 182.680164 545.896805 207.651056 1.0
265 1 1049.589874 197.752534 1212.552817 260.741618 1.0
265 2 569.606468 167.525009 593.335473 198.765249 1.0
266 1 561.179216 182.380503 601.221819 214.344091 1.0
266 1 512.998732 183.752115 546.895461 208.715000 1.0
266 1 1084.340132 199.113050 1241.000000 267.280119 1.0
266 2 570.417185 168.652268 594.145099 199.790589 1.0
267 1 561.936171 182.756476 601.717526 214.561447 1.0
267 1 514.041895 184.816054 547.886519 209.770037 1.0
267 1 1124.585623 200.833905 1241.000000 274.950240 1.0
267 2 571.222967 169.772007 594.949323 200.809072 1.0
268 1 562.683942 183.128118 602.206443 214.776032 1.0
268 1 515.076528 185.872070 548.870064 210.816276 1.0
268 1 1171.741052 203.790370 1241.000000 283.664122 1.0
268 2 572.634616 168.674672 595.799651 199.603347 1.0
269 1 563.422697 183.495507 602.688695 214.987895 1.0
269 1 516.832675 182.463825 550.515547 207.006429 1.0
269 2 574.037943 167.584462 596.643530 198.405976 1.0
270 1 565.050748 183.935617 603.995528 215.220875 1.0
270 1 517.824820 185.066362 551.291828 209.726575 1.0
270 2 576.166484 167.729562 600.120835 198.442463 1.0
271 1 565.529922 187.035320 604.164634 218.443391 1.0
271 1 518.808229 187.647799 552.061813 212.422759 1.0
271 2 576.772177 171.198952 600.706533 201.820987 1.0
272 1 566.002510 190.091594 604.329735 221.612656 1.0
272 1 519.783015 190.208392 552.825580 215.095296 1.0
272 2 577.374300 174.645959 601.288451 205.177659 1.0
273 1 566.468692 193.105378 604.490943 224.729940 1.0
273 1 520.723432 190.179639 553.558146 214.954420 1.0
273 2 577.972883 178.070798 601.866625 208.512690 1.0
274 1 567.746829 193.860628 605.424930 225.288546 1.0
274 1 521.655600 190.151119 554.284788 214.814780 1.0
274 2 578.167386 174.984928 602.012179 205.333208 1.0
275 1 567.507147 189.627948 604.790699 220.233480 1.0
275 1 521.838386 186.258028 553.620286 210.470477 1.0
275 2 578.360891 171.916375 602.156916 202.171614 1.0
276 1 567.272441 185.474112 604.169622 215.283420 1.0
276 1 522.022228 182.401650 552.959704 206.166267 1.0
276 2 578.553405 168.864995 602.300843 199.027757 1.0
277 1 567.042559 181.396939 603.561295 210.435131 1.0
277 1 522.207051 178.402934 552.303032 201.901683 1.0
277 2 578.860018 164.306986 602.568953 194.372974 1.0
278 1 567.419656 179.230186 603.693605 207.984112 1.0
278 1 522.392776 174.297113 551.650258 197.676264 1.0
278 2 579.165050 159.774664 602.835551 189.744488 1.0
279 1 567.791734 177.007505 603.824157 205.565726 1.0
279 1 522.896422 178.151041 552.134699 201.492257 1.0
279 2 579.098819 159.686203 602.487171 189.588297 1.0
280 1 568.086202 180.712341 603.883637 209.100550 1.0
280 1 523.398058 181.898627 552.617347 205.292790 1.0
280 2 579.660021 164.951929 602.825983 194.799393 1.0
281 1 568.376856 184.018351 603.942348 212.589563 1.0
281 1 523.897695 185.430195 553.098212 209.077957 1.0
281 2 580.218967 170.194610 603.163175 199.986599 1.0
282 1 568.663769 187.286018 604.000304 216.033647 1.0
282 1 524.159396 185.144173 553.358412 208.719554 1.0
282 2 580.558237 170.917760 603.260063 200.642710 1.0
283 1 569.515794 186.847142 604.622716 215.360359 1.0
283 1 524.420048 184.859214 553.617622 208.362626 1.0
283 2 580.896162 171.637693 603.356387 201.295752 1.0
284 1 570.356851 186.413364 605.237124 214.695742 1.0
284 1 524.679659 184.575311 553.875846 208.007161 1.0
284 2 581.358450 170.479628 603.588630 200.066314 1.0
285 1 571.187149 185.984595 605.843680 214.039631 1.0
285 1 525.324126 184.139143 554.854073 207.472052 1.0
285 2 582.582119 170.594826 604.667052 200.131009 1.0
286 1 572.006893 185.560749 606.442535 213.391862 1.0
286 1 525.966090 183.705043 555.826721 206.939888 1.0
286 2 583.801962 170.709651 605.741794 200.195468 1.0
287 1 572.816283 185.141741 607.033834 212.752278 1.0
287 1 526.605583 183.272993 556.793821 206.410648 1.0
287 2 585.017997 170.824105 606.812876 200.259691 1.0
288 1 574.134322 184.538735 608.196304 211.960568 1.0
288 1 527.242639 182.842977 557.755402 205.884313 1.0
288 2 586.230243 170.938190 607.880314 200.323679 1.0
289 1 575.440523 183.940627 609.348345 211.175972 1.0
289 1 527.877290 182.414976 558.711494 205.360862 1.0
289 2 587.698103 170.384748 609.105308 199.718234 1.0
290 1 576.735046 183.347360 610.490097 210.398393 1.0
290 1 529.064412 182.168020 559.793007 205.080278 1.0
290 2 588.953875 169.833101 610.325706 199.114931 1.0
290 1 427.621450 177.336581 450.424396 192.547630 1.0
291 1 578.018047 182.758873 611.621696 209.627738 1.0
291 1 530.250140 181.921332 560.873346 204.800023 1.0
291 2 590.205739 169.283246 611.541536 198.513763 1.0
291 1 421.158663 178.893010 445.449060 194.783231 1.0
292 1 579.150899 182.531226 612.605034 209.257535 1.0
292 1 531.434477 181.674913 561.952511 204.520098 1.0
292 2 591.453723 168.735179 612.752825 197.914725 1.0
292 1 414.094213 180.594776 440.032899 197.227153 1.0
293 1 580.273782 182.305394 613.579729 208.890590 1.0
293 1 532.617425 181.428760 563.030506 204.240500 1.0
293 2 592.697851 168.188896 613.959599 197.317810 1.0
293 1 405.756855 181.725750 433.563892 199.240052 1.0
294 1 581.386829 182.081355 614.545893 208.526862 1.0
294 1 533.798987 181.182874 564.107331 203.961231 1.0
294 2 593.938152 167.644392 615.388203 196.723011 1.0
294 1 396.341461 180.502517 426.256007 198.843843 1.0
295 1 582.490166 181.859089 615.503638 208.166307 1.0
295 1 534.219077 180.823257 564.500899 203.576286 1.0
295 2 595.592155 167.581313 616.789063 196.618772 1.0
295 1 385.094356 179.643872 417.337480 199.059972 1.0
296 1 583.485939 183.869826 616.356531 210.270186 1.0
296 1 534.135225 182.404959 564.429107 205.291480 1.0
296 2 597.243082 167.518507 618.409956 196.514711 1.0
296 1 371.951531 181.728568 406.820884 202.378886 1.0
297 1 584.473182 185.864930 617.202126 212.356035 1.0
297 1 534.051339 183.987266 564.357287 207.007384 1.0
297 2 597.761737 170.722636 618.899984 199.680701 1.0
297 1 357.155525 183.999564 395.070990 206.115403 1.0
298 1 584.409817 189.301027 617.050086 216.070369 1.0
298 1 533.967418 185.570179 564.285440 208.723998 1.0
298 2 598.279035 173.918280 619.388593 202.837683 1.0
298 1 340.109013 186.933017 381.679918 210.805048 1.0
299 1 584.492056 188.296717 617.041422 214.889411 1.0
299 1 533.883462 187.153698 564.213565 210.441323 1.0
299 2 598.692150 172.599148 619.771470 201.475619 1.0
299 1 320.162561 184.641344 366.108722 210.088386 1.0
300 1 584.573839 187.297476 617.032806 213.715016 1.0
300 1 532.867589 183.017294 562.749606 205.989001 1.0
300 2 599.104156 171.283691 620.153164 200.117591 1.0
300 1 297.026971 182.013647 348.253535 209.257097 1.0
301 1 584.655169 186.303263 617.024237 212.547130 1.0
301 1 532.859870 182.989255 562.215716 205.980652 1.0
301 2 599.515058 169.971895 620.533682 198.763584 1.0
301 1 269.974311 180.838524 327.715429 210.361736 1.0
302 1 584.736049 185.314042 617.015716 211.385697 1.0
302 1 532.853890 182.961197 561.679506 205.972151 1.0
302 2 599.938938 170.014248 620.927524 198.764793 1.0
302 1 237.707039 179.346997 303.602306 211.679403 1.0
303 1 584.816484 184.329775 617.007242 210.230665 1.0
303 1 532.849621 182.933120 561.140996 205.963497 1.0
303 2 600.361700 170.056492 621.320175 198.765989 1.0
303 1 198.724335 181.037781 274.994468 216.861114 1.0
304 1 585.401352 181.441086 617.457561 206.944925 1.0
304 1 532.774392 180.750106 561.463910 203.598001 1.0
304 2 600.780336 167.137391 621.722935 195.823845 1.0
304 1 149.950146 180.258372 240.005559 220.301916 1.0
305 1 585.981368 178.373262 617.904148 203.686456 1.0
305 1 532.700044 178.398933 561.786117 201.233516 1.0
305 2 601.617882 164.924451 622.537185 193.577335 1.0
305 1 87.905895 179.186738 196.746399 224.679473 1.0
306 1 585.915970 179.177542 617.709779 204.389650 1.0
306 1 532.626590 176.043010 562.107608 198.870056 1.0
306 2 602.453676 162.716843 623.349368 191.335816 1.0
306 1 6.323270 177.778004 141.891774 230.436607 1.0
307 1 585.851100 179.975349 617.516976 205.087174 1.0
307 1 532.202945 177.546791 562.105660 200.372802 1.0
307 2 603.204904 164.889003 624.078259 193.477467 1.0
307 1 0.000000 177.789229 73.405467 236.158584 1.0
308 1 585.786749 180.754617 617.325718 205.779097 1.0
308 1 531.780321 179.050921 562.102957 201.875002 1.0
308 2 603.954489 167.056480 624.805574 195.614420 1.0
309 1 585.722914 181.470836 617.135988 206.465486 1.0
309 1 531.358734 180.544570 562.099488 203.376648 1.0
309 2 603.558626 166.994062 624.385979 195.519780 1.0
310 1 585.659587 182.181856 616.947767 207.146407 1.0
310 1 530.264507 181.067006 561.158846 203.989654 1.0
310 2 603.163665 166.931783 623.967317 195.425355 1.0
311 1 585.596762 182.887736 616.761038 207.821925 1.0
311 1 529.165705 181.591471 560.214549 204.605224 1.0
311 2 602.769604 166.869644 623.549584 195.331144 1.0
312 1 585.534433 183.588529 616.575783 208.492105 1.0
312 1 528.062296 182.117976 559.266577 205.223376 1.0
312 2 602.376439 166.807643 623.132779 195.237146 1.0
313 1 585.472595 184.284292 616.391984 209.157009 1.0
313 1 526.954254 182.646534 558.314907 205.844125 1.0
313 2 602.349573 170.601049 623.083790 199.000943 1.0
314 1 585.631220 183.386652 616.428308 208.074673 1.0
314 1 525.841548 183.177156 557.359518 206.467488 1.0
314 2 601.959499 171.150701 622.670384 199.519519 1.0
314 3 390 122 446 180 1.0
315 1 585.788595 182.495467 616.464347 207.000866 1.0
315 1 525.177565 182.088323 556.818692 205.337305 1.0
315 2 601.746659 169.984594 622.434089 198.321176 1.0
315 3 381 120 437 176 1.0
316 1 585.944735 181.610669 616.500103 205.935488 1.0
316 1 524.510811 180.995273 556.275770 204.202402 1.0
316 2 601.534301 168.821141 622.198323 197.125499 1.0
316 3 376 116 415 167 1.0
317 1 586.099655 180.732188 616.535580 204.878439 1.0
317 1 523.841268 179.856721 555.730739 203.062749 1.0
317 2 601.322423 167.660333 621.963085 195.932480 1.0
318 1 586.253369 179.788537 616.570780 203.829623 1.0
318 1 523.168920 178.664023 555.183588 201.918316 1.0
318 2 601.111024 166.502162 621.728372 194.742109 1.0
319 1 586.405890 178.842642 616.605709 202.788944 1.0
319 1 522.493747 177.466293 554.634304 200.769074 1.0
319 2 600.900103 165.346618 621.494183 193.554377 1.0
320 1 586.929687 181.388242 616.992742 205.300489 1.0
320 1 521.851020 178.599160 554.125937 201.969209 1.0
320 1 0.000000 189.334706 134.124186 374.000000 1.0
320 2 601.486405 167.447420 622.057165 195.625031 1.0
321 1 587.448773 183.762874 617.376298 207.789441 1.0
321 1 521.204593 179.738548 553.614868 203.176254 1.0
321 1 0.000000 188.342559 173.739453 374.000000 1.0
321 2 601.997886 169.543287 622.618526 197.691381 1.0
322 1 588.364629 182.021745 618.234246 205.776701 1.0
322 1 520.554435 180.846628 553.101076 204.390270 1.0
322 1 0.000000 187.502803 207.270801 374.000000 1.0
322 2 602.392106 167.756686 622.953292 195.871108 1.0
323 1 589.268978 180.264767 619.084407 203.782252 1.0
323 1 520.120046 178.796762 552.785726 202.368785 1.0
323 1 0.000000 186.782832 236.019786 374.000000 1.0
323 2 602.785496 165.974125 623.287287 194.055066 1.0
324 1 590.165828 178.397688 619.926887 201.805847 1.0
324 1 519.683176 176.697087 552.468714 200.335751 1.0
324 1 0.000000 186.158723 260.941423 374.000000 1.0
324 2 603.143247 164.195591 623.620513 192.243240 1.0
325 1 590.374683 180.440843 620.023173 203.748900 1.0
325 1 518.140446 178.205076 550.896684 201.927961 1.0
325 1 0.000000 185.612524 282.735897 374.000000 1.0
325 2 602.838356 165.841285 623.299378 193.868064 1.0
326 1 590.939086 182.216888 620.507025 205.567466 1.0
326 1 516.587099 179.723279 549.314497 203.531518 1.0
326 1 0.000000 185.130505 301.913940 374.000000 1.0
326 2 602.530793 167.484378 622.978743 195.490386 1.0
327 1 591.498939 183.963216 620.986632 207.370054 1.0
327 1 515.023023 181.193066 547.722056 205.146539 1.0
327 1 0.000000 184.701981 318.958498 374.000000 1.0
327 2 602.207854 169.124876 622.658610 197.110210 1.0
328 1 589.618590 183.542972 618.973344 206.810696 1.0
328 1 513.448103 182.613712 546.119263 206.773144 1.0
328 1 0.000000 184.318515 334.206808 374.000000 1.0
328 2 601.885375 170.762785 622.338976 198.727543 1.0
329 1 587.752936 183.126066 616.977400 206.256070 1.0
329 1 511.862224 184.043326 544.506019 208.411454 1.0
329 1 0.000000 183.973355 347.928618 374.000000 1.0
329 2 600.000060 169.682861 620.395972 197.624727 1.0
330 1 585.901805 182.712461 614.998574 205.706118 1.0
330 1 508.716721 183.393947 541.305518 207.894606 1.0
330 1 0.000000 183.119472 358.900913 374.000000 1.0
330 2 598.076610 168.604670 618.456081 196.523635 1.0
331 1 584.065029 182.302116 613.036647 205.160781 1.0
331 1 505.644104 182.256212 538.470844 206.777467 1.0
331 1 0.000000 182.337750 368.944005 374.000000 1.0
331 2 596.156171 167.528208 616.519297 195.424265 1.0
332 1 582.242440 181.894993 611.091405 204.620001 1.0
332 1 502.540650 181.108159 535.610330 205.649049 1.0
332 1 0.000000 181.619414 378.171129 374.000000 1.0
332 2 594.238737 166.453471 614.585610 194.326611 1.0
333 1 580.433876 181.491053 609.162634 204.083722 1.0
333 1 499.405893 179.882745 532.723621 204.509181 1.0
333 1 3.956817 180.957055 386.677834 374.000000 1.0
333 2 592.324300 165.380455 612.655015 193.230671 1.0
334 1 578.418781 179.701828 606.941338 202.077281 1.0
334 1 496.239356 178.608650 529.810354 203.357690 1.0
334 1 40.943366 180.265587 394.545318 374.000000 1.0
334 2 590.279976 164.643849 610.599753 192.478481 1.0
335 1 576.427991 177.872210 604.749370 200.097075 1.0
335 1 493.021221 177.638666 527.152462 202.584157 1.0
335 1 74.233433 179.333306 402.006934 371.710438 1.0
335 2 588.237766 163.908069 608.546754 191.727055 1.0
336 1 574.352190 178.141919 602.469303 200.223619 1.0
336 1 489.751089 176.652968 524.455034 201.798118 1.0
336 1 102.458017 178.528036 408.630653 360.314880 1.0
336 2 586.197667 163.173113 606.496016 190.976392 1.0
336 1 440.001885 169.786991 466.627689 189.321544 1.0
337 1 572.300974 178.408126 600.218772 200.348534 1.0
337 1 486.591104 178.870680 521.868138 204.226540 1.0
337 1 128.310621 177.797007 414.959899 349.894051 1.0
337 2 584.768421 164.470061 605.056362 192.259943 1.0
337 1 430.457514 171.932906 459.083664 192.582066 1.0
338 1 570.365364 179.776916 598.034642 201.650802 1.0
338 1 483.378974 181.090644 519.241992 206.695060 1.0
338 1 151.553549 177.139371 420.875660 340.527645 1.0
338 2 583.340632 165.765591 603.618252 193.542214 1.0
338 1 419.760877 174.337688 450.686949 196.236345 1.0
339 1 568.364383 181.112499 595.864345 202.944805 1.0
339 1 480.113397 183.189634 516.575697 209.204678 1.0
339 1 172.562998 176.544604 426.417176 332.063323 1.0
339 2 581.914297 167.059706 602.181682 194.823206 1.0
339 1 407.478974 177.761429 441.097768 201.078901 1.0
340 1 566.572118 181.361532 593.916253 203.088791 1.0
340 1 477.957194 184.620386 514.993374 211.004486 1.0
340 1 193.564239 178.207571 432.097142 326.102182 1.0
340 2 581.387612 168.781140 601.644799 196.532812 1.0
340 1 395.142921 177.875950 431.799468 202.801192 1.0
341 1 564.800499 181.607923 591.990561 203.231119 1.0
341 1 475.762119 186.074882 513.384745 212.836790 1.0
341 1 212.605419 179.715214 437.414649 320.698526 1.0
341 2 580.861534 170.500684 601.108377 198.240856 1.0
341 1 379.967214 179.705202 420.301020 206.483030 1.0
342 1 563.477103 183.969228 590.514121 205.669823 1.0
342 1 473.527112 187.553717 511.749148 214.702477 1.0
342 1 229.948708 180.886776 442.403320 315.777642 1.0
342 2 580.336061 172.218340 600.572412 199.947337 1.0
342 1 362.358987 181.726754 407.111565 210.755276 1.0
343 1 562.168774 186.305744 589.054460 208.080756 1.0
343 1 471.251072 189.057508 510.085899 216.602466 1.0
343 1 245.811510 181.774407 447.092741 311.277600 1.0
343 2 579.811192 173.934108 600.036905 201.652256 1.0
343 1 341.682422 183.990034 391.828468 215.772321 1.0
344 1 560.629766 184.392112 587.364873 205.881524 1.0
344 1 468.807506 187.133176 508.761086 214.799619 1.0
344 1 260.375638 182.610410 451.509054 307.146628 1.0
344 2 579.219420 171.413593 599.530862 199.112645 1.0
344 1 318.016445 182.820322 374.750961 217.494687 1.0
345 1 559.108236 182.498537 585.694441 203.707274 1.0
345 1 466.310577 185.168243 507.406990 212.956098 1.0
345 1 273.794308 183.399162 455.675442 303.341108 1.0
345 2 578.559653 168.896189 599.025306 196.575659 1.0
345 1 289.386084 181.431301 354.470033 219.578549 1.0
346 1 557.603887 180.608880 584.042838 201.557584 1.0
346 1 463.259258 186.043690 504.934063 214.277649 1.0
346 1 286.197531 184.144559 459.612535 299.824040 1.0
346 2 577.951603 169.451538 598.576440 197.117548 1.0
346 1 302.911426 181.246510 359.755025 207.855655 1.0
346 1 254.046249 179.644298 329.991045 222.151057 1.0
347 1 554.572262 181.825296 580.872668 202.743596 1.0
347 1 460.128012 186.939819 502.402537 215.633902 1.0
347 1 297.696384 184.850080 463.338756 296.563823 1.0
347 2 577.344189 170.006254 598.127953 197.658905 1.0
347 1 277.708699 184.080031 341.013130 213.021984 1.0
347 1 207.185521 182.157438 297.780226 230.593734 1.0
348 1 552.751957 183.423477 578.927248 204.370313 1.0
348 1 456.913651 187.857371 499.810309 217.026242 1.0
348 1 308.386289 185.518842 466.870602 293.533314 1.0
348 2 576.038811 172.598525 596.922886 200.244416 1.0
348 1 243.955427 188.237509 316.415023 220.462388 1.0
348 1 145.836798 185.191445 257.096762 241.648818 1.0
349 1 550.949404 185.007077 577.000758 205.981436 1.0
349 1 453.612818 188.797126 497.155174 218.456126 1.0
349 1 318.349721 186.153644 470.222898 290.709058 1.0
349 2 574.734452 175.188264 595.718858 202.827881 1.0
349 1 393.952180 185.565682 421.962991 202.895523 1.0
349 1 205.797004 192.463734 290.143287 228.918767 1.0
349 1 62.052368 189.143580 204.091657 256.750758 1.0
350 1 549.164352 186.576299 575.092920 207.577183 1.0
350 1 449.772351 187.641238 494.073425 217.616116 1.0
350 1 327.085952 185.507686 473.347929 286.646721 1.0
350 2 573.465490 173.699065 594.241636 201.322229 1.0
350 1 382.009284 183.681484 412.186727 201.842435 1.0
350 1 156.134894 190.912764 255.667053 231.685554 1.0
350 1 0.000000 186.447287 134.279385 268.077985 1.0
351 1 546.211073 184.373866 571.985660 205.064349 1.0
351 1 445.816569 186.454227 490.908479 216.750806 1.0
351 1 335.303654 184.890730 476.332500 282.825834 1.0
351 2 572.197715 172.211216 592.765728 199.818058 1.0
351 1 368.676936 181.592056 401.345343 200.666796 1.0
351 1 92.237879 188.988337 212.878247 235.245784 1.0
351 1 0.000000 182.538515 33.033950 265.628393 1.0
352 1 543.293933 182.196736 568.916735 202.581964 1.0
352 1 441.740192 185.234818 487.656924 215.859038 1.0
352 1 343.047662 184.300867 479.185870 279.225492 1.0
352 2 570.931123 170.724714 591.291135 198.315367 1.0
352 1 353.697687 179.154741 389.254745 199.345892 1.0
352 1 6.960339 186.537006 158.359317 239.998043 1.0
353 1 540.046355 181.622099 565.522211 201.836366 1.0
353 1 437.537616 183.981663 484.315161 214.939583 1.0
353 1 350.357786 183.736350 481.916506 275.827138 1.0
353 2 569.665714 169.239559 589.817855 196.814155 1.0
353 1 337.791122 177.893925 376.817869 199.508674 1.0
353 1 0.000000 183.523119 91.155144 241.073071 1.0
354 1 538.418654 181.913559 563.812952 202.084152 1.0
354 1 433.202884 182.693342 480.879387 213.991131 1.0
354 1 357.269497 183.195580 484.532159 272.614235 1.0
354 2 568.008213 169.381477 588.141631 196.957571 1.0
354 1 319.156757 179.167720 362.351465 202.429216 1.0
355 1 536.602029 182.989920 561.888185 203.159291 1.0
355 1 430.095995 182.728139 479.064004 214.615564 1.0
355 1 363.814505 182.677090 487.039943 269.572007 1.0
355 2 568.048289 170.351768 588.181936 197.930162 1.0
355 1 297.455387 180.650765 345.700279 205.830620 1.0
356 1 534.802262 184.057698 560.081352 204.224730 1.0
356 1 426.871258 182.764129 477.186305 215.263715 1.0
356 1 370.021233 182.179529 489.446394 266.687208 1.0
356 2 568.088366 171.322085 588.222243 198.902784 1.0
356 1 271.861920 182.257324 326.328949 209.842298 1.0
357 1 533.019141 185.117000 558.650378 205.280593 1.0
357 1 423.521831 182.801374 475.243032 215.936962 1.0
357 1 375.915255 181.701657 491.757533 263.947922 1.0
357 2 568.128444 172.292429 588.262551 199.875439 1.0
357 1 241.226153 184.137373 303.511645 214.644679 1.0
358 1 532.376273 183.786043 558.269352 203.755356 1.0
358 1 420.040335 182.839942 473.230693 216.636791 1.0
358 1 381.519616 181.242327 493.978912 261.343415 1.0
358 2 567.824474 171.314554 587.959142 198.896008 1.0
358 1 203.450518 182.833700 277.381069 216.339122 1.0
359 1 531.739857 182.465942 557.890949 202.244057 1.0
359 1 416.418793 182.879903 471.145546 217.364808 1.0
359 1 386.855162 180.800480 496.115662 258.863974 1.0
359 2 567.520496 170.336659 587.655727 197.916551 1.0
359 1 157.089770 181.262820 245.851279 218.418382 1.0
360 1 531.109814 181.156560 557.515130 200.746513 1.0
360 1 412.648574 182.921335 468.983570 218.122753 1.0
360 1 393.281710 179.975684 499.409274 256.319564 1.0
360 2 569.105470 170.051007 589.241000 197.630562 1.0
360 1 99.055081 181.566071 204.174799 224.071022 1.0
361 1 531.947740 182.625312 558.499105 202.241800 1.0
361 1 408.720326 182.964321 466.740450 218.912508 1.0
361 1 399.446370 179.093760 502.595155 253.878952 1.0
361 2 570.690759 169.765312 590.826120 197.344568 1.0
361 1 21.638787 181.954831 150.731852 231.615429 1.0
362 1 532.778597 184.082157 559.474599 203.723403 1.0
362 1 404.623888 183.008948 464.411531 219.736119 1.0
362 1 405.364829 178.247070 505.678507 251.535914 1.0
362 2 572.276364 169.479576 592.411086 197.058571 1.0
362 1 0.000000 182.869541 90.215222 239.342201 1.0
363 1 533.499987 182.461470 560.043840 201.899288 1.0
363 1 400.348219 183.055314 461.991806 220.595812 1.0
363 1 411.051550 177.433543 508.664199 249.284715 1.0
363 2 573.862286 169.193799 593.995901 196.772574 1.0
364 1 534.215497 180.853071 560.608765 200.090049 1.0
364 1 395.881279 183.103522 459.475862 221.494011 1.0
364 1 415.881496 178.688240 511.227326 249.332514 1.0
364 2 575.448526 168.907985 595.580565 196.486578 1.0
365 1 535.094361 181.380149 561.327492 200.579213 1.0
365 1 391.639777 183.838011 457.733836 223.310587 1.0
365 1 420.551768 179.901439 513.721465 249.378732 1.0
365 2 576.678006 169.444178 596.808039 197.020001 1.0
366 1 535.966166 181.903288 562.040845 201.064446 1.0
366 1 387.179797 184.606494 455.909722 225.221443 1.0
366 1 425.070156 180.958596 516.149365 249.423445 1.0
366 2 577.907471 169.980182 598.034901 197.553331 1.0
367 1 536.830996 182.422532 562.748884 201.545796 1.0
367 1 382.580324 186.210835 453.419649 228.300323 1.0
367 1 429.443950 181.889761 518.513629 249.466726 1.0
367 2 579.136914 170.515997 599.261146 198.086567 1.0
368 1 537.688933 182.937923 563.451669 202.023309 1.0
368 1 377.691858 187.902145 450.794105 231.573098 1.0
368 1 433.679982 182.796855 520.816728 249.508641 1.0
368 2 580.366333 171.051622 600.486769 198.619708 1.0
369 1 538.540062 183.449504 564.149258 202.497032 1.0
369 1 371.276092 187.964472 447.248112 232.979210 1.0
369 1 437.634327 183.033475 523.582382 248.603712 1.0
369 2 581.542831 171.587056 601.711768 199.152752 1.0
369 1 527.789950 180.753616 542.272650 194.657234 1.0
370 1 539.384461 183.957318 564.841709 202.967007 1.0
370 1 364.456496 188.030183 443.509474 234.473889 1.0
370 1 441.451016 183.263439 526.268410 247.730492 1.0
370 2 582.442551 172.122298 602.936137 199.685699 1.0
370 1 527.622573 180.839121 542.395199 195.024806 1.0
371 1 540.222210 184.461405 565.529077 203.433281 1.0
371 1 357.061094 187.743703 439.574181 235.735663 1.0
371 1 445.137195 183.487028 528.878150 246.887340 1.0
371 2 583.342314 172.657346 604.159873 200.218547 1.0
371 1 527.448268 180.928160 542.522670 195.407593 1.0
372 1 541.053389 184.961808 566.211418 203.895897 1.0
372 1 349.139805 187.439824 435.399718 237.087227 1.0
372 1 448.699524 183.704507 531.414757 246.072726 1.0
372 2 584.242123 173.192201 605.382971 200.751295 1.0
372 1 526.417549 179.948002 541.855903 194.755301 1.0
373 1 541.878073 185.458565 566.888789 204.354897 1.0
373 1 340.634466 187.116912 430.963599 238.538518 1.0
373 1 452.144221 183.916126 533.881213 245.285219 1.0
373 2 585.141982 173.726860 606.605427 201.283943 1.0
373 1 526.991324 180.722567 542.758025 195.873995 1.0
374 1 542.429245 181.241582 567.575165 199.775028 1.0
374 1 331.478006 186.773121 426.240429 240.100998 1.0
374 1 455.301102 181.536990 535.173037 241.528388 1.0
374 2 585.772886 169.673303 607.254611 197.219437 1.0
374 1 525.304151 177.258659 541.490764 192.767319 1.0
375 1 542.977341 176.799466 568.257445 195.223652 1.0
375 1 321.100836 182.862202 420.851966 237.595939 1.0
375 1 458.366622 179.017200 536.432474 237.880829 1.0
375 2 586.403651 165.620598 607.903655 193.155906 1.0
375 1 525.221694 170.588924 541.792424 186.462782 1.0
376 1 543.522393 172.335945 568.935661 190.700517 1.0
376 1 309.845745 178.321288 415.083183 234.878763 1.0
376 1 461.344700 176.317215 537.660718 234.337849 1.0
376 2 587.034277 161.568744 608.552559 189.093350 1.0
376 1 524.032093 167.885476 541.045339 184.153417 1.0
377 1 545.162247 173.454383 570.630032 191.760162 1.0
377 1 298.201293 179.215723 409.672950 238.248116 1.0
377 1 464.239030 173.694960 538.858909 230.895022 1.0
377 2 588.409799 160.758960 610.010192 188.278733 1.0
377 1 523.312827 167.792331 540.753389 184.458923 1.0
378 1 546.791657 174.565829 572.314169 192.812811 1.0
378 1 285.493805 180.192593 403.852983 241.925526 1.0
378 1 467.444164 174.145880 540.257196 230.454059 1.0
378 2 589.406312 162.389249 611.057717 189.910609 1.0
378 1 523.135706 170.266850 541.005023 187.357022 1.0
379 1 548.175315 174.524145 573.504623 192.692664 1.0
379 1 271.570670 181.092711 397.574959 245.955262 1.0
379 1 470.551525 174.582773 541.618396 230.026568 1.0
379 2 590.402708 164.019382 612.105137 191.542280 1.0
379 1 522.420502 171.963072 540.697318 189.435719 1.0
380 1 549.547131 174.482817 574.685552 192.573547 1.0
380 1 256.248593 182.030185 390.782647 250.390500 1.0
380 1 473.565527 175.006282 542.943959 229.611938 1.0
380 2 591.780181 163.591723 613.540955 191.080117 1.0
380 1 521.407106 171.351715 540.186504 189.285097 1.0
381 1 550.907254 174.441842 575.857070 192.455445 1.0
381 1 236.496749 183.180071 382.583960 256.351503 1.0
381 1 477.547912 173.987325 545.384707 227.718044 1.0
381 2 593.154528 163.165103 614.973277 190.619094 1.0
381 1 520.338673 170.707221 539.648990 189.126292 1.0
382 1 552.255835 174.401214 577.019291 192.338345 1.0
382 1 216.084773 184.304527 372.880774 261.903198 1.0
382 1 481.404841 173.000480 547.759958 225.883858 1.0
382 2 594.525758 162.739520 616.402115 190.159206 1.0
382 1 519.210595 170.026818 539.082626 188.958620 1.0
383 1 553.593018 174.360929 578.172323 192.222235 1.0
383 1 193.238177 185.533029 362.278907 268.117843 1.0
383 1 485.142149 172.044253 550.072312 224.106601 1.0
383 2 595.893883 162.314970 617.827482 189.700449 1.0
383 1 517.004428 170.860914 538.035550 190.340850 1.0
384 1 554.918949 174.320984 579.316275 192.107103 1.0
384 1 164.165123 187.018899 349.476350 276.170114 1.0
384 1 487.406090 173.187531 551.157397 224.451177 1.0
384 2 597.258913 161.891448 619.249391 189.242818 1.0
384 1 514.672820 171.745024 536.924417 191.804254 1.0
384 3 476.620577 157.656556 504.549174 183.362552 1.0
385 1 555.262391 175.686347 579.542595 193.398803 1.0
385 1 130.454900 188.682323 335.142374 285.508467 1.0
385 1 489.601632 174.296255 552.214368 224.785336 1.0
385 2 597.107722 163.568029 619.025713 190.889489 1.0
385 1 512.204540 172.683753 535.743414 193.356175 1.0
385 3 470.847985 158.143598 500.455958 185.023741 1.0
386 1 555.602984 177.040380 579.767156 194.679782 1.0
386 1 90.901905 190.557148 318.984728 296.467753 1.0
386 1 491.731828 175.371969 553.244303 225.109542 1.0
386 2 596.956871 165.240613 618.802565 192.532179 1.0
386 1 508.523748 174.326880 532.932947 195.657777 1.0
386 3 464.523126 158.677214 496.009487 186.843921 1.0
387 1 555.940762 178.383226 579.989980 195.950173 1.0
387 1 40.540383 191.464997 298.079298 307.607157 1.0
387 1 493.799554 176.416125 554.248227 225.424234 1.0
387 2 596.806359 166.909215 618.579946 194.170903 1.0
387 1 504.601333 176.077813 529.945922 198.110513 1.0
387 3 457.562764 159.264421 491.161968 188.847066 1.0
388 1 556.275760 179.715021 580.211086 197.210107 1.0
388 1 0.000000 192.486407 275.952814 320.862719 1.0
388 1 495.807516 177.430090 555.227113 225.729824 1.0
388 2 596.656184 168.573849 618.357852 195.805675 1.0
388 1 500.412696 177.947522 526.765165 200.729776 1.0
388 3 449.866053 159.913718 485.856581 191.062222 1.0
389 1 554.649760 181.594211 578.647255 199.137979 1.0
389 1 0.000000 193.665029 250.416216 336.735592 1.0
389 1 497.758271 178.415158 556.181886 226.026702 1.0
389 2 596.506346 170.234530 618.136283 197.436510 1.0
389 1 495.929783 179.948516 523.371194 203.533120 1.0
389 3 441.309618 160.635503 480.025239 193.524929 1.0
