0 1 602.400132 174.171576 684.834784 236.780777 1.0
0 1 347.927326 180.888194 391.619077 208.229858 1.0
0 1 423.522417 179.573337 463.232355 206.083055 1.0
0 2 0.000000 83.933709 51.134395 265.730277 1.0
1 1 599.393230 174.331620 680.597763 236.681410 1.0
1 1 336.815770 180.495593 384.001540 209.459850 1.0
1 1 414.691266 180.229482 458.262694 208.696956 1.0
2 1 596.423712 176.100394 676.410658 238.218447 1.0
2 1 324.185990 181.242237 375.270969 212.055313 1.0
2 1 404.454849 180.968975 452.581271 211.727159 1.0
3 1 593.476577 177.855903 672.254217 239.742570 1.0
3 1 310.648845 182.540906 366.099317 215.448398 1.0
3 1 391.413519 182.380314 444.897462 215.954465 1.0
4 1 590.551566 179.598290 668.128116 241.253932 1.0
4 1 295.263024 184.001677 355.781785 219.305217 1.0
4 1 375.930716 184.024332 435.946033 220.973666 1.0
5 1 588.586718 180.171999 665.265522 241.613994 1.0
5 1 276.074329 184.248790 342.818514 222.252873 1.0
5 1 358.203194 184.020940 426.207884 224.787750 1.0
6 1 586.634547 180.741950 662.421297 241.971416 1.0
6 1 253.746444 184.532341 327.942496 225.683110 1.0
6 1 332.054283 185.254531 411.353682 231.079698 1.0
7 1 584.694929 181.308177 659.595270 242.326225 1.0
7 1 226.792480 186.080018 309.100849 231.148125 1.0
7 1 298.864598 186.767934 393.126808 239.067350 1.0
8 1 582.767741 181.815429 656.787271 242.678448 1.0
8 1 194.474571 187.896426 286.979901 237.702601 1.0
8 1 255.347449 188.668539 370.231937 249.542948 1.0
9 1 580.651724 181.326702 653.767571 241.912910 1.0
9 1 151.335425 187.129816 257.770818 242.514731 1.0
9 1 194.941947 189.233052 339.817305 261.202818 1.0
10 1 578.549047 180.786186 650.766891 241.152700 1.0
10 1 96.344238 187.493342 222.948566 249.896743 1.0
10 1 108.118112 189.986466 299.216613 277.969024 1.0
11 1 576.084358 180.177092 647.425779 240.373652 1.0
11 1 25.597759 187.944404 179.735917 259.396155 1.0
11 1 0.000000 191.088978 238.438588 304.174329 1.0
12 1 573.631603 179.570940 644.100436 239.598747 1.0
12 1 0.000000 188.518929 124.685976 271.414050 1.0
12 1 0.000000 192.751056 146.770647 323.247187 1.0
13 1 571.190691 178.967708 640.790756 238.827952 1.0
13 1 0.000000 189.275620 52.164273 273.209781 1.0
14 1 568.761533 178.367377 637.496635 238.061238 1.0
15 1 566.344042 177.769927 634.217968 237.298572 1.0
16 1 564.255701 176.765570 631.688857 236.168169 1.0
17 1 562.174294 175.765052 629.169419 235.042128 1.0
18 1 561.005954 176.210462 627.157466 235.371117 1.0
19 1 559.842677 176.654419 625.151230 235.698619 1.0
20 1 558.684425 177.096930 623.150699 236.024640 1.0
21 1 559.279456 177.250631 623.045089 236.063759 1.0
22 1 559.873366 177.403900 622.938425 236.102535 1.0
23 1 560.466155 177.556738 622.830723 236.140972 1.0
24 1 561.057822 177.709145 622.722003 236.179071 1.0
25 1 562.043502 176.844247 623.340599 235.178527 1.0
26 1 563.025648 175.982685 623.956385 234.182378 1.0
27 1 564.004281 175.124442 624.569378 233.190598 1.0
28 1 564.979421 174.269501 625.179594 232.203159 1.0
29 1 566.628622 173.874267 626.292183 231.662313 1.0
30 1 567.968444 173.480670 627.399073 231.124044 1.0
31 1 570.082270 173.097448 629.383254 230.597149 1.0
32 1 570.144600 174.690987 629.275954 232.001327 1.0
33 1 571.088444 176.284497 630.044685 233.404093 1.0
34 1 572.011307 176.190514 630.788307 233.112237 1.0
35 1 572.930176 176.097104 631.525233 232.822073 1.0
36 1 574.194574 175.665107 632.584489 232.208351 1.0
37 1 575.452807 175.236366 633.634036 231.598224 1.0
38 1 576.704894 174.810850 634.673945 230.991665 1.0
39 1 577.154756 175.145566 634.881256 231.089503 1.0
40 1 577.600843 175.477512 635.086822 231.186511 1.0
41 1 578.043203 175.806722 635.290663 231.282698 1.0
42 1 578.481883 176.133229 635.492801 231.378075 1.0
43 1 578.916928 176.457068 635.693257 231.472651 1.0
44 1 578.584810 176.876071 635.123124 231.658205 1.0
45 1 578.255540 177.291581 634.557721 231.842175 1.0
46 1 577.929084 177.703641 633.996990 232.024583 1.0
47 1 578.216626 178.116197 634.035797 232.194316 1.0
48 1 577.381636 177.458501 633.002038 231.337993 1.0
49 1 577.352462 178.213708 632.760979 231.886874 1.0
50 1 577.323538 178.963213 632.521714 232.431518 1.0
51 1 577.294860 179.707081 632.284224 232.971974 1.0
52 1 576.137520 178.927305 630.958074 232.022834 1.0
53 1 574.987456 178.152297 629.640013 231.079641 1.0
54 1 573.844601 177.382015 628.329968 230.142341 1.0
55 1 572.708887 176.616415 627.027866 229.210878 1.0
56 1 571.116465 175.725271 625.301926 228.187019 1.0
57 1 569.531938 174.838525 623.584510 227.168239 1.0
58 1 568.925217 177.509749 622.825392 229.696961 1.0
59 1 568.552295 180.677482 622.300596 232.743205 1.0
60 1 568.181477 183.454098 621.778751 235.772254 1.0
61 1 566.759008 181.911201 620.203894 233.858179 1.0
62 1 565.530216 173.751532 618.816907 225.333149 1.0
62 1 527.807037 172.885586 545.025456 186.281394 1.0
63 1 564.756584 172.632091 617.882889 224.055292 1.0
63 1 524.579193 169.732921 542.518814 183.689404 1.0
64 1 563.987617 171.519373 616.954486 222.785146 1.0
64 1 521.132713 173.229048 539.866517 187.800363 1.0
65 1 564.012525 175.321063 616.845850 226.465246 1.0
65 1 518.228045 179.263702 537.797044 194.508946 1.0
66 1 564.037308 179.103681 616.737758 230.126792 1.0
66 1 514.635695 182.137164 535.300213 198.200924 1.0
66 1 555.792390 180.276103 572.602209 193.712463 1.0
67 1 562.909909 178.760604 615.501838 229.677014 1.0
67 1 510.456859 181.356584 532.471010 198.174317 1.0
67 1 553.902776 179.044943 571.566043 193.101810 1.0
68 1 563.539094 176.802929 615.966852 227.556425 1.0
68 1 505.839956 180.498536 529.362406 198.144910 1.0
68 1 551.830089 177.694486 570.434772 192.431980 1.0
69 1 564.164366 174.857384 616.428983 225.449033 1.0
69 1 500.712276 179.489755 525.930880 198.112240 1.0
69 1 549.546369 176.206513 569.194672 191.693935 1.0
69 5 369.783128 176.414935 389.340564 208.387601 1.0
70 1 564.785762 172.923856 616.888257 223.354716 1.0
70 1 494.984070 178.362621 522.123376 198.075733 1.0
70 1 547.017658 174.558890 567.829246 190.876694 1.0
70 5 358.084661 175.574493 379.192884 209.167133 1.0
71 1 564.700807 173.760578 616.657545 224.050154 1.0
71 1 488.419012 177.865758 517.921877 198.803657 1.0
71 1 544.673201 175.029384 566.614217 192.250973 1.0
71 5 345.137518 174.644364 368.018717 210.029913 1.0
72 1 564.616440 174.592779 616.427980 224.741621 1.0
72 1 481.588749 180.085457 512.546526 202.419927 1.0
72 1 542.053903 175.554974 565.266027 193.786435 1.0
72 5 330.602485 176.085631 355.613890 213.597102 1.0
73 1 564.532657 175.420497 616.199553 225.429152 1.0
73 1 473.540996 181.017432 507.433975 204.981053 1.0
73 1 539.108414 176.145938 563.761527 195.513200 1.0
73 5 314.211796 177.710850 341.718186 217.619971 1.0
74 1 565.046117 174.458628 616.567046 224.323260 1.0
74 1 464.266586 182.041734 501.606206 207.932819 1.0
74 1 535.771744 176.815281 562.071870 197.469397 1.0
74 5 295.585858 179.557639 326.045649 222.191790 1.0
75 1 565.575674 175.407237 616.952787 225.132778 1.0
75 1 453.461840 183.219962 494.901926 211.371975 1.0
75 1 531.960410 177.579703 560.160646 199.704004 1.0
75 5 273.196946 180.568890 307.216826 226.257570 1.0
76 1 565.828880 173.967810 617.078565 223.568366 1.0
76 1 439.208944 183.674055 485.105648 214.471177 1.0
76 1 526.353914 177.739128 557.259646 201.591256 1.0
76 5 247.356264 181.654695 285.692034 230.950630 1.0
77 1 566.093951 173.853230 617.217777 223.332066 1.0
77 1 422.059277 184.210186 473.538248 218.200703 1.0
77 1 519.798480 177.925587 553.910407 203.798127 1.0
77 5 217.198884 182.905016 260.847598 236.428272 1.0
78 1 566.407313 178.723233 617.409540 228.091635 1.0
78 1 401.931912 189.455348 460.907010 227.975740 1.0
78 1 512.801385 182.933025 550.734332 211.427673 1.0
78 5 180.990055 188.855283 231.411401 247.899981 1.0
79 1 567.131917 183.019189 618.006857 232.612761 1.0
79 1 376.721057 195.849369 445.507678 240.221105 1.0
79 1 504.407513 188.569947 546.988670 220.581529 1.0
79 5 137.377635 195.910481 196.504450 261.719481 1.0
80 1 567.804210 182.776584 618.548822 232.210364 1.0
80 1 344.965750 196.829673 427.184309 247.704445 1.0
80 1 493.465352 188.310319 541.750539 223.869193 1.0
80 5 83.106894 197.848161 153.874204 271.474347 1.0
81 1 568.470446 182.300374 619.085124 231.543355 1.0
81 1 302.652024 198.081352 403.785023 257.678027 1.0
81 1 479.769589 187.993650 535.360700 227.984706 1.0
81 5 14.690069 200.233814 101.378044 283.774869 1.0
82 1 568.739556 180.754378 619.274920 229.711496 1.0
82 1 243.463677 199.735187 372.861727 271.632983 1.0
82 1 462.131107 187.598819 527.392469 233.285799 1.0
82 2 789.620451 170.933882 826.435289 192.685702 1.0
82 5 0.000000 199.225146 35.247239 286.444164 1.0
83 1 569.015539 179.812038 619.472356 228.657685 1.0
83 1 155.219352 201.988998 328.844140 292.144150 1.0
83 1 438.905897 187.293504 516.416006 240.492119 1.0
83 2 793.374663 169.158273 831.355102 191.410734 1.0
84 1 569.282468 178.015189 619.660337 226.782229 1.0
84 1 9.992542 205.278975 264.566934 325.921228 1.0
84 1 406.455894 186.890320 501.916423 250.563527 1.0
84 2 797.291618 167.299154 836.506377 190.075832 1.0
84 3 828.118893 159.567451 884.506207 191.915386 1.0
85 1 569.525811 174.596732 619.866183 223.322387 1.0
85 1 0.000000 210.532923 161.862572 360.370745 1.0
85 1 357.922236 186.333200 481.873798 265.632645 1.0
85 2 801.382131 165.350492 841.905840 188.676670 1.0
85 3 834.065305 157.923621 892.825468 191.227750 1.0
86 1 569.813004 175.602939 620.119097 224.297953 1.0
86 1 281.217839 189.272716 453.649867 294.656697 1.0
86 2 805.539449 165.711991 847.443880 189.613837 1.0
86 3 840.349030 157.265550 901.667930 191.585008 1.0
87 1 570.101649 176.789462 620.373592 225.454424 1.0
87 1 134.251304 193.926123 408.945917 350.324642 1.0
87 2 809.889749 166.091805 853.262590 190.598458 1.0
87 3 846.984711 156.566102 911.066658 191.964745 1.0
88 1 570.387087 177.690512 620.624673 226.324833 1.0
88 1 0.000000 202.409177 327.378810 374.000000 1.0
88 2 784.639261 170.653147 816.084681 189.484665 1.0
88 2 814.526668 165.234568 859.468917 190.377025 1.0
88 3 854.002768 155.821248 921.075847 192.369150 1.0
89 1 570.301658 177.471341 620.504686 226.072619 1.0
89 1 0.000000 216.529568 145.638643 374.000000 1.0
89 2 788.138157 169.557838 820.565289 188.812863 1.0
89 2 819.388833 164.331680 866.005870 190.143806 1.0
89 3 861.437234 155.026417 931.756968 192.800707 1.0
90 1 570.216354 177.252482 620.384859 225.820740 1.0
90 2 791.786570 168.412168 825.251968 188.110173 1.0
90 2 824.493066 163.379396 872.900594 189.897835 1.0
90 3 869.326301 154.176406 943.180034 193.262245 1.0
91 1 569.994041 176.551753 620.151905 225.109085 1.0
91 2 795.594294 167.212582 830.159270 187.374416 1.0
91 2 829.857906 162.373547 880.183283 189.638037 1.0
91 3 878.303267 152.436497 956.295533 193.030264 1.0
92 1 569.771825 175.851358 619.919050 224.397702 1.0
92 2 799.571995 165.955182 835.303147 186.603200 1.0
92 2 835.503834 161.309484 887.887633 189.363213 1.0
92 3 886.792702 150.628932 968.991668 192.753189 1.0
93 1 569.549707 175.151297 619.686295 223.686593 1.0
93 2 803.731315 164.635685 840.701130 185.793898 1.0
93 2 841.696547 160.952209 896.394557 189.880619 1.0
93 3 895.859793 148.679728 982.683284 192.454385 1.0
94 1 568.865880 176.093250 619.078468 224.702866 1.0
94 2 807.804265 164.252665 846.039008 185.929805 1.0
94 2 848.248068 160.571927 905.449498 190.431320 1.0
94 3 905.565578 146.571557 997.492241 192.131193 1.0
95 1 568.180032 177.038090 618.468766 225.722163 1.0
95 2 812.210168 164.548409 851.829508 186.779982 1.0
95 2 855.190512 160.166344 915.107175 191.018637 1.0
95 3 915.980003 144.284147 1013.561131 191.780499 1.0
96 1 567.239969 176.797410 617.604589 225.553207 1.0
96 2 816.828802 164.859685 857.924208 187.674818 1.0
96 2 862.559944 159.732846 925.429840 191.646346 1.0
96 3 927.324799 141.593615 1031.228806 191.201043 1.0
97 1 566.297135 176.555995 616.737762 225.383749 1.0
97 2 822.012031 162.656645 864.799670 186.134454 1.0
97 2 869.986952 157.329414 936.143289 190.370850 1.0
97 3 939.564254 138.652760 1050.541481 190.567624 1.0
98 1 565.312295 176.391311 615.850805 225.312466 1.0
98 1 808.136146 169.379281 841.875451 185.973256 1.0
98 2 827.478694 160.321935 872.086206 184.502008 1.0
98 2 877.896936 154.750214 947.640503 189.001887 1.0
98 3 952.808542 135.424942 1071.740117 189.872337 1.0
99 1 564.305575 174.399911 614.940906 223.410187 1.0
99 1 812.504476 167.012490 847.469934 184.050269 1.0
99 2 832.260251 159.573167 878.659507 184.458627 1.0
99 2 886.587713 153.418351 960.347330 188.997110 1.0
99 3 967.186701 131.866005 1095.115152 189.105650 1.0
100 1 563.323394 175.262124 614.057899 224.369198 1.0
100 1 817.521839 168.300206 853.830241 185.810943 1.0
100 2 837.303357 158.779405 885.627940 184.412638 1.0
100 2 895.895454 151.979206 974.078160 188.991944 1.0
100 3 984.021681 129.956220 1122.823370 190.460003 1.0
101 1 563.003594 177.994025 613.896026 227.258341 1.0
101 1 822.804547 169.661146 860.552313 187.671863 1.0
101 2 843.731050 159.878162 894.245185 186.306428 1.0
101 2 906.796614 152.434365 989.357664 190.991035 1.0
101 3 1002.521964 127.815542 1153.884601 191.978287 1.0
102 1 562.659662 178.503764 613.709313 227.920638 1.0
102 1 828.374220 171.101740 867.667920 189.641841 1.0
102 2 850.531427 161.047307 903.414674 188.321565 1.0
102 2 918.520548 152.929335 1005.970810 193.163154 1.0
102 3 1022.947502 125.399403 1188.946675 193.692181 1.0
103 1 562.302122 177.853811 613.509059 227.421364 1.0
103 1 536.000466 180.181997 553.580017 195.633922 1.0
103 1 834.374754 170.053773 875.340304 189.151384 1.0
103 2 858.980626 160.238221 914.719480 188.498480 1.0
103 2 930.868519 151.778967 1024.813416 193.864933 1.0
103 3 1045.615324 122.650979 1228.835792 195.642092 1.0
104 1 561.937853 176.740344 613.302661 226.458481 1.0
104 1 533.356086 179.463045 551.795664 195.577116 1.0
104 1 841.411162 169.722485 884.201812 189.422690 1.0
104 2 867.999234 159.368444 926.872648 188.688665 1.0
104 2 944.246422 150.517898 1045.469962 194.634720 1.0
104 3 1071.320471 120.033057 1241.000000 198.031888 1.0
105 1 561.573047 175.791304 613.096780 225.661441 1.0
105 1 530.474947 178.679690 549.858769 195.515222 1.0
105 1 848.869622 169.369612 893.640824 189.711678 1.0
105 2 877.225280 158.458134 939.392486 188.867384 1.0
105 2 958.788649 149.129340 1068.215727 195.482906 1.0
105 3 1100.170662 117.445676 1241.000000 200.645722 1.0
106 1 562.401656 175.740963 614.091145 225.771342 1.0
106 1 527.432721 178.473608 547.886988 196.121992 1.0
106 1 856.789282 168.992976 903.715697 190.020133 1.0
106 2 887.085825 157.477596 952.878648 189.059890 1.0
106 2 974.654038 147.592928 1093.384661 196.422109 1.0
106 3 1132.780705 118.888071 1241.000000 201.980223 1.0
107 1 563.235610 175.690293 615.091994 225.881949 1.0
107 1 524.081922 178.246608 545.725086 196.790326 1.0
107 1 865.214280 168.590090 914.492921 190.350093 1.0
107 2 897.706261 156.582136 967.561809 189.431131 1.0
107 2 992.737327 146.207626 1121.547015 197.796774 1.0
107 3 1169.936818 120.321599 1241.000000 203.314207 1.0
108 1 564.074963 175.639292 616.099389 225.993270 1.0
108 1 520.373092 177.995336 543.344174 197.530092 1.0
108 1 874.194578 168.158113 926.048598 190.703887 1.0
108 2 909.111224 155.611861 983.472316 189.833412 1.0
108 2 1012.620426 144.656261 1153.087985 199.335978 1.0
108 3 1212.660861 121.746717 1241.000000 204.648059 1.0
109 1 564.919766 175.587956 617.113396 226.105310 1.0
109 1 516.245608 177.715678 540.709199 198.353390 1.0
109 1 883.680887 167.469797 938.317280 190.844715 1.0
109 2 921.390975 154.556988 1000.770774 190.270797 1.0
109 2 1034.586097 142.907067 1188.654365 201.071145 1.0
110 1 565.770072 175.536282 618.134079 226.218078 1.0
110 1 511.624341 177.402538 537.777205 199.275215 1.0
110 1 893.824125 166.728909 951.523299 190.996303 1.0
110 2 934.650172 153.405947 1019.647079 190.748089 1.0
110 2 1058.979622 140.919627 1229.069315 203.042241 1.0
111 1 566.054506 176.163676 618.579494 227.001937 1.0
111 1 506.442052 178.360891 534.400998 201.614625 1.0
111 1 904.694975 165.929190 965.778343 191.159931 1.0
111 2 949.010866 152.144960 1040.327433 191.271013 1.0
111 2 1086.227055 139.012702 1241.000000 205.300895 1.0
112 1 566.340694 176.794961 619.027669 227.790619 1.0
112 1 500.561488 179.448316 530.600047 204.269379 1.0
112 1 539.763538 177.509435 558.025985 191.592537 1.0
112 1 916.428559 166.770354 981.280948 193.049778 1.0
112 2 964.146819 152.511471 1062.448459 193.562348 1.0
112 2 1116.860353 137.418575 1241.000000 207.522476 1.0
113 1 566.628651 177.430173 619.478630 228.584171 1.0
113 1 493.831317 180.669076 526.288823 207.307845 1.0
113 1 537.545437 179.242276 556.697965 193.920379 1.0
113 1 929.071971 167.684326 998.125872 195.103263 1.0
113 2 980.626644 152.915904 1086.859569 196.090989 1.0
113 2 1151.552428 138.189392 1241.000000 208.069334 1.0
114 1 566.918394 178.069347 619.932402 229.382636 1.0
114 1 485.559306 180.837502 520.933788 209.593541 1.0
114 1 535.329213 178.436147 555.444738 193.760050 1.0
114 1 942.660957 168.515386 1016.394785 197.170077 1.0
114 2 998.637632 153.364466 1113.935798 198.895812 1.0
114 2 1190.765374 137.345511 1241.000000 207.038383 1.0
115 1 567.014872 175.541489 620.217908 227.034307 1.0
115 1 476.190509 179.288761 514.941985 210.390879 1.0
115 1 532.908968 177.555773 554.083032 193.584957 1.0
115 1 957.327746 165.234279 1036.315495 195.233719 1.0
115 2 1018.728795 149.327638 1144.231125 197.537409 1.0
115 2 1235.964518 136.513366 1241.000000 206.006730 1.0
116 1 567.112043 172.995458 620.505463 224.669203 1.0
116 1 465.125411 177.414375 507.961394 211.332653 1.0
116 1 530.390754 175.270000 552.724749 192.071771 1.0
116 1 972.976420 162.513309 1057.664203 193.970350 1.0
116 2 1040.912434 144.785449 1178.321279 196.009650 1.0
117 1 567.358321 173.096868 620.775247 224.793220 1.0
117 1 452.048072 179.963704 499.918718 217.279636 1.0
117 1 527.135202 177.323633 550.789045 194.979121 1.0
117 1 990.027757 159.513702 1081.199791 192.577809 1.0
117 2 1065.533362 139.636674 1216.966968 194.278766 1.0
118 1 567.842397 175.091007 621.424191 226.948979 1.0
118 1 436.062119 182.797186 490.277172 224.550136 1.0
118 1 523.531567 179.596952 548.660596 198.197418 1.0
118 1 1009.170018 160.427203 1108.044986 195.349324 1.0
118 2 1092.373388 138.601095 1241.000000 196.894979 1.0
119 1 568.329464 177.097551 622.077171 229.118045 1.0
119 1 414.899120 186.229723 477.515567 233.710566 1.0
119 1 519.639498 182.279755 546.375511 202.075637 1.0
119 1 1031.164570 166.399793 1139.118673 203.407553 1.0
119 2 1122.178370 141.233262 1241.000000 203.194184 1.0
120 1 568.819548 179.116616 622.734226 231.300541 1.0
120 1 386.576980 187.019201 460.643564 241.472782 1.0
120 1 514.366375 182.888547 542.991548 203.915686 1.0
120 1 1052.828829 167.678196 1170.284333 206.802309 1.0
120 2 1155.713329 146.458749 1241.000000 208.228653 1.0
121 1 568.884166 178.846488 622.952849 231.178794 1.0
121 1 349.917213 182.200339 439.725731 244.765854 1.0
121 1 509.050316 177.585600 539.785439 199.721142 1.0
121 1 1077.331495 164.248969 1206.460846 205.906518 1.0
121 2 1192.857424 146.173039 1241.000000 207.730102 1.0
122 1 568.949156 178.574803 623.172729 231.056351 1.0
122 1 298.841291 181.687657 412.054468 256.500362 1.0
122 1 501.649671 175.599200 534.937111 199.231160 1.0
122 1 1104.687412 160.404959 1241.000000 204.886646 1.0
122 2 1235.381816 145.896914 1241.000000 207.225820 1.0
123 1 569.014523 178.301548 623.393877 230.933206 1.0
123 1 223.631180 184.741660 374.235602 278.649313 1.0
123 1 493.202452 176.337330 529.475994 201.685045 1.0
123 1 634.535987 169.546435 650.790740 184.032768 1.0
123 1 1135.030983 156.264741 1241.000000 203.464553 1.0
124 1 569.080269 178.026710 623.616304 230.809352 1.0
124 1 99.868412 189.252604 318.351303 315.121952 1.0
124 1 484.971091 177.566529 524.720224 204.931101 1.0
124 1 635.140303 170.991094 651.766576 185.784526 1.0
124 1 1169.322741 153.098057 1241.000000 200.292148 1.0
125 1 569.146398 177.750274 623.840020 230.684785 1.0
125 1 0.000000 196.589643 227.395612 374.000000 1.0
125 1 474.899407 180.645720 518.781691 210.350916 1.0
125 1 635.769546 172.498275 652.784653 187.612103 1.0
125 1 1208.338497 153.617236 1241.000000 200.804433 1.0
126 1 569.212913 177.472227 624.065038 230.559497 1.0
126 1 462.972638 183.901601 511.874222 216.769470 1.0
126 1 636.425292 174.072125 653.847774 189.520531 1.0
127 1 569.279817 177.192554 624.291369 230.433482 1.0
127 1 446.642570 185.388080 502.056594 221.846036 1.0
127 1 637.109250 175.717169 654.958996 191.515296 1.0
128 1 569.347114 176.911241 624.519023 230.306734 1.0
128 1 426.576641 187.167980 490.300053 228.084646 1.0
128 1 637.823281 177.438349 656.121660 193.602392 1.0
129 1 569.175504 176.712301 624.529291 230.283417 1.0
129 1 402.738764 187.591511 477.091199 233.820428 1.0
129 1 638.349549 177.234125 657.121870 193.786504 1.0
130 1 569.002766 176.512038 624.539623 230.259946 1.0
130 1 371.911547 188.118049 460.667854 241.239204 1.0
130 1 638.900372 177.019848 658.171323 193.979681 1.0
131 1 568.828888 176.310437 624.550021 230.236318 1.0
131 1 330.492976 188.790375 439.694056 251.209071 1.0
131 1 639.477508 176.794759 659.273749 194.182610 1.0
132 1 568.653860 176.107486 624.560484 230.212533 1.0
132 1 270.951108 192.413334 411.630737 269.126276 1.0
132 1 640.082891 176.558016 660.433261 194.396048 1.0
132 1 812.384593 163.607668 843.844018 185.116080 1.0
133 1 568.477670 175.903172 624.571013 230.188588 1.0
133 1 185.146001 197.740783 374.890773 295.766355 1.0
133 1 640.718646 176.308692 661.654412 194.620833 1.0
133 1 817.322466 164.420844 849.884334 186.473334 1.0
134 1 568.104217 177.027043 624.353505 231.464243 1.0
134 1 41.547356 205.479006 321.505637 340.381204 1.0
134 1 641.273014 178.019470 662.776642 196.820073 1.0
134 1 804.985413 171.571680 836.328925 187.914845 1.0
134 1 822.501574 165.276249 856.238437 187.901060 1.0
135 1 567.728690 178.157234 624.134768 232.747003 1.0
135 1 0.000000 213.749961 234.661627 374.000000 1.0
135 1 641.855945 179.823973 663.960367 199.139752 1.0
135 1 809.376608 172.836516 841.751521 189.568908 1.0
135 1 827.940037 166.177260 862.931429 189.404894 1.0
136 1 567.351070 179.293800 623.914793 234.036928 1.0
136 1 0.000000 228.863562 75.791727 374.000000 1.0
136 1 642.469706 181.647546 665.210783 201.590041 1.0
136 1 813.968554 174.163157 847.439147 191.303746 1.0
136 1 833.657836 167.127626 869.991163 190.991085 1.0
137 1 568.033740 177.831919 624.755781 232.725184 1.0
137 1 643.944711 179.855203 667.415653 200.289039 1.0
137 1 819.157519 172.876607 853.819933 190.446186 1.0
137 1 839.677061 168.131516 877.448633 192.666592 1.0
138 1 568.720271 176.361572 625.601558 231.406178 1.0
138 1 645.501919 177.868584 669.751919 198.910560 1.0
138 1 824.391429 171.669833 860.310026 189.690323 1.0
138 1 846.445103 165.833957 885.726078 191.065262 1.0
139 1 569.410696 174.882688 626.452165 230.079850 1.0
139 1 647.148400 175.759975 672.231686 197.447470 1.0
139 1 829.881897 170.399512 867.141970 188.894683 1.0
139 1 853.581403 163.402202 894.487155 189.370529 1.0
140 1 570.105047 173.395193 627.307644 228.746142 1.0
140 1 649.116864 175.089112 675.110485 197.463808 1.0
140 1 836.094864 168.902587 874.800012 187.908833 1.0
140 1 861.149311 161.887550 903.811084 188.637442 1.0
141 1 570.803357 171.899013 628.168037 227.404991 1.0
141 1 651.205136 174.374324 678.177837 197.481216 1.0
141 1 842.634881 167.320597 882.893335 186.867061 1.0
141 1 869.165087 161.192677 913.727603 188.772724 1.0
142 1 572.336277 173.252852 629.849141 228.899182 1.0
142 1 653.617576 175.129868 681.661730 199.019236 1.0
142 1 849.994134 167.783808 891.965403 187.902040 1.0
142 1 877.656251 160.453277 924.279831 188.916662 1.0
143 1 573.881458 175.058217 631.543923 230.845488 1.0
143 1 656.186477 175.938390 685.389987 200.665045 1.0
143 1 857.762976 168.274976 901.585120 188.999361 1.0
143 1 886.592391 160.582633 935.484923 189.989767 1.0
144 1 575.421878 175.614058 633.233915 231.541894 1.0
144 1 658.055558 176.390412 688.449890 202.004018 1.0
144 1 865.976581 168.796710 911.803618 190.164831 1.0
144 1 896.093626 160.720867 947.459378 191.136459 1.0
145 1 576.968150 175.975543 634.930640 232.044420 1.0
145 1 660.052619 176.876072 691.737586 203.442615 1.0
145 1 873.667358 169.317007 921.572180 191.341610 1.0
145 1 906.215308 160.868926 960.285253 192.364575 1.0
146 1 578.516136 175.728383 636.629609 231.938782 1.0
146 1 662.191271 177.399270 695.279493 204.992384 1.0
146 1 881.805433 169.870331 931.961035 192.593015 1.0
146 1 917.020262 161.027895 974.056699 193.683106 1.0
147 1 580.055317 175.982776 638.313811 232.328334 1.0
147 1 664.487127 177.964533 699.106285 206.666731 1.0
147 1 890.430998 170.459931 943.031204 193.926378 1.0
147 1 928.580093 161.199027 988.882288 195.102420 1.0
148 1 581.601982 176.238464 640.006494 232.719745 1.0
148 1 666.958179 178.577145 703.253768 208.481303 1.0
148 1 899.589206 171.089494 954.851979 195.350022 1.0
148 1 940.099235 162.184851 1003.899783 197.422082 1.0
149 1 583.156186 176.495457 641.707723 233.113029 1.0
149 1 669.625279 179.243318 707.764022 210.454488 1.0
149 1 909.330968 171.763227 967.502381 196.873439 1.0
149 1 952.474947 163.251526 1020.149552 199.931789 1.0
150 1 584.717982 176.753765 643.417562 233.508198 1.0
150 1 671.254305 180.024527 711.293190 212.661611 1.0
150 1 919.407924 176.766177 980.764219 202.792541 1.0
150 1 965.603504 166.447853 1037.566462 204.693672 1.0
151 1 586.287423 177.013398 645.136076 233.905267 1.0
151 1 673.023654 180.824720 715.160493 215.080052 1.0
151 1 930.449762 172.967768 995.331181 199.984346 1.0
151 1 979.502027 162.873019 1056.153575 202.792647 1.0
152 1 587.613071 176.630769 646.610201 233.662477 1.0
152 1 676.230700 176.027132 720.760852 211.901943 1.0
152 1 942.057273 168.084203 1010.804812 196.169493 1.0
152 1 994.538625 158.971173 1076.441988 200.717930 1.0
153 1 588.945221 176.246253 648.091602 233.418495 1.0
153 1 679.037817 175.729003 726.161763 213.454131 1.0
153 1 954.550557 165.160752 1027.588734 194.401624 1.0
153 1 1010.859051 154.695291 1098.676484 198.444575 1.0
154 1 590.283922 175.859835 649.580332 233.173313 1.0
154 1 682.628867 177.307781 732.777647 217.120943 1.0
154 1 968.052993 165.926562 1045.878222 196.420089 1.0
154 1 1029.021432 153.748591 1123.675115 199.726279 1.0
155 1 591.629223 175.471503 651.076446 232.926921 1.0
155 1 686.589898 179.071705 740.169838 221.217435 1.0
155 1 981.724963 165.619879 1064.712790 197.439730 1.0
155 1 1048.901809 152.700225 1151.360219 201.145518 1.0
156 1 592.981171 175.081242 652.579999 232.679310 1.0
156 1 690.459113 179.309307 747.965059 224.037091 1.0
156 1 996.494948 165.285287 1085.262172 198.552096 1.0
156 1 1070.346051 151.646949 1181.598528 202.783708 1.0
157 1 594.339817 174.689037 654.091046 232.430471 1.0
157 1 694.765474 179.577901 756.777704 227.224796 1.0
157 1 1012.500758 164.918794 1107.771728 199.770439 1.0
157 1 1093.983004 150.469686 1215.399133 204.614571 1.0
158 1 595.705211 174.294873 655.609644 232.180396 1.0
158 1 699.587496 179.883972 766.820871 230.857644 1.0
158 1 1029.904269 164.515611 1132.535973 201.110660 1.0
158 1 1120.167099 149.274265 1241.000000 206.674221 1.0
159 1 597.049547 174.631514 657.084447 232.638199 1.0
159 1 705.102441 180.218384 778.384282 234.958415 1.0
159 4 722.183170 171.653756 738.934163 235.029996 1.0
159 1 1049.149857 163.929445 1160.314059 202.470096 1.0
159 1 1149.162572 147.882319 1241.000000 208.622754 1.0
160 1 598.399539 174.969580 658.565497 233.097930 1.0
160 1 711.355198 180.561955 791.792616 239.713530 1.0
160 4 732.680927 172.126878 747.680928 240.706710 1.0
160 1 1070.255834 163.277445 1191.213789 203.982223 1.0
160 1 1181.656197 147.978917 1241.000000 208.869948 1.0
161 1 599.755221 175.309080 660.052832 233.559599 1.0
161 1 718.504440 180.936199 807.525683 245.293182 1.0
161 4 741.639568 172.684401 760.587970 247.398830 1.0
161 1 1093.505651 162.547860 1225.792702 205.674299 1.0
161 1 1218.321660 148.227408 1241.000000 209.000939 1.0
162 1 601.116630 175.650023 661.546494 234.023221 1.0
162 1 726.566570 181.508058 825.869486 252.269311 1.0
162 4 752.058381 173.351121 773.391715 255.405555 1.0
162 1 1119.243423 161.975802 1241.000000 207.580477 1.0
163 1 601.642785 176.449784 662.238675 234.980019 1.0
163 1 736.016203 182.178609 848.185771 260.751528 1.0
163 4 766.756715 173.350144 792.145310 264.392202 1.0
163 1 1146.676294 159.940923 1241.000000 207.683788 1.0
164 1 602.171796 177.253909 662.934637 235.942016 1.0
164 1 747.245215 182.975811 875.921683 271.286578 1.0
164 4 784.516259 173.348927 811.182926 275.589733 1.0
164 1 1177.330229 158.551307 1241.000000 206.294424 1.0
165 1 602.703688 178.062436 663.634411 236.909255 1.0
165 1 760.511173 183.917214 910.537478 284.430747 1.0
165 4 808.583977 173.347371 841.537025 289.928463 1.0
165 1 1211.807852 157.170866 1241.000000 204.887938 1.0
166 1 603.238483 178.875400 664.338029 237.881778 1.0
166 1 776.782977 185.072741 955.980713 301.667372 1.0
166 4 838.538266 173.345310 873.204934 308.945824 1.0
167 1 602.622804 178.845028 663.949806 238.073578 1.0
167 1 797.212704 186.524822 1018.273357 325.260136 1.0
167 4 880.692127 173.342451 929.342063 335.378133 1.0
168 1 602.002480 178.814428 663.558662 238.266826 1.0
168 1 823.627431 188.404426 1108.919401 359.519637 1.0
168 4 938.275327 173.338218 992.275327 374.000000 1.0
169 1 601.377459 178.783598 663.164565 238.461541 1.0
169 1 855.332710 189.928079 1241.000000 374.000000 1.0
169 4 1027.454808 173.328160 1125.086647 374.000000 1.0
170 1 601.636551 178.708813 663.659083 238.614055 1.0
170 1 900.277006 192.071495 1241.000000 374.000000 1.0
170 4 1201.103780 174.486732 1241.000000 374.000000 1.0
171 1 602.049742 179.034228 664.310633 239.168635 1.0
171 1 968.910486 195.309153 1241.000000 374.000000 1.0
172 1 602.466115 179.362128 664.967158 239.727483 1.0
172 1 1106.739398 208.239706 1241.000000 374.000000 1.0
173 1 602.885708 179.692542 665.628715 240.290649 1.0
174 1 603.308559 180.025500 666.295363 240.858181 1.0
175 1 602.940934 179.180766 666.258246 240.335391 1.0
176 1 602.569420 178.327123 666.220730 239.807056 1.0
177 1 602.193952 177.464426 666.182811 239.273086 1.0
178 1 601.814469 176.592532 666.144482 238.733391 1.0
179 1 601.056665 176.428481 665.683999 238.859527 1.0
180 1 600.291763 176.262900 665.219216 238.986845 1.0
181 1 599.519663 176.095770 664.750070 239.115362 1.0
182 1 599.575728 174.415334 665.076140 237.696722 1.0
183 1 599.632257 172.720944 665.404920 236.266328 1.0
184 1 599.689256 171.012424 665.736444 234.824033 1.0
185 1 598.571168 170.921803 664.915206 235.022747 1.0
186 1 597.442908 170.830356 664.086466 235.223269 1.0
187 1 597.301002 171.240198 664.089905 235.773065 1.0
188 1 597.158477 171.651837 664.093359 236.325263 1.0
189 1 597.015328 172.065285 664.096828 236.879878 1.0
190 1 596.871552 172.480554 664.100312 237.436928 1.0
191 1 596.927209 172.883086 664.240011 237.919716 1.0
192 1 596.983005 173.286625 664.380060 238.403704 1.0
193 1 597.038940 173.691175 664.520459 238.888897 1.0
193 6 700.831260 150.534610 723.861837 184.049677 1.0
194 1 596.844770 174.099086 664.341712 239.311608 1.0
194 6 701.489904 149.625690 725.742964 184.454050 1.0
195 1 596.650509 174.507194 664.162878 239.734517 1.0
195 6 702.193134 148.642589 727.777685 184.891374 1.0
196 1 596.456158 174.915496 663.983959 240.157623 1.0
196 6 702.945635 147.575838 729.985616 185.365846 1.0
197 1 596.261716 175.323994 663.804954 240.580927 1.0
197 6 703.752771 146.414285 732.389860 185.882411 1.0
198 1 596.622745 175.167608 664.113552 240.372943 1.0
198 6 704.620714 145.144706 735.017819 186.446929 1.0
199 1 596.983202 175.011468 664.421663 240.165290 1.0
199 6 705.556604 143.751295 737.902243 187.066403 1.0
200 1 597.343087 174.855574 664.729287 239.957965 1.0
200 6 706.568742 142.215007 741.082607 187.749268 1.0
201 1 597.702404 174.699925 665.036426 239.750969 1.0
201 6 707.666839 140.512677 744.606921 188.505778 1.0
201 4 424.777695 174.176382 439.120825 203.123004 1.0
202 1 597.567479 174.778622 664.803021 239.731359 1.0
202 6 708.964034 139.541325 749.159277 190.275951 1.0
202 4 418.884749 175.056337 430.551416 205.140308 1.0
203 1 597.433021 174.857098 664.570211 239.711800 1.0
203 6 710.382065 138.452172 754.264187 192.260828 1.0
203 4 409.968806 176.008316 422.264246 207.322748 1.0
204 1 597.299028 174.935357 664.337995 239.692292 1.0
204 6 711.938620 137.222393 760.028787 194.501985 1.0
204 4 400.047930 177.041540 412.381263 209.691466 1.0
205 1 597.165498 175.013397 664.106371 239.672833 1.0
205 6 713.655013 135.822864 766.589824 197.052471 1.0
205 4 389.996890 178.166872 402.010925 212.271373 1.0
206 1 597.032429 175.091221 663.875336 239.653425 1.0
206 6 716.178738 132.790271 775.045672 198.633608 1.0
206 6 710.312016 145.339455 746.932806 193.726063 1.0
206 4 378.862600 179.397204 389.862601 215.092032 1.0
207 1 596.899819 175.168829 663.644887 239.634066 1.0
207 6 718.995934 129.263351 784.881059 200.472310 1.0
207 6 711.546318 143.618955 751.587810 194.810845 1.0
207 4 365.333297 179.427758 378.529534 216.922022 1.0
208 1 596.767667 175.246222 663.415024 239.614757 1.0
208 6 722.160913 125.110509 796.463638 202.637092 1.0
208 6 712.907415 141.687003 756.814574 196.029340 1.0
208 4 350.181696 179.461557 364.848362 218.946314 1.0
209 1 595.452592 175.343842 661.899205 239.521073 1.0
209 6 725.742272 120.148892 810.304440 205.223133 1.0
209 6 714.415785 139.502058 762.725485 197.407890 1.0
209 4 336.614132 179.499145 351.999153 221.197587 1.0
210 1 594.145376 175.440904 660.392007 239.427937 1.0
210 6 729.692359 114.410370 828.720780 208.645965 1.0
210 6 716.096566 137.010932 769.464465 198.980246 1.0
210 4 320.883455 179.881199 335.883454 224.059229 1.0
211 1 592.845951 175.537415 658.893357 239.335343 1.0
211 6 734.242517 107.289298 851.579379 212.896321 1.0
211 6 717.980950 134.144410 777.218853 200.790361 1.0
211 4 298.018070 180.298015 314.998684 227.282701 1.0
212 1 591.438103 175.510805 657.280966 239.118594 1.0
212 6 739.540374 98.217534 880.708746 218.315513 1.0
212 6 720.108128 130.810710 786.237130 202.896568 1.0
212 6 711.027729 139.578358 757.113579 196.193743 1.0
212 4 271.260199 180.769040 288.926866 230.941259 1.0
213 1 590.038622 175.484357 655.678370 238.903129 1.0
213 6 747.694960 85.390414 922.960879 224.936198 1.0
213 6 722.528034 126.885474 796.856062 205.377984 1.0
213 6 711.851694 137.305473 763.234987 197.850563 1.0
213 4 244.806152 181.305585 265.204810 235.129365 1.0
214 1 588.647436 175.458070 654.085481 238.688936 1.0
214 6 757.480314 67.617735 981.540031 234.122328 1.0
214 6 727.360270 122.070766 811.566929 208.383565 1.0
214 6 712.770887 134.694289 770.267075 199.755014 1.0
214 6 706.135676 146.051832 742.823054 194.384844 1.0
214 4 213.252753 181.922342 234.586087 239.970963 1.0
215 1 587.493219 175.425147 652.673129 238.412655 1.0
215 6 769.439309 41.356151 1068.178637 247.723299 1.0
215 6 732.975589 116.190886 829.536452 212.054774 1.0
215 6 713.802608 131.663176 778.429727 201.967078 1.0
215 6 706.257057 144.266136 746.578562 195.477218 1.0
215 4 175.859879 182.206273 206.123229 245.034245 1.0
216 1 586.347856 175.392482 651.271795 238.138487 1.0
216 6 784.385782 0.000000 1209.391318 269.928378 1.0
216 6 739.581037 108.848388 851.982413 216.640261 1.0
216 6 714.968599 128.101945 788.019842 204.567812 1.0
216 6 706.390970 142.254621 750.808643 196.707978 1.0
216 4 130.602906 182.540619 167.269571 251.021940 1.0
217 1 585.211244 175.360071 649.881350 237.866408 1.0
217 6 806.960152 0.000000 1241.000000 312.497784 1.0
217 6 749.396206 99.107846 885.366820 222.834709 1.0
217 6 718.312864 123.376395 802.472560 207.460212 1.0
217 6 706.539363 139.971552 755.609454 198.105196 1.0
217 4 83.905970 182.932517 119.760345 258.145941 1.0
218 1 584.347945 175.321758 648.689389 237.515165 1.0
218 6 837.371177 0.000000 1241.000000 315.807296 1.0
218 6 761.406946 85.993923 930.335517 231.184159 1.0
218 6 722.170558 117.607515 820.118703 210.994226 1.0
218 6 706.704604 137.357952 761.105022 199.705088 1.0
218 4 25.394586 183.407297 55.061254 266.844920 1.0
219 1 583.493252 175.283833 647.509462 237.167415 1.0
219 6 880.554533 0.000000 1241.000000 320.298021 1.0
219 6 776.442156 67.387126 994.185282 243.049938 1.0
219 6 728.258642 110.651492 843.809959 215.776534 1.0
219 6 708.541118 134.309148 769.714785 201.504170 1.0
219 6 706.034601 145.821277 740.374077 194.421492 1.0
220 1 582.647037 175.246289 646.341387 236.823107 1.0
220 6 950.846355 0.000000 1241.000000 326.121735 1.0
220 6 797.736368 38.490391 1095.566223 260.826730 1.0
220 6 735.457903 101.698310 874.314012 221.936833 1.0
220 6 710.598879 130.746956 779.775024 203.606859 1.0
220 6 707.186113 144.011797 745.146488 195.530482 1.0
221 1 581.809176 175.209121 645.184987 236.482190 1.0
221 6 1072.165977 0.000000 1241.000000 332.896855 1.0
221 6 826.196533 0.000000 1241.000000 291.541729 1.0
221 6 744.102811 89.743631 915.063787 230.170926 1.0
221 6 712.920294 126.529765 791.686236 206.097086 1.0
221 6 708.460646 141.971621 750.526673 196.781358 1.0
222 1 581.918957 175.622711 644.927429 236.540605 1.0
222 6 866.170132 0.000000 1241.000000 331.533578 1.0
222 6 756.257731 72.991371 974.988589 241.639501 1.0
222 6 715.559335 121.458613 806.011330 209.092856 1.0
222 6 709.878858 139.653618 756.638847 198.203206 1.0
222 6 703.368890 145.429141 740.652463 193.503954 1.0
223 1 582.027478 176.031526 644.672846 236.598347 1.0
223 6 929.905337 0.000000 1241.000000 334.163208 1.0
223 6 771.452172 47.833669 1065.070405 258.898187 1.0
223 6 720.273408 115.682449 825.899053 213.232436 1.0
223 6 711.466297 136.996876 763.643565 199.833648 1.0
223 6 703.435963 143.900021 744.056106 194.803313 1.0
224 1 582.134759 176.435649 644.421187 236.655429 1.0
224 6 1037.275245 0.000000 1241.000000 338.856495 1.0
224 6 790.988567 5.825608 1215.731042 287.812351 1.0
224 6 725.734761 108.433924 850.863471 218.429729 1.0
224 6 713.254932 133.921278 771.752064 201.722214 1.0
224 6 703.510332 142.179894 747.884626 196.265312 1.0
225 1 582.240821 176.835160 644.172402 236.711862 1.0
225 6 816.586528 0.000000 1241.000000 340.304679 1.0
225 6 732.136175 99.067796 883.133372 225.149463 1.0
225 6 715.285310 130.319275 781.247980 203.935465 1.0
225 6 703.593157 140.230576 752.223003 197.922519 1.0
226 1 581.746674 177.239136 643.335689 236.786458 1.0
226 6 851.728303 0.000000 1241.000000 343.980941 1.0
226 6 739.742970 86.497297 926.465902 234.175331 1.0
226 6 717.609638 126.043053 792.521266 206.565000 1.0
226 6 704.985088 137.967520 758.897484 199.805098 1.0
227 1 581.257920 177.638685 642.508154 236.860239 1.0
227 6 902.972328 0.000000 1241.000000 348.859139 1.0
227 6 749.337221 68.767729 988.462023 246.910496 1.0
227 6 722.197749 121.518985 808.030449 210.404840 1.0
227 6 706.540618 135.354389 766.604790 201.979543 1.0
228 1 580.774470 178.033878 641.689645 236.933218 1.0
228 6 987.201126 0.000000 1241.000000 348.654297 1.0
228 6 761.151715 41.840167 1082.723696 266.283412 1.0
228 6 727.559031 115.947382 827.134877 215.136636 1.0
228 6 708.290269 132.303127 775.604955 204.519424 1.0
229 1 580.296240 178.424788 640.880015 237.005410 1.0
229 6 1133.081938 0.000000 1241.000000 351.153952 1.0
229 6 777.668297 0.000000 1241.000000 300.097769 1.0
229 6 733.906613 108.916735 851.249134 221.111988 1.0
229 6 710.272657 128.693441 786.253311 207.525297 1.0
230 1 579.823144 178.811483 640.079122 237.076825 1.0
230 6 799.279048 0.000000 1241.000000 354.827134 1.0
230 6 743.124172 98.365439 885.927225 228.319961 1.0
230 6 712.902551 123.795341 800.454987 210.909691 1.0
231 1 579.355100 179.194031 639.286824 237.147477 1.0
231 6 830.934246 0.000000 1241.000000 355.382291 1.0
231 6 754.525882 83.853141 933.650759 238.246004 1.0
231 6 715.953932 117.749699 817.986621 215.090479 1.0
232 1 578.988328 179.036829 638.650666 236.730658 1.0
232 6 877.321355 0.000000 1241.000000 359.001281 1.0
232 6 768.991786 62.633905 1003.488135 252.784762 1.0
232 6 720.806641 110.076688 842.134741 220.363290 1.0
233 1 578.624918 178.880993 638.019954 236.317550 1.0
233 6 955.995218 0.000000 1241.000000 358.408241 1.0
233 6 790.650502 28.963578 1118.968134 275.110662 1.0
233 6 726.582998 100.055853 873.682936 227.258616 1.0
234 1 578.264828 178.726505 637.394616 235.908103 1.0
234 6 1101.613440 0.000000 1241.000000 361.431302 1.0
234 6 820.074422 0.000000 1241.000000 316.187586 1.0
234 6 735.548550 86.625212 918.738179 236.471628 1.0
235 1 577.908012 178.573347 636.774585 235.502269 1.0
235 6 862.350058 0.000000 1241.000000 354.803420 1.0
235 6 746.577147 67.393035 983.304699 249.689443 1.0
236 1 577.830220 178.302051 636.394928 234.940610 1.0
236 6 932.301916 0.000000 1241.000000 356.951262 1.0
236 6 760.472851 37.564587 1083.561778 270.248421 1.0
237 1 577.753308 178.033452 636.054364 234.384655 1.0
237 6 1056.939698 0.000000 1241.000000 360.170602 1.0
237 6 779.375962 0.000000 1241.000000 304.852116 1.0
238 1 577.677263 177.767510 635.888945 233.834316 1.0
238 6 804.619775 0.000000 1241.000000 360.931898 1.0
239 1 577.602072 177.504185 635.724870 233.289510 1.0
239 6 840.036376 0.000000 1241.000000 365.521636 1.0
240 1 577.527722 177.243440 635.562120 232.750153 1.0
240 6 892.527663 0.000000 1241.000000 371.582294 1.0
241 1 577.454202 176.985236 635.400679 232.216165 1.0
241 6 978.963110 0.000000 1241.000000 374.000000 1.0
242 1 577.786460 176.451674 635.988376 231.497650 1.0
242 6 1149.165181 0.000000 1241.000000 374.000000 1.0
243 1 578.117288 175.921340 636.572406 230.783903 1.0
244 1 578.446705 175.394207 637.152795 230.074881 1.0
245 1 578.774729 174.870250 637.729568 229.370539 1.0
246 1 579.451914 174.908825 638.635089 229.254269 1.0
247 1 580.126051 174.947225 639.536113 229.138572 1.0
248 1 580.797169 174.985450 640.432668 229.023441 1.0
249 1 581.465298 175.023501 641.324781 228.908875 1.0
250 1 582.130464 175.061380 642.212478 228.794868 1.0
251 1 582.792697 175.099087 643.095786 228.681416 1.0
252 1 584.307777 175.491925 644.338618 228.966921 1.0
253 1 585.816941 175.883227 645.577212 229.251309 1.0
254 1 587.320224 176.273002 646.811589 229.534588 1.0
255 1 588.817659 176.661260 648.041771 229.816764 1.0
256 1 590.309282 177.048010 649.267780 230.097844 1.0
257 1 591.473294 176.846237 650.244471 229.833628 1.0
258 1 592.634514 176.644946 651.219123 229.570045 1.0
259 1 593.792953 176.444137 652.191743 229.307095 1.0
260 1 594.948621 176.243807 653.162336 229.044774 1.0
261 1 596.101528 176.043954 654.130910 228.783080 1.0
262 1 597.251683 175.844577 655.097470 228.522012 1.0
263 1 598.251380 176.286284 655.949209 228.916079 1.0
264 1 599.249378 176.727245 656.799693 229.309475 1.0
264 1 589.447802 178.340729 610.006630 191.916362 1.0
265 1 600.245679 177.167462 657.648922 229.702201 1.0
265 1 585.016472 178.431787 606.454038 192.558893 1.0
266 1 601.101989 177.090007 658.400176 229.606812 1.0
266 1 604.499772 176.971953 627.822019 192.447345 1.0
266 1 580.209826 178.530580 602.613536 193.255871 1.0
267 1 601.957699 177.012606 659.150983 229.511491 1.0
267 1 600.143883 177.088974 624.647383 193.314205 1.0
267 1 574.978059 178.638134 598.448660 194.014522 1.0
268 1 602.812809 176.935258 659.901343 229.416236 1.0
268 1 595.344205 177.217961 621.166194 194.269424 1.0
268 1 569.262144 178.755670 593.916516 194.843412 1.0
269 1 603.667321 176.857962 660.651257 229.321048 1.0
269 1 590.029260 177.360848 617.331810 195.327237 1.0
269 1 562.991599 178.884645 588.966304 195.752768 1.0
270 1 604.521233 176.780720 661.400726 229.225927 1.0
270 1 584.111349 177.520008 613.087625 196.505109 1.0
270 1 556.081559 179.026814 583.537395 196.754905 1.0
271 1 605.374549 176.703530 662.149749 229.130872 1.0
271 1 577.481673 177.698390 608.364252 197.824710 1.0
271 1 548.428920 179.180953 577.556848 197.864788 1.0
272 1 605.755750 176.610894 662.201063 229.005499 1.0
272 1 571.301886 177.723711 603.904102 199.163706 1.0
272 1 540.572534 179.247246 571.631829 199.013517 1.0
273 1 606.136729 176.518418 662.252104 228.880253 1.0
273 1 564.261642 177.752595 598.866028 200.689671 1.0
273 1 531.752841 179.321176 565.024118 200.303150 1.0
274 1 606.517483 176.426100 662.302872 228.755135 1.0
274 1 556.167198 177.785845 593.130416 202.444707 1.0
274 1 521.781077 179.404141 557.608522 201.761307 1.0
275 1 607.836386 175.438537 663.191763 227.752221 1.0
275 1 546.761949 177.824521 586.542183 204.484580 1.0
275 1 510.415720 179.497907 549.227250 203.423328 1.0
276 1 609.154521 174.452158 664.079481 226.750052 1.0
276 1 535.698673 177.870060 578.896571 206.884762 1.0
276 1 497.342661 179.604728 539.678551 205.335181 1.0
277 1 610.471885 173.466961 664.966030 225.748628 1.0
277 1 525.048553 178.384382 572.012831 210.176768 1.0
277 1 483.846829 180.016579 529.721650 207.933844 1.0
278 1 610.439518 174.229414 664.657517 226.479193 1.0
278 1 512.147878 179.007419 563.830327 214.166281 1.0
278 1 467.882301 180.496873 518.105264 211.008905 1.0
279 1 611.386784 174.250572 665.480499 226.446140 1.0
279 1 496.197000 179.777660 553.944750 219.101227 1.0
279 1 448.701986 181.064224 504.378041 214.704579 1.0
280 1 612.332372 174.271683 666.376013 226.413127 1.0
280 1 476.516549 180.836992 542.385570 225.689014 1.0
280 1 426.550061 182.068305 489.847909 219.619467 1.0
281 1 613.276286 174.292748 667.269115 226.380153 1.0
281 1 450.585002 182.164620 527.720482 234.373092 1.0
281 1 398.764578 183.297614 472.056255 225.785149 1.0
282 1 614.218528 174.313766 668.159813 226.347218 1.0
282 1 417.106999 183.258207 511.105885 245.338353 1.0
282 1 362.883168 184.837508 449.766285 233.748711 1.0
283 1 615.051447 174.334946 668.900941 226.277144 1.0
283 1 368.469085 184.743771 488.529695 261.274901 1.0
283 1 314.763691 186.822711 421.025384 244.430748 1.0
284 1 615.881723 174.356048 669.638970 226.207285 1.0
284 1 291.358300 186.878077 456.082690 286.554444 1.0
284 1 250.716435 188.184541 385.559361 257.822593 1.0
285 1 616.709368 174.377074 670.373917 226.137640 1.0
285 1 157.675474 190.078810 409.192693 331.610491 1.0
285 1 153.917903 190.094175 335.812565 278.115491 1.0
286 1 617.534392 174.398024 671.105795 226.068208 1.0
286 1 0.000000 195.686393 326.975679 374.000000 1.0
286 1 7.579208 193.711690 266.665141 311.416326 1.0
287 1 618.356806 174.418899 671.834621 225.998987 1.0
287 1 0.000000 206.560811 168.407942 374.000000 1.0
287 1 0.000000 199.536647 177.194584 351.118280 1.0
288 1 619.176622 174.439699 672.560410 225.929977 1.0
289 1 619.134457 174.475527 672.342444 225.801419 1.0
290 1 619.092779 174.511118 672.125723 225.673646 1.0
291 1 619.051581 174.546476 671.910234 225.546651 1.0
292 1 619.010859 174.581602 671.695963 225.420427 1.0
293 1 618.970607 174.616499 671.482899 225.294967 1.0
