0 5 554.486073 166.426608 665.956732 271.803919 1.0
0 1 459.621030 180.293358 566.834571 217.035394 1.0
0 1 654.989751 180.244977 688.725257 206.880017 1.0
1 5 572.458213 166.216600 684.010526 271.066768 1.0
1 1 473.380554 180.027445 578.368093 216.809494 1.0
1 1 654.990426 180.243042 688.724857 206.878045 1.0
2 5 590.261640 166.008629 701.888967 270.336901 1.0
2 1 487.284054 179.760494 591.294463 216.579696 1.0
2 1 654.991102 180.241107 688.724458 206.876073 1.0
3 5 607.898715 165.802666 719.594597 269.614210 1.0
3 1 499.884500 179.736553 603.451600 216.541428 1.0
3 1 654.991778 180.239172 688.724058 206.874101 1.0
4 5 626.591171 165.090679 738.046098 268.231530 1.0
4 1 512.092125 179.713812 615.382199 216.500156 1.0
4 1 654.992454 180.237237 688.723658 206.872128 1.0
5 5 645.074618 165.414123 756.353802 267.909902 1.0
5 1 522.484161 179.692260 627.088087 216.455750 1.0
5 1 654.993130 180.235302 688.723259 206.870156 1.0
6 5 662.630535 165.108283 774.158087 267.166425 1.0
6 1 533.488479 179.601333 638.848135 216.222570 1.0
6 1 654.993806 180.233367 688.722859 206.868184 1.0
7 5 680.051076 165.293408 791.820227 266.924134 1.0
7 1 544.528341 179.513115 650.295321 215.987093 1.0
7 1 654.994482 180.231432 688.722460 206.866212 1.0
8 5 697.330248 165.264380 809.332940 266.468437 1.0
8 1 555.605131 179.427541 661.437003 215.749257 1.0
8 1 654.995158 180.229497 688.722060 206.864240 1.0
9 5 715.154707 165.036724 827.374794 265.788498 1.0
9 1 566.840486 179.401064 672.142299 215.476386 1.0
9 1 654.995834 180.227562 688.721660 206.862267 1.0
10 5 732.833707 164.811301 845.239724 265.114392 1.0
10 1 578.071951 179.376335 682.493890 215.202219 1.0
10 1 654.996510 180.225627 688.721261 206.860295 1.0
11 5 750.369047 164.588076 862.930286 264.446046 1.0
11 1 589.299959 179.353287 692.504161 214.926733 1.0
11 1 654.997186 180.223692 688.720861 206.858323 1.0
12 5 767.762504 164.367019 880.448997 263.783384 1.0
12 1 600.524416 179.331855 702.185425 214.649920 1.0
12 1 654.997863 180.221757 688.720461 206.856351 1.0
13 5 785.015812 164.148098 897.798311 263.126336 1.0
13 1 611.447614 179.458901 710.773849 214.393798 1.0
13 4 596.536234 180.211888 612.949251 211.317029 1.0
13 1 654.998539 180.219822 688.720062 206.854378 1.0
14 5 802.130687 163.931284 914.980648 262.474830 1.0
14 1 622.318481 179.583461 718.984486 214.136849 1.0
14 4 595.740783 180.238460 609.407450 211.340472 1.0
14 1 654.999215 180.217887 688.719662 206.852406 1.0
15 5 819.108816 163.716545 931.998378 261.828795 1.0
15 1 633.136076 179.705637 726.836695 213.879093 1.0
15 4 594.130659 180.265026 606.640190 211.363910 1.0
15 1 654.999891 180.215952 688.719262 206.850433 1.0
16 5 836.361085 163.419218 949.282835 261.036554 1.0
16 1 643.898799 179.825524 734.349212 213.620574 1.0
16 4 592.405272 180.291587 603.738606 211.387343 1.0
16 1 655.000567 180.214017 688.718863 206.848461 1.0
17 5 853.450238 163.124833 966.396022 260.252174 1.0
17 1 653.747911 179.601409 740.514403 212.848747 1.0
17 4 589.450636 180.318142 600.458510 211.410771 1.0
17 1 655.001243 180.212082 688.718463 206.846489 1.0
18 5 870.378579 162.833346 983.340473 259.475537 1.0
18 1 663.457413 179.386084 746.373059 212.094039 1.0
18 4 586.405415 180.344691 597.072081 211.434194 1.0
18 1 655.001919 180.210146 688.718063 206.844516 1.0
19 5 887.148364 162.544715 1000.118668 258.706531 1.0
19 1 673.028532 179.179042 751.944445 211.355999 1.0
19 4 583.437757 180.371234 594.445141 211.457611 1.0
19 1 655.002595 180.208211 688.717663 206.842544 1.0
20 5 903.761811 162.258899 1016.733043 257.945043 1.0
20 1 682.462010 178.979803 757.246778 210.634205 1.0
20 4 580.407877 180.397772 591.741210 211.481024 1.0
20 1 655.003272 180.206276 688.717264 206.840571 1.0
21 5 920.476167 161.984680 1033.395629 257.236073 1.0
21 1 689.542244 179.369772 760.344677 210.466304 1.0
21 4 578.093876 180.424304 588.768359 211.504431 1.0
21 1 655.003948 180.204341 688.716864 206.838599 1.0
22 5 937.051684 161.713086 1049.898357 256.533292 1.0
22 1 696.469739 179.745849 763.270700 210.300724 1.0
22 4 575.745988 180.450830 585.745988 211.527833 1.0
22 1 655.004624 180.202406 688.716464 206.836626 1.0
23 5 953.490099 161.444082 1066.243499 255.836619 1.0
23 1 703.248164 180.108833 766.036907 210.137403 1.0
23 4 572.419912 180.477351 583.760117 211.551230 1.0
23 1 655.005300 180.200470 688.716064 206.834653 1.0
24 5 969.793125 161.177629 1082.433289 255.145975 1.0
24 1 709.880810 180.459470 768.654574 209.976288 1.0
24 4 569.086415 180.503866 581.753082 211.574622 1.0
24 1 655.005977 180.198535 688.715665 206.832681 1.0
25 5 985.962435 160.913692 1098.469905 254.461282 1.0
25 1 716.650923 180.155425 770.184093 209.060201 1.0
25 4 566.746901 180.530375 578.922241 211.598009 1.0
25 1 655.006653 180.196600 688.715265 206.830708 1.0
26 5 1001.999693 160.652236 1114.355508 253.782463 1.0
26 1 723.316789 179.863945 771.570378 208.170612 1.0
26 4 564.780167 180.531374 576.446834 211.595895 1.0
26 1 655.007329 180.194665 688.714865 206.828736 1.0
27 5 1018.762191 160.872194 1131.593399 253.582524 1.0
27 1 726.447347 180.245282 773.610633 208.038734 1.0
27 4 562.781879 180.532373 573.622089 211.593781 1.0
27 1 655.008005 180.192729 688.714465 206.826763 1.0
28 5 1035.373946 161.090737 1148.707566 253.384235 1.0
28 1 729.460167 180.613357 775.579906 207.911903 1.0
28 4 560.826894 180.533372 570.826894 211.591667 1.0
28 1 655.008682 180.190794 688.714065 206.824790 1.0
29 5 1051.837153 161.307880 1165.699164 253.187577 1.0
29 1 732.991276 180.481700 774.797335 207.193364 1.0
29 4 557.484788 180.534371 568.157331 211.589554 1.0
29 1 655.009358 180.188859 688.713666 206.822818 1.0
30 5 1068.153965 161.523636 1182.569326 252.992535 1.0
30 1 736.456245 180.355754 773.998482 206.498945 1.0
30 4 553.869053 180.539238 565.202386 211.590776 1.0
30 1 655.010034 180.186923 688.713266 206.820845 1.0
31 5 1084.326505 161.738021 1199.319171 252.799091 1.0
31 1 738.549170 181.008799 774.721289 206.708505 1.0
31 4 551.506367 180.544103 562.847294 211.591998 1.0
31 1 655.010711 180.184988 688.712866 206.818872 1.0
32 5 1098.460250 161.416403 1213.807432 252.237805 1.0
32 1 740.566989 181.639164 775.417811 206.911175 1.0
32 4 549.240470 180.548967 560.573804 211.593220 1.0
32 1 655.011387 180.183053 688.712466 206.816899 1.0
33 5 1112.522196 161.096265 1228.228811 251.679491 1.0
33 1 742.249678 181.649587 775.993141 206.429033 1.0
33 4 545.939953 180.558921 557.948708 211.598869 1.0
33 1 655.012063 180.181117 688.712066 206.814926 1.0
34 5 1132.402338 160.759602 1241.000000 250.997777 1.0
34 1 743.868849 181.659645 776.547392 205.965210 1.0
34 4 543.614394 180.558693 556.281060 211.595663 1.0
34 1 655.012740 180.179182 688.711666 206.812954 1.0
35 5 1152.159892 160.561090 1241.000000 250.320445 1.0
35 1 745.428048 181.669357 777.081684 205.518681 1.0
35 4 540.395747 180.571556 552.406760 211.603572 1.0
35 1 655.013416 180.177246 688.711266 206.810981 1.0
36 5 1165.130867 160.373448 1241.000000 249.778070 1.0
36 1 746.930563 181.678740 777.597060 205.088496 1.0
36 4 537.334668 180.584416 548.668002 211.611478 1.0
36 1 655.014093 180.175311 688.710867 206.809008 1.0
37 5 1178.038180 160.187734 1241.000000 249.238472 1.0
37 1 748.379447 181.687812 778.094493 204.673774 1.0
37 4 534.225084 180.547778 547.066062 211.587113 1.0
37 1 655.014769 180.173375 688.710467 206.807035 1.0
38 5 1197.037533 160.736569 1241.000000 249.450349 1.0
38 1 748.950429 182.161915 777.761478 204.726425 1.0
38 4 531.297524 180.511114 545.630858 211.562727 1.0
38 1 655.015446 180.171440 688.710067 206.805062 1.0
39 5 1215.975389 161.348245 1241.000000 249.153265 1.0
39 1 749.499650 182.618645 777.440316 204.776999 1.0
39 4 529.002632 180.474422 541.679123 211.538321 1.0
39 1 655.016122 180.169504 688.709667 206.803089 1.0
40 5 1234.852047 162.247194 1241.000000 247.422103 1.0
40 1 750.028347 183.058942 777.130371 204.825616 1.0
40 4 526.918152 180.437704 537.918152 211.513893 1.0
40 1 655.016798 180.167569 688.709267 206.801116 1.0
41 1 750.537666 183.483678 776.831050 204.872384 1.0
41 4 523.772169 180.400960 535.613161 211.489445 1.0
41 1 655.017475 180.165633 688.708867 206.799143 1.0
42 1 751.028668 183.893666 776.654567 204.917405 1.0
42 4 520.863198 180.364188 533.529865 211.464975 1.0
42 1 655.018151 180.163698 688.708467 206.797170 1.0
43 1 751.048427 183.667165 776.193268 204.281858 1.0
43 4 520.077150 180.286415 533.409981 211.402539 1.0
43 1 655.018828 180.161762 688.708067 206.795197 1.0
44 1 751.067624 183.448482 775.748913 203.669542 1.0
44 4 516.036840 180.250456 530.036840 211.378788 1.0
44 1 655.019505 180.159827 688.707667 206.793224 1.0
45 1 751.086287 183.237218 775.320576 203.079205 1.0
45 4 513.977899 180.214353 526.988398 211.355017 1.0
45 1 655.020181 180.157891 688.707267 206.791251 1.0
46 1 751.104445 183.033003 774.907398 202.509687 1.0
46 4 511.703856 180.177809 523.703856 211.331225 1.0
46 1 655.020858 180.155955 688.706867 206.789278 1.0
47 1 751.122121 182.835488 774.508579 201.959903 1.0
47 4 508.624665 180.177999 522.137697 211.339051 1.0
47 1 655.021534 180.154020 688.706467 206.787305 1.0
48 1 750.632491 183.076190 773.589434 201.870091 1.0
48 4 505.370466 180.178189 520.370466 211.346880 1.0
48 1 655.022211 180.152084 688.706067 206.785332 1.0
49 1 750.160277 183.308848 772.703197 201.783474 1.0
49 4 503.598473 180.178380 516.614524 211.354713 1.0
49 1 655.022887 180.150149 688.705667 206.783359 1.0
50 1 749.704566 183.533859 771.848129 201.699885 1.0
50 4 501.698505 180.178571 512.698505 211.362548 1.0
50 1 655.023564 180.148213 688.705267 206.781386 1.0
51 1 749.264506 183.751595 771.022617 201.619167 1.0
51 4 498.736795 180.178742 511.248390 211.370387 1.0
51 1 655.024241 180.146277 688.704867 206.779412 1.0
52 1 748.839307 183.962401 770.225153 201.541176 1.0
52 4 495.687965 180.178799 509.687966 211.378229 1.0
52 1 655.024917 180.144341 688.704467 206.777439 1.0
53 1 748.672629 184.115959 769.686465 201.400355 1.0
53 4 492.730507 180.110173 505.607396 211.310800 1.0
53 1 655.025594 180.142406 688.704067 206.775466 1.0
54 1 748.512066 184.264561 769.165740 201.264248 1.0
54 4 489.801562 180.041517 501.468229 211.243303 1.0
54 1 655.026271 180.140470 688.703667 206.773493 1.0
55 1 748.232947 184.408445 768.662065 201.132619 1.0
55 4 486.952739 179.972830 499.650610 211.175739 1.0
55 1 655.026947 180.138534 688.703267 206.771519 1.0
56 1 747.789888 184.547833 768.174586 201.005251 1.0
56 4 484.243850 179.904113 497.910517 211.108111 1.0
56 1 655.027624 180.136598 688.702867 206.769546 1.0
57 1 747.360727 184.682934 767.702507 200.881939 1.0
57 4 482.842804 179.782012 496.148703 211.010654 1.0
57 1 655.028301 180.134663 688.702467 206.767573 1.0
58 1 746.858523 184.720648 766.825246 200.649948 1.0
58 4 479.740824 179.672440 492.740824 210.907435 1.0
58 1 655.028977 180.132727 688.702067 206.765599 1.0
59 1 746.371953 184.757183 765.977072 200.425615 1.0
59 4 476.814782 179.562783 489.505393 210.804151 1.0
59 1 655.029654 180.130791 688.701667 206.763626 1.0
60 1 745.900300 184.792594 765.156560 200.208566 1.0
60 4 474.106989 179.453041 486.440322 210.700802 1.0
60 1 655.030331 180.128855 688.701267 206.761653 1.0
61 1 745.442888 184.826931 764.362381 199.998454 1.0
61 4 470.642704 179.343215 484.829680 210.597390 1.0
61 1 655.031008 180.126919 688.700867 206.759679 1.0
62 1 744.999080 184.860242 763.593285 199.794949 1.0
62 4 467.582843 179.248752 483.582843 210.498260 1.0
62 1 655.031684 180.124984 688.700466 206.757706 1.0
63 1 744.689919 184.884911 762.977140 199.589036 1.0
63 4 465.475125 179.154306 479.985798 210.399158 1.0
63 1 655.032361 180.123048 688.700066 206.755732 1.0
64 1 744.389712 184.908863 762.379911 199.389420 1.0
64 4 463.175680 179.059877 476.175680 210.300086 1.0
64 1 655.033038 180.121112 688.699666 206.753759 1.0
65 1 744.098076 184.932129 761.800742 199.195815 1.0
65 4 461.722298 178.965465 474.230560 210.201042 1.0
65 1 655.033715 180.119176 688.699266 206.751785 1.0
66 4 460.104112 178.871070 472.104112 210.102028 1.0
66 1 655.034392 180.117240 688.698866 206.749812 1.0
67 4 457.301535 178.996836 468.970716 210.217955 1.0
67 1 655.035069 180.115304 688.698466 206.747838 1.0
68 4 454.346710 179.122510 465.680043 210.333809 1.0
68 1 655.035745 180.113368 688.698066 206.745864 1.0
69 4 451.042923 179.248092 463.045417 210.449592 1.0
69 1 655.036422 180.111432 688.697665 206.743891 1.0
70 4 448.088934 179.365108 460.755600 210.538652 1.0
70 1 655.037099 180.109496 688.697265 206.741917 1.0
71 4 446.735638 179.116683 459.068248 210.269102 1.0
71 1 655.037776 180.107560 688.696865 206.739944 1.0
72 4 445.233070 178.868634 457.233069 209.999924 1.0
72 1 655.038453 180.105624 688.696465 206.737970 1.0
73 4 442.720629 178.620960 454.720029 209.731117 1.0
73 1 655.039130 180.103688 688.696065 206.735996 1.0
74 4 440.056921 178.373661 452.056921 209.462682 1.0
74 1 655.039807 180.101752 688.695664 206.734023 1.0
75 4 437.885280 178.126735 449.884764 209.194616 1.0
75 1 655.040484 180.099816 688.695264 206.732049 1.0
76 4 435.560431 177.880182 447.560432 208.926919 1.0
76 1 655.041161 180.097880 688.694864 206.730075 1.0
77 1 655.041838 180.095944 688.694464 206.728101 1.0
