0 1 870.120621 206.599316 1241.000000 374.000000 1.0
1 1 893.030087 210.192647 1241.000000 374.000000 1.0
2 1 922.345671 214.461531 1241.000000 374.000000 1.0
3 1 959.458745 219.852695 1241.000000 374.000000 1.0
4 1 1007.953857 226.963833 1241.000000 374.000000 1.0
5 1 1074.010068 237.557829 1241.000000 374.000000 1.0
5 4 750.146052 165.815963 771.264121 214.128885 1.0
5 4 771.651429 168.301180 789.670243 214.493713 1.0
6 1 1169.267198 252.938304 1241.000000 374.000000 1.0
6 4 755.526160 165.166596 773.859493 215.039482 1.0
6 4 774.730213 167.535995 786.063547 215.251255 1.0
7 4 758.246073 164.473913 777.427622 216.010864 1.0
7 4 780.153509 166.718955 794.255931 216.060484 1.0
8 4 761.145342 163.733432 780.478676 217.049327 1.0
8 4 785.684319 165.844603 802.017653 216.926878 1.0
9 4 765.081086 162.940028 785.143945 218.162068 1.0
9 4 789.667171 164.906692 808.074750 217.856719 1.0
10 4 768.946112 162.087817 788.946112 219.357353 1.0
10 4 793.929014 163.898029 813.595680 218.857244 1.0
11 4 773.287586 160.085697 796.415419 219.572935 1.0
11 4 800.716403 163.427222 821.018220 220.543397 1.0
12 4 779.308636 160.103940 804.641968 221.991508 1.0
12 4 807.896531 162.917996 827.896531 222.367353 1.0
12 4 201.344187 165.404154 219.344188 222.793642 1.0
13 4 786.016018 161.140147 813.341165 225.631749 1.0
13 4 816.667428 163.176663 838.191724 225.159694 1.0
13 4 186.951528 166.725897 207.351522 225.699583 1.0
14 4 792.777338 162.267264 820.777338 229.591664 1.0
14 4 826.096338 164.514187 848.096337 229.258077 1.0
14 4 171.776639 168.122567 194.109972 228.770369 1.0
15 4 800.670996 163.805449 832.344090 234.246881 1.0
15 4 835.870683 165.976094 861.349057 233.738259 1.0
15 4 156.410217 169.600718 179.630481 232.020434 1.0
16 4 809.246751 165.492746 842.913418 239.353851 1.0
16 4 847.801821 168.095721 875.468488 239.140058 1.0
16 4 140.502261 170.582145 164.002261 235.213472 1.0
17 4 823.791860 164.976640 857.085937 242.601076 1.0
17 4 863.054929 169.425537 890.636840 244.083742 1.0
17 4 123.725369 167.416041 149.365506 234.355281 1.0
18 4 839.417592 164.405174 870.084259 246.197024 1.0
18 4 877.820307 167.034728 903.486972 245.696685 1.0
18 4 103.448014 166.260983 130.448014 234.186917 1.0
19 4 851.429891 161.056902 887.240837 247.487903 1.0
19 4 897.147621 163.601596 925.586897 246.701236 1.0
19 4 83.851211 164.014532 111.706835 234.567552 1.0
20 4 864.098413 157.306117 902.765080 248.934169 1.0
20 4 917.397039 159.757756 946.730375 247.826066 1.0
20 4 62.220037 161.587351 89.886705 234.978841 1.0
21 4 882.177389 153.075595 922.834176 250.565674 1.0
21 4 937.190450 156.119726 971.582167 249.800985 1.0
21 4 36.515271 158.956718 67.178623 235.424645 1.0
22 4 902.686299 152.839017 942.019631 257.006261 1.0
22 4 959.075330 158.310222 996.075332 258.632229 1.0
22 4 8.117157 163.875918 40.617158 241.491054 1.0
23 4 916.577800 155.717079 966.656788 267.553229 1.0
23 4 980.481917 160.833935 1020.064736 268.809998 1.0
24 4 934.512473 156.691947 991.512474 277.496586 1.0
24 4 1003.193690 163.422611 1041.527022 280.316077 1.0
25 4 962.129671 157.836449 1031.432406 289.173408 1.0
25 4 1039.309964 160.549762 1085.510526 287.943537 1.0
26 4 989.877784 153.145138 1064.544452 296.346980 1.0
26 4 1079.463373 157.111088 1128.796707 297.077797 1.0
27 4 1039.170854 147.172919 1121.791726 306.184815 1.0
27 4 1114.751867 151.415487 1204.335894 307.076964 1.0
27 4 428.622373 177.808197 446.431883 220.798460 1.0
28 4 1091.873587 137.438831 1170.540256 316.069870 1.0
28 4 1173.971314 144.645780 1241.000000 319.603432 1.0
28 4 426.720882 176.578536 439.720882 220.909690 1.0
29 4 1131.623464 139.655608 1241.000000 343.223400 1.0
29 4 420.967597 177.669922 435.698000 223.348515 1.0
30 4 1205.716627 145.845730 1241.000000 361.708125 1.0
30 4 414.630540 179.450006 430.630540 226.547443 1.0
31 4 408.259131 180.638899 425.895904 229.268027 1.0
31 4 345.507666 173.972485 369.061009 219.694372 1.0
32 4 401.101153 179.281249 419.767819 229.519870 1.0
32 4 336.051966 171.208945 355.051966 218.287192 1.0
33 4 395.253416 175.216386 412.972351 227.204850 1.0
33 4 325.435663 168.276495 346.317316 216.794037 1.0
34 4 388.586132 172.997942 404.586132 226.840727 1.0
34 4 313.873353 165.159161 335.873353 215.206779 1.0
35 4 379.990065 173.263544 398.177215 229.090508 1.0
35 4 303.276762 166.590986 326.387020 218.196956 1.0
36 4 370.929148 174.629737 390.595814 232.539162 1.0
36 4 292.022516 168.114916 315.355849 221.379404 1.0
37 4 361.643912 176.101802 382.605237 236.255067 1.0
37 4 281.389756 168.926171 302.074113 224.040709 1.0
38 4 351.526161 177.692539 372.859495 240.270540 1.0
38 4 269.389559 169.795709 286.389560 226.893683 1.0
39 4 340.296338 177.076881 364.192326 242.315164 1.0
39 4 251.931611 168.509363 275.342493 227.737825 1.0
40 4 327.759657 176.406554 353.092990 244.541347 1.0
40 4 232.541893 167.123540 261.541893 228.647421 1.0
41 4 313.234574 175.673938 341.474084 246.974395 1.0
41 4 216.334342 167.617050 245.580937 231.541718 1.0
41 4 449.689120 164.617258 472.073892 215.951259 1.0
42 4 296.852964 177.058757 326.519630 251.824434 1.0
42 4 198.404700 168.150478 226.404699 234.671288 1.0
42 4 448.912624 164.935768 464.912624 217.728458 1.0
43 4 281.698294 178.585053 312.830288 257.169979 1.0
43 4 179.400005 168.728866 208.034181 238.066036 1.0
43 4 443.469467 165.273015 460.935547 219.609244 1.0
44 4 264.629649 179.404919 295.296314 262.195123 1.0
44 4 157.838842 169.358146 185.505509 241.761152 1.0
44 4 437.418226 165.630700 455.751560 221.602945 1.0
45 4 245.509972 180.311108 278.966838 267.788487 1.0
45 4 130.916029 170.045341 168.302302 245.798345 1.0
45 4 432.561711 166.010736 450.087919 223.720042 1.0
46 4 222.907588 180.068264 256.907588 272.852609 1.0
46 4 100.724421 170.250131 146.057754 249.633897 1.0
46 4 427.215511 166.415281 443.215510 225.972356 1.0
47 4 198.504428 179.786802 235.456405 278.571752 1.0
47 4 71.226234 170.475513 117.374536 253.855598 1.0
47 4 417.198419 166.035575 436.503736 227.545357 1.0
48 4 169.513796 179.466418 206.513796 285.081786 1.0
48 4 39.100410 168.626498 82.767078 256.496634 1.0
48 4 406.236979 165.630134 428.236980 229.225012 1.0
49 4 135.478979 180.056496 179.760133 293.171379 1.0
49 4 1.485532 166.567180 62.599680 259.438471 1.0
49 4 400.447439 165.196251 421.733558 231.022548 1.0
50 4 94.736845 180.705807 142.736843 302.497630 1.0
50 4 393.996946 165.392096 413.663613 233.613399 1.0
51 4 54.750689 181.450976 107.175905 313.367582 1.0
51 4 382.899822 165.602723 405.503729 236.399891 1.0
51 4 1141.651435 190.589363 1224.885818 309.664843 1.0
52 4 10.058955 182.322280 61.392287 326.157065 1.0
52 4 371.244987 165.427204 395.911653 238.986930 1.0
52 4 1188.693861 197.880232 1241.000000 327.800941 1.0
53 4 361.785284 165.237563 386.845247 241.784376 1.0
54 4 351.078221 165.032019 375.411555 244.818986 1.0
55 4 337.370091 164.808483 364.151600 248.122252 1.0
56 4 321.837330 164.564480 349.837329 251.731505 1.0
56 5 752.019439 164.050846 798.296410 231.342466 1.0
57 4 306.873467 164.921703 338.031265 256.296179 1.0
57 5 756.362232 163.920721 802.158589 233.680323 1.0
58 4 288.141890 164.345470 320.808557 260.568026 1.0
58 5 761.065408 163.781510 806.252942 236.192870 1.0
59 4 267.610401 163.704826 304.916257 265.318738 1.0
59 5 766.170185 163.632186 810.605098 238.900345 1.0
59 4 726.684881 164.041384 747.672998 223.120527 1.0
60 4 243.714254 162.988331 283.380921 270.633616 1.0
60 5 771.724433 163.471560 815.244465 241.826241 1.0
60 4 732.214175 163.674728 748.880841 224.640114 1.0
60 2 585.542087 157.854742 635.841134 197.306993 1.0
61 4 219.015267 162.181667 262.266177 276.619500 1.0
61 5 776.164532 162.785278 821.848092 244.593632 1.0
61 4 737.168976 163.283913 752.796028 226.259960 1.0
61 2 581.895218 157.902446 632.990068 197.950717 1.0
62 4 190.235602 161.195497 233.902269 282.987241 1.0
62 5 781.006112 162.035886 829.009588 247.615808 1.0
62 4 741.961442 162.866471 755.961442 227.990327 1.0
62 2 578.136186 157.951642 630.060457 198.614294 1.0
63 4 160.214054 160.074099 209.500204 290.229750 1.0
63 5 786.305741 161.214262 836.803171 250.929653 1.0
63 4 739.766909 162.419583 756.865424 229.842925 1.0
63 2 575.424806 157.269936 628.121754 198.591624 1.0
64 4 125.007042 156.924843 176.007041 296.662284 1.0
64 5 792.131124 160.309431 845.316835 254.579531 1.0
64 4 737.249259 161.940022 756.915926 231.831178 1.0
64 2 572.625067 156.565905 626.126492 198.568197 1.0
65 4 84.762059 153.275619 146.765484 304.118187 1.0
65 5 798.563998 159.308080 854.655718 258.619286 1.0
65 4 739.497858 160.045988 760.064225 232.580100 1.0
65 4 888.687433 164.260859 926.029220 241.858661 1.0
65 2 569.782084 154.352501 624.116731 197.074170 1.0
66 4 34.814966 148.997104 102.481631 312.862777 1.0
66 5 807.030597 159.054985 866.475623 263.568070 1.0
66 4 741.502343 158.003146 762.169010 233.387957 1.0
66 4 908.399565 162.931570 934.732899 243.979941 1.0
66 2 566.843313 152.064123 622.046591 195.529573 1.0
67 4 0.000000 148.522096 68.325782 326.822415 1.0
67 5 816.405776 158.774374 879.477528 269.062011 1.0
67 4 744.488589 155.793241 765.945181 234.261992 1.0
67 4 919.026936 161.484457 948.194536 246.243510 1.0
67 4 317.732786 164.889595 350.930286 232.376095 1.0
67 2 563.635678 152.771715 619.761359 196.972020 1.0
68 5 826.842187 158.461443 893.849690 275.196391 1.0
68 4 748.279873 157.263663 769.613206 239.170476 1.0
68 4 1022.270580 203.507151 1084.890094 294.225847 1.0
68 4 1075.076417 204.977377 1142.128803 290.502513 1.0
68 4 1107.549210 150.123487 1158.215877 281.782943 1.0
68 4 930.603425 162.837822 961.270092 251.817028 1.0
68 4 313.790138 166.514769 338.790138 236.077782 1.0
68 2 560.316313 153.504108 617.405495 198.464895 1.0
69 5 838.528649 158.110197 909.822624 282.090072 1.0
69 4 750.797113 158.882329 775.667003 244.474404 1.0
69 4 1051.400838 206.744895 1121.200299 305.322059 1.0
69 4 1109.634118 211.832249 1182.218738 302.056243 1.0
69 4 1140.131130 150.246869 1196.945525 291.447945 1.0
69 4 942.183565 164.332221 976.093388 257.970517 1.0
69 4 915.643278 164.998869 944.134960 248.007117 1.0
69 4 300.228360 168.242939 329.349105 240.014307 1.0
69 4 371.499964 167.065894 402.268944 237.967881 1.0
69 2 557.059028 153.429244 615.138900 199.189026 1.0
70 5 851.701553 157.713065 927.681669 289.893272 1.0
70 4 753.010113 160.653094 780.343445 250.277680 1.0
70 4 1085.584292 210.546375 1164.249309 318.518710 1.0
70 4 1145.965443 216.224554 1228.256552 315.680245 1.0
70 4 1172.974295 151.671192 1231.307628 303.258514 1.0
70 4 953.647543 163.363445 988.980875 261.941243 1.0
70 4 929.707913 166.021979 958.707912 253.112476 1.0
70 4 285.360531 170.084216 317.360531 244.208749 1.0
70 4 364.980971 168.142585 388.980971 241.935051 1.0
70 2 553.683820 153.351680 612.799794 199.939458 1.0
71 5 875.641417 155.071342 956.090004 297.713172 1.0
71 4 758.321135 159.211717 785.876991 253.030547 1.0
71 4 1126.507894 213.712612 1216.371478 332.959409 1.0
71 4 1189.756072 221.520912 1241.000000 332.305953 1.0
71 4 1215.770090 149.371756 1241.000000 308.217096 1.0
71 4 970.406885 162.286503 1009.542774 266.352619 1.0
71 4 944.412467 165.172604 977.444528 256.781499 1.0
71 4 272.628316 172.050081 303.983684 248.687316 1.0
71 4 353.651952 168.449606 377.995211 245.375888 1.0
71 2 550.184150 153.271266 610.384653 200.717651 1.0
72 5 890.942949 152.430264 976.238473 304.634864 1.0
72 4 763.680242 157.629005 790.013574 256.053917 1.0
72 4 1176.020627 217.546376 1241.000000 350.551077 1.0
72 4 987.926464 161.082199 1028.593129 271.282332 1.0
72 4 960.374360 164.230607 995.041028 260.872439 1.0
72 4 258.830933 171.170972 287.830934 250.490407 1.0
72 4 340.433232 167.547780 363.766566 247.882330 1.0
72 5 496.451779 167.383813 529.717582 216.335271 1.0
72 2 546.552990 153.187840 607.889720 201.525173 1.0
73 5 915.141806 149.141515 1005.709179 313.814491 1.0
73 4 768.560998 155.883099 798.335986 259.389720 1.0
73 4 1237.143579 222.677134 1241.000000 357.282765 1.0
73 4 1010.318190 159.726510 1054.508672 276.827473 1.0
73 4 976.411279 163.179962 1012.638860 265.439162 1.0
73 4 245.138885 170.228147 276.305102 252.424337 1.0
73 4 323.669865 167.344748 349.421575 251.408731 1.0
73 5 490.428559 166.900353 524.177041 217.488915 1.0
73 2 542.782770 153.101229 605.310988 202.363713 1.0
74 5 943.417643 145.267751 1039.708093 324.629885 1.0
74 4 773.369994 154.408104 805.036659 263.678418 1.0
74 4 1034.253986 158.188964 1078.920653 283.110998 1.0
74 4 994.751366 162.750623 1029.418033 271.532200 1.0
74 4 230.113048 169.651023 261.779716 255.209730 1.0
74 4 308.118609 166.923725 334.785274 255.073450 1.0
74 5 483.996890 166.383781 518.271734 218.721519 1.0
74 2 538.865328 153.011246 602.644175 203.235092 1.0
75 5 977.513952 143.888829 1083.448092 340.375185 1.0
75 4 781.772767 152.759475 817.350624 268.473229 1.0
75 4 1053.997689 158.932734 1103.210923 293.018463 1.0
75 4 1022.732054 162.264154 1060.616102 278.455658 1.0
75 4 213.864024 169.336183 247.097601 258.570300 1.0
75 4 291.418877 165.786345 323.850481 258.440465 1.0
75 5 477.112553 165.830583 511.965497 220.041483 1.0
75 2 534.791851 152.917688 599.884704 204.141277 1.0
76 5 1018.265619 142.225689 1135.234129 359.413253 1.0
76 4 790.778850 151.693543 828.112182 274.595436 1.0
76 4 1075.566937 159.795136 1125.233604 304.486359 1.0
76 4 1053.809535 161.708256 1091.142869 286.391646 1.0
76 4 195.103743 168.994928 227.770409 262.179216 1.0
76 4 271.687280 164.281388 308.020614 261.924185 1.0
76 5 469.724757 165.236729 505.217177 221.458445 1.0
76 2 530.552810 152.820337 597.027673 205.084396 1.0
76 5 582.433572 168.769413 624.019624 208.697353 1.0
77 5 1067.795318 140.179048 1197.541405 374.000000 1.0
77 4 801.491250 150.488392 841.014247 281.530550 1.0
77 4 1093.920993 161.066825 1137.490402 295.579720 1.0
77 4 175.881300 167.749099 211.877949 265.153272 1.0
77 4 251.733209 162.823183 290.170722 265.665820 1.0
77 4 130.215238 196.600978 177.443141 244.627581 1.0
77 5 462.114772 166.276331 498.302609 224.672137 1.0
77 2 526.816376 153.540244 594.688662 206.864715 1.0
77 4 803.752464 153.851574 853.590741 261.469932 1.0
77 5 585.117956 169.991243 626.867056 210.530133 1.0
78 5 1129.234448 137.597344 1241.000000 374.000000 1.0
78 4 811.909423 149.114815 850.242755 289.451973 1.0
78 4 1137.452004 160.318363 1182.785339 306.341475 1.0
78 4 152.866842 170.285142 189.866841 272.426751 1.0
78 4 228.360600 165.570887 266.027268 274.210427 1.0
78 4 109.135883 201.073027 159.064331 251.347197 1.0
78 5 453.899687 167.399831 490.866566 228.143004 1.0
78 2 522.923775 154.290435 592.264985 208.719644 1.0
78 4 814.398122 153.586006 854.064789 268.090293 1.0
78 5 587.906181 171.245220 629.767914 212.417510 1.0
79 5 1207.403314 137.874897 1241.000000 374.000000 1.0
79 4 824.013065 147.534815 869.465138 298.586201 1.0
79 4 1156.455887 159.962155 1233.064370 319.193171 1.0
79 4 129.141551 171.098990 175.564649 278.218504 1.0
79 4 206.917026 166.955614 248.232130 282.075407 1.0
79 4 83.620195 203.134520 136.624125 255.745755 1.0
79 5 445.211622 166.796112 483.083302 230.203837 1.0
79 2 518.864989 155.072861 589.751969 210.653970 1.0
79 4 831.543735 153.285123 874.786008 275.618145 1.0
79 5 590.802779 172.532649 632.724652 214.361839 1.0
80 4 835.894685 145.698039 884.561351 309.234822 1.0
80 4 1199.863680 160.303457 1241.000000 332.250668 1.0
80 4 101.300846 171.996072 154.300848 284.603547 1.0
80 4 180.599516 166.447449 222.266182 288.862237 1.0
80 4 860.294188 192.579529 944.727059 277.283372 1.0
80 4 55.707485 205.382271 112.154907 260.557850 1.0
80 5 435.732537 166.137541 474.635637 232.478660 1.0
80 2 514.629129 155.889640 587.144596 212.672902 1.0
80 4 850.154393 152.941305 893.154392 284.253745 1.0
80 5 593.749704 172.907500 635.673991 215.375727 1.0
81 4 853.183153 143.536306 911.385475 321.808472 1.0
81 4 73.021219 172.989844 128.471782 291.677964 1.0
81 4 150.623798 162.969483 201.342852 293.661682 1.0
81 4 874.151547 192.565718 964.706972 282.712388 1.0
81 4 26.272767 205.659761 86.553856 263.573068 1.0
81 5 425.347487 165.416291 465.436165 234.973036 1.0
81 2 510.936451 154.410889 585.258522 212.396833 1.0
81 4 866.766388 152.646237 922.331204 293.818206 1.0
81 5 596.942061 171.798777 638.818248 214.874853 1.0
82 4 872.894487 139.754707 934.894486 335.875551 1.0
82 4 42.429558 168.923770 95.762891 293.674578 1.0
82 4 107.490116 162.712287 163.156785 304.362633 1.0
82 4 889.816235 192.550106 987.432321 288.887120 1.0
82 4 0.000000 205.964859 58.403700 266.879403 1.0
82 5 413.918234 164.622967 455.381355 237.720364 1.0
82 2 507.497363 152.105142 583.749194 211.437512 1.0
82 4 163.028285 185.579045 212.907998 242.399645 1.0
82 4 209.433822 171.835388 233.433822 242.023931 1.0
82 4 877.450967 150.722781 941.784301 303.327303 1.0
82 4 826.235298 196.164583 857.901964 282.662203 1.0
82 5 599.086629 170.171121 641.271877 213.884429 1.0
83 4 898.370145 135.139575 976.216360 353.080873 1.0
83 4 0.000000 169.405249 86.323354 300.812387 1.0
83 4 69.857867 161.115046 134.403034 312.936306 1.0
83 4 907.666496 192.532315 1013.510726 295.972544 1.0
83 5 401.277023 163.746199 444.347638 240.761181 1.0
83 2 503.273182 151.834308 581.616202 212.527784 1.0
83 4 144.216045 186.744813 196.564508 245.715368 1.0
83 4 171.252121 185.508478 231.173496 240.941167 1.0
83 4 191.368540 172.099452 214.875321 245.316713 1.0
83 4 904.906561 147.818813 971.822620 315.304174 1.0
83 4 842.932258 198.281342 884.017929 291.948595 1.0
83 4 862.038216 197.361779 908.573112 291.265424 1.0
83 5 601.213146 169.292413 643.702953 213.656616 1.0
83 1 430.110837 176.386567 500.114476 200.547093 1.0
84 4 923.125939 131.959492 1008.125937 374.000000 1.0
84 4 0.000000 170.083867 57.701237 306.844836 1.0
84 4 18.093602 161.123920 85.760271 326.771337 1.0
84 4 928.194038 192.511854 1043.743396 304.186173 1.0
84 5 387.123408 163.413461 433.463572 244.613263 1.0
84 5 409.459719 167.157684 449.318661 234.610901 1.0
84 2 498.851307 151.550628 579.397657 213.669127 1.0
84 4 123.963805 187.999736 178.962869 249.286292 1.0
84 4 151.652324 186.213358 214.340521 243.922086 1.0
84 4 171.219011 172.387356 192.885677 248.913627 1.0
84 4 938.042652 144.280902 1003.042652 329.687839 1.0
84 4 861.140749 200.744535 908.474081 302.874548 1.0
84 4 886.754395 199.929912 925.754396 302.085122 1.0
84 5 603.559280 169.383879 646.357167 214.429572 1.0
84 1 427.125993 177.134649 498.306331 201.678140 1.0
85 4 963.739564 127.901644 1075.982508 374.000000 1.0
85 5 371.344907 163.042538 421.454832 248.908152 1.0
85 5 396.318409 166.719135 439.181824 237.462182 1.0
85 2 494.217529 151.253166 577.088306 214.865214 1.0
85 4 98.425237 189.463389 156.750400 253.702210 1.0
85 4 130.473590 186.974406 196.181472 247.158240 1.0
85 4 149.816413 172.702481 175.657820 252.851017 1.0
85 4 976.671294 140.431239 1079.161763 346.860484 1.0
85 4 882.261919 203.646788 935.323134 315.916313 1.0
85 4 912.202269 202.941131 953.428643 314.934703 1.0
85 5 606.000619 171.362341 649.105150 217.113107 1.0
85 1 422.276919 178.661476 494.669814 203.574176 1.0
86 4 1007.524286 122.544425 1132.190956 374.000000 1.0
86 5 353.644649 162.626454 408.137610 253.726859 1.0
86 5 381.830822 166.235645 428.109553 240.605880 1.0
86 2 489.356240 150.940892 574.682457 216.120082 1.0
86 4 70.402622 191.068369 132.383390 258.613715 1.0
86 4 107.436129 187.800746 176.463176 250.681413 1.0
86 4 125.681648 173.048878 154.348315 257.179625 1.0
86 4 1038.560408 135.097294 1128.123554 371.548585 1.0
86 4 905.780187 207.116981 958.780187 331.754366 1.0
86 4 940.555705 206.520935 978.555707 330.444531 1.0
86 4 264.641124 185.944333 305.030403 234.461507 1.0
86 5 608.257708 171.174969 651.190432 217.607463 1.0
86 4 908.675964 165.749132 930.675964 222.214198 1.0
86 1 415.016713 178.072317 488.654988 203.389070 1.0
87 4 1038.705244 115.144749 1241.000000 374.000000 1.0
87 5 333.648757 162.156426 393.285745 259.171435 1.0
87 5 365.778906 165.699934 415.966101 244.089409 1.0
87 2 484.081660 150.135828 571.966596 216.914844 1.0
87 4 41.764163 191.144546 107.693682 262.050863 1.0
87 4 82.284018 188.701155 154.975793 254.531561 1.0
87 4 99.598770 173.431446 132.100051 261.960810 1.0
87 4 1066.466214 130.300549 1233.130267 374.000000 1.0
87 4 936.320241 211.339903 1005.122322 351.396028 1.0
87 4 983.006226 209.627550 1043.723327 348.206657 1.0
87 4 250.415873 185.567356 292.588310 235.798503 1.0
87 5 610.603305 170.982085 653.312172 218.115631 1.0
87 4 915.503399 165.601357 938.240763 223.775296 1.0
87 1 409.939429 177.251758 484.878047 203.008129 1.0
88 4 1115.538959 106.758577 1241.000000 374.000000 1.0
88 5 310.879636 161.621234 376.617760 265.372281 1.0
88 5 347.894837 165.103058 402.588123 247.971022 1.0
88 2 478.543702 149.289973 569.136202 217.749330 1.0
88 4 10.157924 191.228320 80.539415 265.847580 1.0
88 4 54.239996 189.318439 131.155414 258.511501 1.0
88 4 70.393958 171.714968 104.727291 264.750246 1.0
88 4 976.482768 215.171384 1052.816099 373.787874 1.0
88 4 1031.526489 213.458285 1108.193159 370.612293 1.0
88 4 235.142333 185.163517 279.258835 237.234105 1.0
88 5 613.041112 170.783461 655.472255 218.638196 1.0
88 4 922.182340 165.444396 944.849007 225.433917 1.0
88 1 404.689366 176.403108 480.976559 202.614194 1.0
89 4 1228.652532 108.874381 1241.000000 374.000000 1.0
89 5 286.480582 161.176176 359.486546 272.570418 1.0
89 5 327.845947 164.433907 387.777279 252.323090 1.0
89 2 472.722135 148.400148 566.183872 218.626595 1.0
89 4 0.000000 191.320886 50.532179 270.063401 1.0
89 4 23.234696 189.999217 104.882426 262.916843 1.0
89 4 38.980772 169.814553 75.922987 267.839022 1.0
89 4 1020.799596 220.001197 1136.390844 374.000000 1.0
89 4 1077.904759 220.701110 1198.513727 374.000000 1.0
89 4 219.323492 184.891512 265.468793 238.851542 1.0
89 5 615.575035 170.578859 657.672694 219.175773 1.0
89 4 931.815571 165.277366 954.926759 227.199495 1.0
89 4 802.834690 175.994770 843.191423 216.491189 1.0
89 4 794.422700 177.993486 835.967555 214.152595 1.0
89 1 399.385077 176.005174 477.039895 202.667466 1.0
90 5 258.207448 160.660339 339.996762 280.913459 1.0
90 5 306.980434 164.913091 372.893137 258.555364 1.0
90 2 466.822250 148.252891 563.326249 220.367638 1.0
90 4 0.000000 190.753815 75.757477 267.819643 1.0
90 4 5.867849 170.079017 42.867849 273.594316 1.0
90 4 1089.197459 227.698482 1233.174901 374.000000 1.0
90 4 1157.957106 230.134741 1241.000000 374.000000 1.0
90 4 202.308534 184.599672 250.672203 240.591383 1.0
90 5 618.209193 170.368024 659.915638 219.729018 1.0
90 4 941.369959 165.099264 964.036626 229.082719 1.0
90 4 884.408266 165.769893 906.408267 224.692007 1.0
90 4 806.264426 176.587009 847.812294 218.182278 1.0
90 4 797.299123 178.835289 839.980409 215.908893 1.0
90 1 393.279021 176.779393 472.350788 203.880884 1.0
91 5 225.057972 160.055377 317.625318 290.698160 1.0
91 5 283.196419 165.459325 356.196095 265.660621 1.0
91 2 460.598547 148.097424 560.337826 222.224716 1.0
91 4 0.000000 191.594928 43.289542 273.309204 1.0
91 4 1182.025468 238.108460 1241.000000 374.000000 1.0
91 4 185.234727 187.764178 235.861519 245.919318 1.0
91 5 620.848873 170.810564 663.003925 220.867901 1.0
91 4 949.135772 164.908953 973.779466 231.095754 1.0
91 4 889.706026 165.168906 912.603131 225.593463 1.0
91 4 809.881521 177.212161 852.689951 219.967781 1.0
91 4 800.322203 179.720719 844.201171 217.756547 1.0
91 1 386.961508 177.580562 467.504855 205.136399 1.0
92 5 185.651550 159.336011 291.682098 302.333532 1.0
92 5 255.835531 166.087741 337.333454 273.836097 1.0
92 2 454.023613 147.933040 557.209414 224.188432 1.0
92 4 166.864942 191.159674 219.968725 251.652051 1.0
92 5 623.562974 171.265753 666.175686 222.039361 1.0
92 4 957.456156 164.966322 983.122823 233.503836 1.0
92 4 895.089595 164.536605 918.089596 226.542131 1.0
92 4 813.701745 177.873050 857.846426 221.855833 1.0
92 4 803.503440 180.640689 848.646441 219.702873 1.0
92 1 380.894613 178.581239 462.973145 206.609640 1.0
93 5 138.032063 158.466398 261.237488 316.399472 1.0
93 5 224.025282 166.818393 315.854684 283.343286 1.0
93 2 447.945259 147.363448 554.316467 225.839716 1.0
93 4 143.514910 191.157826 199.836518 254.470737 1.0
93 5 626.354688 171.734143 669.434351 223.244815 1.0
93 4 968.494558 165.027897 997.246340 236.089358 1.0
93 4 900.338338 166.034452 925.098085 229.711435 1.0
93 4 817.742690 178.572828 863.306342 223.855528 1.0
93 4 806.855563 181.603255 853.334632 221.755994 1.0
93 1 374.607546 179.590591 458.282782 208.136442 1.0
94 5 79.333200 157.393978 225.008666 333.746395 1.0
94 5 186.584293 167.678441 291.174968 294.536427 1.0
94 2 441.506168 146.759746 551.283701 227.590055 1.0
94 4 117.883775 191.155806 177.817305 257.565056 1.0
94 5 629.227393 172.216314 672.783543 224.485768 1.0
94 4 979.920137 165.094159 1010.586804 238.872685 1.0
94 4 907.367195 167.581756 933.033861 233.137106 1.0
94 4 822.024041 179.315032 869.097309 225.977071 1.0
94 4 810.392710 182.618715 858.286232 223.924947 1.0
94 1 368.839053 180.025427 454.140784 209.103240 1.0
95 5 5.179233 156.038441 181.174164 355.673838 1.0
95 5 145.549986 167.162728 265.150959 305.774746 1.0
95 2 434.673212 146.118775 548.100751 229.448637 1.0
95 5 632.184664 172.712885 676.227086 225.763808 1.0
95 4 991.778204 165.165664 1025.204370 241.877416 1.0
95 4 914.862829 167.023176 941.032299 234.401544 1.0
95 4 826.360843 179.304087 875.007142 227.402753 1.0
95 4 814.534190 182.696362 863.919398 225.187836 1.0
95 1 362.855946 180.475835 449.850147 210.106063 1.0
96 5 0.000000 155.276856 127.058056 374.000000 1.0
96 5 96.152950 166.541851 234.801065 319.308468 1.0
96 2 427.409080 145.436973 544.756198 231.425820 1.0
96 5 635.230293 173.224510 679.769025 227.080624 1.0
96 4 1004.089776 165.243058 1038.756443 245.131066 1.0
96 4 922.392965 166.432806 948.059632 235.738374 1.0
96 4 830.966216 179.292451 881.290717 228.919015 1.0
96 4 818.914331 182.778469 869.883725 226.525233 1.0
96 1 356.646009 180.942668 445.402739 211.146964 1.0
97 5 35.546668 165.779993 198.948899 335.920825 1.0
97 2 419.671594 144.710307 541.237437 233.533331 1.0
97 5 638.352174 172.648679 682.821757 227.265051 1.0
97 4 1018.577083 164.462709 1053.457187 247.556812 1.0
97 4 928.517600 165.807852 958.048120 237.153999 1.0
97 4 835.865892 179.280057 887.984660 230.534774 1.0
97 4 823.554361 182.865430 876.209313 227.943930 1.0
97 1 347.959194 180.667587 438.558510 211.431535 1.0
98 5 0.000000 164.822984 155.948994 356.449629 1.0
98 2 411.412890 143.934199 537.530516 235.784493 1.0
98 5 641.568670 172.056406 685.948366 227.454360 1.0
98 4 1033.500936 163.617234 1066.834268 250.185541 1.0
98 4 936.035504 164.895358 968.368838 238.477617 1.0
98 4 841.088995 179.266828 895.130542 232.260155 1.0
98 4 828.478105 182.957689 882.930023 229.451574 1.0
98 1 338.940314 180.382420 431.462868 211.726994 1.0
99 5 0.000000 165.211131 103.427176 363.557888 1.0
99 2 402.578427 143.103421 533.619955 238.194509 1.0
99 5 644.883819 171.446993 689.151831 227.648759 1.0
99 4 1050.533476 162.698125 1088.633111 253.043845 1.0
99 4 947.948901 163.923844 981.829148 239.886917 1.0
99 4 846.668630 179.252676 902.775749 234.106706 1.0
99 4 833.712389 183.055745 890.084086 231.056800 1.0
99 1 322.999817 182.259568 417.524036 214.204728 1.0
100 2 393.105777 142.211984 529.488523 240.780807 1.0
100 5 648.301895 170.819698 692.435294 227.848466 1.0
100 4 1068.660462 161.695325 1109.660463 256.163171 1.0
100 4 959.952661 162.887390 993.952662 241.390496 1.0
100 4 853.336593 179.232314 911.640523 236.034633 1.0
100 4 838.952185 182.441117 897.344556 232.010457 1.0
100 1 326.146930 182.019659 422.709669 214.692705 1.0
101 2 383.382754 139.293417 525.068033 241.386394 1.0
101 5 651.827418 170.173738 695.802065 228.053714 1.0
101 4 1089.289794 160.596858 1132.232999 259.580984 1.0
101 4 969.960138 161.779261 1005.103833 242.998142 1.0
101 4 860.480919 179.210463 921.154468 238.104565 1.0
101 4 844.539883 181.785876 905.098381 233.029204 1.0
101 1 315.360065 180.336049 414.116213 213.614648 1.0
102 2 372.944842 136.158601 520.398468 242.036778 1.0
102 5 655.465185 169.508283 699.255644 228.264748 1.0
102 4 1112.072795 158.679704 1154.406129 263.052905 1.0
102 4 980.197591 160.591755 1014.864259 244.721046 1.0
102 4 868.154529 179.186954 931.391624 240.332789 1.0
102 4 850.511302 181.085857 913.397636 234.119942 1.0
102 1 304.131905 178.558587 405.186628 212.492422 1.0
103 2 361.847588 134.626748 515.855360 244.861067 1.0
103 5 658.846004 167.965128 701.614582 227.582132 1.0
103 4 1138.985824 156.542445 1186.751778 266.925315 1.0
103 4 993.204056 159.316027 1030.101253 246.572064 1.0
103 4 876.418478 179.161590 942.437734 242.738187 1.0
103 4 856.907352 180.336307 922.301992 235.290579 1.0
103 1 291.095600 175.851197 394.497404 210.512447 1.0
104 2 349.984349 133.059896 510.880364 247.759700 1.0
104 5 662.354316 166.376629 704.011670 226.876977 1.0
104 4 1167.176785 153.857008 1217.176783 270.781096 1.0
104 4 1004.192601 157.160980 1041.525935 247.497325 1.0
104 4 885.343590 179.134144 954.392657 245.342763 1.0
104 4 863.774974 179.508269 931.880154 236.550231 1.0
104 4 215.016262 155.004589 243.349595 224.629531 1.0
104 1 282.435256 177.711167 388.292104 213.084970 1.0
105 2 337.129344 131.361050 505.596109 250.903021 1.0
105 5 666.204955 167.496183 707.228322 228.877251 1.0
105 4 1189.060576 155.065343 1241.000000 279.175944 1.0
105 4 1017.729445 158.404263 1059.087047 252.255126 1.0
105 4 894.305779 180.304223 966.532508 249.257441 1.0
105 4 871.463288 181.397123 942.458077 240.670564 1.0
105 4 201.131143 156.223665 232.156524 228.221071 1.0
105 4 212.621692 167.470242 250.143270 227.339381 1.0
105 1 273.391986 179.629892 381.825327 215.771431 1.0
106 2 323.152638 129.512793 499.972909 254.323375 1.0
106 5 668.245146 169.457273 709.551353 231.851355 1.0
106 4 1224.209783 157.090332 1241.000000 285.328990 1.0
106 4 1031.212920 159.747764 1074.546253 257.398270 1.0
106 4 904.013734 181.536101 979.720267 253.510404 1.0
106 4 879.746875 183.407068 953.884266 245.120903 1.0
106 4 185.313548 157.529737 217.646881 232.064808 1.0
106 4 204.983963 166.517121 226.983963 228.440257 1.0
106 1 263.939792 181.552940 375.080215 218.579571 1.0
107 2 307.900566 127.494505 493.977154 258.059067 1.0
107 5 671.622397 169.451693 710.395701 232.771776 1.0
107 4 1047.332430 161.204105 1093.128362 262.975546 1.0
107 4 914.564579 182.867841 994.097735 258.147481 1.0
107 4 888.697650 185.579103 966.265019 249.942549 1.0
107 4 169.258102 156.024175 200.640273 233.255104 1.0
107 4 187.029669 165.495944 208.675454 229.619180 1.0
107 1 253.843007 180.680042 367.878562 218.546473 1.0
108 2 291.190047 125.281586 487.570631 262.155813 1.0
108 5 674.477233 167.713375 711.015759 231.890066 1.0
108 4 1062.717939 159.127297 1108.384606 265.001874 1.0
108 4 927.589003 182.894842 1011.573916 261.888985 1.0
108 4 898.152962 184.928235 979.464941 252.066808 1.0
108 4 154.710493 154.348607 183.377159 234.520829 1.0
108 4 167.557548 164.399156 187.890880 230.884757 1.0
108 1 243.260026 179.767318 360.347633 218.511767 1.0
109 2 273.261441 123.338955 481.213217 266.965340 1.0
109 5 677.458988 165.928814 711.613023 230.978682 1.0
109 4 1082.670337 156.876723 1129.885974 267.198720 1.0
109 4 941.907563 182.924523 1030.861361 266.018757 1.0
109 4 908.435532 184.220344 993.866648 254.384198 1.0
109 4 138.431108 152.540174 172.028024 235.886624 1.0
109 4 155.018404 163.218034 178.663632 232.246907 1.0
109 1 232.598914 179.767816 352.808869 219.438872 1.0
110 2 253.506282 121.195075 474.401726 272.274255 1.0
110 5 680.569541 164.096714 712.189795 230.036716 1.0
110 4 1102.270076 156.371108 1148.270078 271.511386 1.0
110 4 956.134173 182.931339 1050.347661 270.342790 1.0
110 4 919.658896 183.447592 1009.642092 256.922308 1.0
110 4 474.393956 174.389696 497.727289 234.129969 1.0
110 4 117.612348 150.523763 154.612346 237.576072 1.0
110 4 140.905347 161.942463 166.905346 233.717122 1.0
110 1 221.415620 179.768343 344.921100 220.411456 1.0
111 2 231.630420 118.816960 467.085726 278.164594 1.0
111 5 683.915452 165.493512 711.387323 232.255680 1.0
111 4 1122.215113 155.833217 1174.873470 276.232030 1.0
111 4 971.846783 182.938867 1071.966607 275.140724 1.0
111 4 932.690381 184.054945 1027.765864 261.231714 1.0
111 4 468.862588 172.357373 492.472009 234.344821 1.0
111 4 96.012689 148.456050 139.010629 238.969969 1.0
111 4 118.781031 160.560643 151.947000 235.308795 1.0
111 1 209.670775 179.768901 336.659558 221.432949 1.0
112 2 207.272950 116.164003 459.207029 284.737405 1.0
112 5 683.792568 165.575641 713.144994 233.256480 1.0
112 4 1144.130222 155.215540 1200.463557 281.376320 1.0
112 4 989.291047 182.947224 1096.088573 280.494985 1.0
112 4 947.035292 184.723609 1047.802238 265.995146 1.0
112 4 464.309089 174.717193 487.309090 238.942632 1.0
112 4 66.214427 149.121998 113.214428 243.947993 1.0
112 4 90.472662 161.374936 129.472663 239.611444 1.0
112 1 196.502636 181.467301 327.324203 224.312655 1.0
113 2 179.986171 113.185634 450.698145 292.118585 1.0
113 5 683.675905 165.660532 714.941218 234.283548 1.0
113 4 1145.677999 154.551166 1241.000000 287.053331 1.0
113 4 1008.769919 182.956553 1123.174958 286.508286 1.0
113 4 960.701503 188.065545 1067.440188 273.754007 1.0
113 4 459.860309 176.518848 484.311373 243.270144 1.0
113 4 40.165810 149.855224 86.174675 249.422882 1.0
113 4 67.912126 162.889499 110.565670 244.849717 1.0
113 1 182.616344 183.252197 317.512079 227.349748 1.0
114 2 149.207783 109.818063 441.480334 300.467033 1.0
114 5 684.583637 167.562100 715.024043 236.918356 1.0
114 4 1169.889656 154.123166 1241.000000 293.331895 1.0
114 4 1030.661409 182.967037 1153.808014 293.310288 1.0
114 4 976.779909 187.310754 1090.273541 277.702226 1.0
114 4 454.679142 178.433026 479.679142 247.949133 1.0
114 4 13.250186 150.627667 54.916854 255.630296 1.0
114 4 42.358092 164.556366 86.358093 250.612467 1.0
114 1 167.951418 185.130370 307.185785 230.557490 1.0
115 2 114.221735 105.979665 431.461174 309.986209 1.0
115 5 685.195815 166.337934 714.719074 236.566767 1.0
115 4 1196.559611 154.149475 1241.000000 296.880708 1.0
115 4 1055.443331 182.978902 1188.733117 301.067047 1.0
115 4 993.688663 186.819741 1114.773975 282.477123 1.0
115 4 446.994966 177.325939 474.026379 249.748546 1.0
115 4 0.000000 147.771965 41.061364 257.667856 1.0
115 4 3.395766 163.071639 66.009382 253.728455 1.0
115 1 152.427213 183.924478 296.284695 230.604360 1.0
116 2 74.950233 99.017486 418.301847 317.947730 1.0
116 5 685.829887 165.082865 714.402518 236.205148 1.0
116 4 1083.728610 182.992441 1228.920283 309.994757 1.0
116 4 1012.587392 186.270829 1142.327297 287.845780 1.0
116 4 438.184396 176.124019 466.184396 251.706832 1.0
116 4 0.000000 161.418643 38.614874 257.205803 1.0
116 1 135.982261 182.652232 284.782053 230.653982 1.0
117 2 29.413021 90.965371 403.920095 327.156782 1.0
117 5 686.486461 163.795773 714.074197 235.833134 1.0
117 4 1116.316641 183.008036 1241.000000 320.380214 1.0
117 4 1033.539667 185.655014 1173.212038 293.927591 1.0
117 4 429.509473 174.782723 460.159858 253.846003 1.0
117 1 118.532041 181.307999 272.626742 230.706607 1.0
118 2 0.000000 81.546033 388.139275 337.931959 1.0
118 5 687.166169 162.475482 713.733919 235.450346 1.0
118 4 1154.270048 183.394869 1241.000000 332.612197 1.0
118 4 1057.947397 184.952868 1209.199925 300.870291 1.0
118 4 417.845810 175.914245 449.845809 258.869708 1.0
118 1 99.981361 179.885487 259.761689 230.762521 1.0
119 2 0.000000 75.831606 373.871465 356.798539 1.0
119 5 688.283677 163.462149 713.290587 237.353311 1.0
119 4 404.009074 177.123819 441.346451 264.413122 1.0
119 1 81.886312 179.883002 247.658078 232.396281 1.0
120 2 0.000000 68.910060 358.040666 374.000000 1.0
120 5 686.026098 164.501617 711.316349 239.272852 1.0
120 4 388.525505 178.460592 429.525505 270.561290 1.0
120 1 62.589715 179.880384 234.817605 234.138757 1.0
121 2 0.000000 60.353645 340.375320 374.000000 1.0
121 5 685.346770 165.070667 710.950187 240.767065 1.0
121 4 375.294007 179.945740 417.491852 277.418884 1.0
121 1 41.967587 179.877622 221.171034 236.001177 1.0
122 2 0.000000 58.652880 320.901875 374.000000 1.0
122 5 684.309657 165.656284 710.225158 242.306072 1.0
122 4 359.322822 182.261608 400.322823 285.853056 1.0
122 1 19.878284 179.874701 206.640180 237.996367 1.0
123 2 0.000000 58.093498 298.947497 374.000000 1.0
123 5 681.493742 166.268950 707.715790 243.870504 1.0
123 4 344.243213 180.185032 390.398877 290.283426 1.0
123 1 0.000000 179.871606 191.136402 240.124191 1.0
124 2 0.000000 57.761936 274.006706 374.000000 1.0
124 5 679.686244 165.229024 706.971030 243.830579 1.0
124 4 326.390346 177.838731 375.057012 295.316722 1.0
124 1 0.000000 179.868318 174.558799 242.324640 1.0
125 2 0.000000 57.667126 245.426676 374.000000 1.0
125 5 678.160278 164.159592 705.934412 243.780982 1.0
125 4 304.950472 177.989958 359.911258 304.067859 1.0
125 1 0.000000 179.864816 156.792040 244.690541 1.0
126 2 0.000000 57.815693 212.349322 374.000000 1.0
126 5 676.713597 163.061203 704.763879 243.726972 1.0
126 4 280.472278 178.157489 338.138946 314.387269 1.0
126 1 0.000000 179.859252 137.703622 247.241295 1.0
127 2 0.000000 58.211732 173.623747 374.000000 1.0
127 5 676.066808 158.647461 705.110514 240.859968 1.0
127 4 251.682971 178.365743 319.138824 326.068392 1.0
127 1 0.000000 179.850526 117.140649 249.999454 1.0
128 2 0.000000 58.856641 127.669693 374.000000 1.0
128 5 674.317701 158.614147 702.347306 241.670315 1.0
128 4 217.930733 178.603198 290.264068 340.160739 1.0
128 1 0.000000 179.841049 94.925637 252.991398 1.0
129 5 671.207929 158.580688 699.517444 242.495618 1.0
129 4 181.290206 178.886436 264.062899 357.166925 1.0
129 1 0.000000 179.884425 69.597277 256.385842 1.0
130 5 668.790886 158.640983 697.745441 243.272542 1.0
130 4 134.286912 179.230109 219.953580 374.000000 1.0
130 1 0.000000 179.936652 41.995763 256.335197 1.0
131 5 666.334936 158.702468 696.521693 244.075825 1.0
131 4 77.391726 179.655872 176.835614 374.000000 1.0
132 5 663.839176 158.765174 695.277121 244.892939 1.0
132 4 9.663158 180.107305 111.663155 374.000000 1.0
133 5 663.589350 160.541734 694.695146 247.724980 1.0
134 5 663.334530 162.362323 694.099485 250.626791 1.0
135 5 663.074495 164.228568 693.489708 253.600953 1.0
136 5 662.809016 166.142174 693.300822 256.650172 1.0
137 5 661.378620 164.497062 694.675316 256.198118 1.0
138 5 659.933875 162.809370 696.514409 255.728471 1.0
139 5 658.476203 161.077745 698.382571 255.240580 1.0
140 5 656.659819 164.909924 707.286569 259.556879 1.0
141 5 662.833565 164.205766 710.473222 259.608014 1.0
142 5 669.151849 163.491675 713.673271 259.653426 1.0
143 5 671.737796 162.811594 720.486282 259.752517 1.0
144 5 674.421784 162.123781 727.369084 259.838408 1.0
145 5 677.210028 161.428355 734.320971 259.910689 1.0
146 5 682.931477 161.573250 742.586521 260.785911 1.0
147 5 688.758191 161.721809 750.961644 261.667118 1.0
148 5 694.692623 161.874047 759.448945 262.554233 1.0
149 5 700.918656 162.047696 770.509394 263.611566 1.0
150 5 707.367048 162.229015 781.719669 264.662675 1.0
151 5 714.047792 162.417804 793.081304 265.706837 1.0
152 5 725.033298 161.152147 804.975162 265.423711 1.0
153 5 736.221048 159.862412 817.097393 265.133882 1.0
154 5 747.616277 158.547952 829.455008 264.837175 1.0
155 5 759.224408 157.208095 842.055307 264.533405 1.0
156 5 772.571688 156.682607 858.633047 265.360265 1.0
157 5 786.285257 156.146131 875.664978 266.197415 1.0
158 5 800.377334 155.598335 893.172855 267.045152 1.0
159 5 814.860702 155.038866 911.179788 267.903807 1.0
160 5 833.415307 156.830922 931.046605 271.614776 1.0
161 5 852.577551 158.684868 951.579875 275.453274 1.0
162 5 872.377434 160.603922 972.814028 279.425953 1.0
163 5 894.939618 160.145673 996.093641 280.856665 1.0
164 5 918.193534 159.672658 1020.080711 282.333489 1.0
165 5 942.171415 159.184150 1044.808047 283.858692 1.0
165 4 861.891774 183.363308 892.820753 231.189523 1.0
166 5 966.907539 158.679377 1070.310530 285.434693 1.0
166 4 866.773933 179.597968 898.185443 228.097826 1.0
167 5 992.438362 158.157515 1096.625243 287.064072 1.0
167 4 870.557050 178.054709 902.559127 227.448264 1.0
168 5 1018.802747 157.617680 1123.791708 288.749591 1.0
168 4 875.201671 181.057971 907.771492 231.414462 1.0
169 5 1043.840068 157.589927 1155.503028 290.576645 1.0
169 4 879.548980 182.258946 912.739037 233.621791 1.0
170 5 1069.632515 157.564676 1188.401846 292.431644 1.0
170 4 884.064370 183.506345 917.898744 235.916524 1.0
171 5 1096.211230 157.541741 1222.560631 294.315685 1.0
171 4 886.856139 182.924970 921.296081 236.278963 1.0
172 5 1123.609633 157.520917 1241.000000 296.230033 1.0
172 4 889.749355 182.322474 924.816937 236.654903 1.0
173 5 1151.863617 157.501970 1241.000000 298.176138 1.0
173 4 890.362501 181.932659 925.906819 237.011547 1.0
174 5 1181.011863 157.461847 1241.000000 300.155657 1.0
174 4 889.155228 178.924696 925.341248 234.945639 1.0
175 4 888.926446 180.054064 925.569121 236.830173 1.0
176 4 887.301652 183.730561 924.520637 241.382086 1.0
177 4 885.634161 187.507413 923.442862 246.060119 1.0
178 4 881.579420 187.474482 919.937721 246.769112 1.0
179 4 877.425281 187.440724 916.343067 247.496260 1.0
180 4 873.168021 187.406107 912.655450 248.242269 1.0
181 4 868.803726 187.370598 908.871243 249.007884 1.0
182 4 863.285718 187.841362 903.649791 250.260223 1.0
183 4 857.715881 187.586727 898.450246 250.889166 1.0
184 4 853.396144 187.763820 894.484689 251.942781 1.0
185 4 854.058961 187.312053 895.445420 252.268415 1.0
186 4 856.867979 186.922535 898.678189 252.885348 1.0
187 4 863.326012 190.117639 905.808299 257.684971 1.0
188 4 870.837724 192.942750 914.036617 261.883458 1.0
189 4 879.631398 192.360097 923.716416 262.749178 1.0
190 4 888.800499 191.753350 933.808743 263.653028 1.0
191 4 901.851073 191.877158 947.660294 265.146956 1.0
192 4 916.976340 192.076448 963.776759 267.046434 1.0
193 4 934.367952 192.596959 982.518094 269.897802 1.0
194 4 951.815167 193.634417 1001.385540 272.990629 1.0
195 4 970.134780 194.722522 1021.216997 276.245306 1.0
196 4 989.997619 195.658324 1043.098552 280.122845 1.0
197 4 1011.238811 196.657299 1066.526903 284.282380 1.0
198 4 1034.006698 197.726074 1091.672360 288.755827 1.0
199 4 1058.982333 197.437779 1119.108278 291.802904 1.0
199 4 1007.180804 192.251747 1063.626796 275.960552 1.0
200 4 1085.766884 197.129286 1148.577408 295.082584 1.0
200 4 1031.203403 192.781270 1090.636142 279.793961 1.0
201 4 1115.169886 199.560939 1180.779797 301.406231 1.0
201 4 1057.037307 193.349750 1119.736459 283.931706 1.0
201 4 931.089766 199.430005 998.366996 292.929195 1.0
202 4 1145.930907 200.661287 1214.825106 306.929250 1.0
202 4 1083.653471 195.434865 1149.900889 289.951866 1.0
202 4 955.093370 201.671592 1026.684020 299.586548 1.0
203 4 1179.249215 201.850239 1241.000000 312.589740 1.0
203 4 1112.378336 197.680359 1182.536674 296.478743 1.0
203 4 976.728696 203.756873 1052.031093 305.277743 1.0
204 4 1215.457114 203.138952 1241.000000 315.006758 1.0
204 4 1141.935072 198.644668 1214.670052 302.091729 1.0
204 4 1002.318271 206.187666 1082.398667 312.250491 1.0
205 4 1174.188069 199.691398 1241.000000 307.910226 1.0
205 4 1030.065531 208.827358 1115.557030 319.851456 1.0
206 4 1208.332751 202.868523 1241.000000 313.241432 1.0
206 4 1060.254952 211.704109 1151.909954 328.169527 1.0
207 4 738.981476 173.381421 782.191088 245.326439 1.0
208 4 752.240832 174.584723 775.240833 248.267821 1.0
209 4 759.467879 175.847498 787.252188 251.354712 1.0
210 4 766.528069 177.159147 798.528068 254.598183 1.0
210 4 729.343268 184.751470 749.343267 240.467536 1.0
211 4 773.909494 178.515421 803.992360 258.010454 1.0
211 4 730.625055 184.032811 752.566438 241.351615 1.0
212 4 781.037498 179.942179 808.370833 261.605056 1.0
212 4 731.726165 183.272191 755.059498 242.288689 1.0
213 4 784.324127 177.093340 816.729938 261.202726 1.0
213 4 731.575469 182.465825 757.914612 243.283672 1.0
213 4 1112.911400 220.538125 1241.000000 350.736126 1.0
214 4 787.472831 173.990373 824.139499 260.774607 1.0
214 4 731.406102 181.609458 760.072769 244.342101 1.0
214 4 1143.626307 215.657083 1241.000000 354.439167 1.0
215 4 790.133987 170.665419 829.296139 260.318139 1.0
215 4 733.593944 180.698291 763.869655 245.470247 1.0
215 4 1179.147977 214.102892 1241.000000 358.619847 1.0
216 4 792.771078 167.113105 833.271079 259.830410 1.0
216 4 734.269713 179.507740 765.269713 246.819430 1.0
216 4 1219.789230 212.588256 1241.000000 353.755244 1.0
217 4 800.178901 163.309286 842.278085 259.308095 1.0
217 4 737.148821 178.221661 768.899316 248.280392 1.0
218 4 805.261052 161.756035 847.594385 261.605471 1.0
218 4 740.085825 176.790909 771.419158 249.867624 1.0
219 4 810.198368 160.073089 855.050158 264.094967 1.0
219 4 742.200084 175.222133 776.008744 251.598238 1.0
220 4 814.899040 158.243494 860.565706 266.801732 1.0
220 4 744.196491 173.505093 779.196491 253.492581 1.0
221 4 817.085847 160.238910 869.938048 273.853968 1.0
221 4 748.060058 175.459774 784.365078 259.362232 1.0
222 4 818.688854 162.428840 876.688856 281.594845 1.0
222 4 751.687002 177.615261 787.687001 265.835645 1.0
223 4 829.262557 161.013173 888.075719 286.063490 1.0
223 4 758.357273 178.827981 795.267485 271.920574 1.0
224 4 843.472176 159.985503 900.805511 291.820208 1.0
224 4 764.747875 180.157472 800.747876 278.711709 1.0
225 4 853.522610 158.840685 916.458926 298.235333 1.0
225 4 767.986119 178.598844 813.996456 283.194836 1.0
226 4 863.632821 157.557449 929.299487 305.428694 1.0
226 4 771.060636 176.784915 825.060638 288.271189 1.0
227 4 879.696238 157.049820 955.079202 314.698285 1.0
227 4 782.054823 176.774721 840.417279 296.326833 1.0
228 4 895.975939 156.470531 976.309273 325.280380 1.0
228 4 794.419311 179.279479 853.419312 308.255520 1.0
229 4 912.603651 155.803249 1001.684350 337.474970 1.0
229 4 808.439996 182.110091 875.788697 322.208196 1.0
230 4 929.423818 155.026263 1020.423816 351.680999 1.0
230 4 821.080500 182.280967 891.413834 335.220468 1.0
231 4 949.218444 154.110085 1064.489192 368.440856 1.0
231 4 837.224831 182.483847 919.208720 350.856188 1.0
232 4 969.619296 151.796139 1098.952633 374.000000 1.0
232 4 853.659169 183.077071 939.659170 370.376757 1.0
232 4 579.346309 173.128882 597.346309 223.305676 1.0
233 4 1005.429368 148.976310 1159.136501 374.000000 1.0
233 4 881.122808 184.853065 977.933002 374.000000 1.0
233 4 593.314884 177.823164 613.027014 221.578852 1.0
233 4 574.962074 172.701396 593.427274 224.291475 1.0
234 4 1042.792958 145.464312 1203.126297 374.000000 1.0
234 4 911.132948 187.097225 1005.466279 374.000000 1.0
234 4 590.828460 178.771595 606.161793 223.195748 1.0
234 4 569.319850 173.892160 587.653184 226.979575 1.0
234 4 737.398167 168.082029 752.398167 213.718616 1.0
234 4 759.153798 169.562445 773.820465 213.092747 1.0
235 4 1067.886324 142.255512 1241.000000 374.000000 1.0
235 4 934.667428 190.022772 1095.739910 374.000000 1.0
235 4 586.652530 179.748889 602.961540 224.862638 1.0
235 4 563.068107 175.154027 583.900635 229.828291 1.0
235 4 736.860015 169.499193 753.237581 216.067330 1.0
235 4 756.903758 170.259850 773.425162 214.693143 1.0
236 4 1121.720085 139.174833 1241.000000 374.000000 1.0
236 4 981.663789 189.236301 1185.570592 374.000000 1.0
236 4 582.331324 179.247303 599.331324 225.116426 1.0
236 4 556.427377 175.268478 579.094044 231.625634 1.0
236 4 735.792313 169.508953 753.125647 217.056117 1.0
236 4 754.274445 170.986620 772.274445 216.361466 1.0
237 4 1191.254374 135.401809 1241.000000 374.000000 1.0
237 4 1047.809530 188.107114 1241.000000 374.000000 1.0
237 4 577.575105 178.728472 595.922710 225.378828 1.0
237 4 549.582773 173.969112 573.365251 232.113542 1.0
237 4 735.328686 169.519142 752.234182 218.087404 1.0
237 4 753.175249 169.636720 771.054248 215.955480 1.0
237 4 1057.328259 159.928567 1123.753425 265.701954 1.0
237 4 1032.317530 166.592467 1087.864198 258.783791 1.0
238 4 1147.803292 187.323713 1241.000000 374.000000 1.0
238 4 570.679609 177.546119 590.346276 224.982770 1.0
238 4 542.185016 172.584649 566.185016 232.633428 1.0
238 4 733.309548 167.969074 749.309548 217.593696 1.0
238 4 751.900499 168.229912 769.233832 215.532167 1.0
238 4 1076.738437 157.985396 1118.405104 268.300437 1.0
238 4 1061.514152 165.085153 1094.847485 261.208751 1.0
239 4 564.403874 177.449721 583.250053 225.748999 1.0
239 4 533.735717 171.955152 557.767765 234.038189 1.0
239 4 730.305667 166.350488 747.675220 217.077982 1.0
239 4 749.194206 166.762525 766.736623 215.090397 1.0
239 4 1091.659845 155.868314 1139.578900 271.132401 1.0
239 4 1071.990529 163.443840 1107.129354 263.849934 1.0
240 4 557.664574 177.349820 575.331241 226.543565 1.0
240 4 524.671153 171.910519 547.671152 236.315395 1.0
240 4 726.674359 165.573418 745.007692 217.589602 1.0
240 4 745.584336 166.701180 762.917670 216.163473 1.0
240 4 1106.835826 153.552880 1158.502494 274.230794 1.0
240 4 1082.277525 161.649830 1117.277527 266.737607 1.0
241 4 550.275288 177.784877 567.604655 227.935464 1.0
241 4 513.751458 171.862649 538.280559 238.769470 1.0
241 4 723.901606 164.756067 741.833363 218.127896 1.0
241 4 741.676348 166.636927 760.730333 217.288227 1.0
241 4 1123.630612 153.382443 1180.282725 280.303927 1.0
241 4 1096.200581 161.993637 1135.817389 272.157217 1.0
242 4 542.390701 178.237563 558.724034 229.382186 1.0
242 4 502.561826 171.169420 527.895159 240.773650 1.0
242 4 721.528547 165.119270 738.528547 219.808281 1.0
242 4 738.214974 166.552599 758.548307 218.489914 1.0
242 4 1140.958012 153.193488 1198.958011 287.039994 1.0
242 4 1110.354053 162.372230 1152.354052 278.127074 1.0
243 4 534.210017 177.022423 552.011254 229.173378 1.0
243 4 492.381569 170.419456 518.998630 242.946135 1.0
243 4 718.663054 165.500771 736.578917 221.573839 1.0
243 4 735.810408 166.463931 757.594844 219.754318 1.0
243 4 1153.480025 153.060829 1241.000000 294.553809 1.0
243 4 1130.342448 162.791172 1178.343236 284.735459 1.0
244 4 526.453675 177.110931 545.120341 230.408783 1.0
244 4 481.919707 170.645795 508.919706 246.345612 1.0
244 4 714.964225 165.631593 733.297558 223.160395 1.0
244 4 733.160511 166.370578 755.827178 221.086481 1.0
244 4 1176.316895 153.125452 1241.000000 302.988321 1.0
244 4 1151.508553 163.257274 1202.508552 292.090604 1.0
245 4 518.085551 177.203413 538.766074 231.698913 1.0
245 4 469.654129 170.892494 498.196233 250.056146 1.0
245 4 712.480992 165.769369 730.244651 224.831633 1.0
245 4 731.024905 166.169434 753.536596 222.416007 1.0
245 4 1201.839497 154.027195 1241.000000 306.733717 1.0
245 4 1167.107517 163.313352 1241.000000 299.764663 1.0
246 4 508.696795 177.304891 531.363462 232.972511 1.0
246 4 456.189124 171.213381 485.189125 254.248653 1.0
246 4 711.538626 165.248976 728.205293 226.161093 1.0
246 4 728.696541 165.956830 750.363208 223.822197 1.0
246 4 1232.084510 158.497154 1241.000000 313.464452 1.0
246 4 1193.076229 163.536506 1241.000000 307.825934 1.0
247 4 502.199052 177.386519 527.394169 234.353678 1.0
247 4 441.557163 169.867004 475.890636 257.160788 1.0
247 4 708.952089 164.695156 728.763025 227.576627 1.0
247 4 726.058196 165.731759 748.900763 225.311879 1.0
247 4 1222.325531 164.310394 1241.000000 310.418644 1.0
248 4 492.476571 177.474940 520.143237 235.776613 1.0
248 4 424.898426 168.375878 462.565093 260.388593 1.0
248 4 464.961143 172.134364 491.961143 246.424004 1.0
248 4 706.636280 164.596396 728.969613 229.494802 1.0
248 4 722.869508 165.493088 746.202840 226.892716 1.0
249 4 488.688891 177.122573 512.442264 236.690910 1.0
249 4 409.619363 167.477009 448.559846 264.736946 1.0
249 4 457.018151 171.694484 484.991794 249.458586 1.0
249 4 704.689604 164.491163 727.294865 231.540264 1.0
249 4 722.282605 165.858775 745.877538 229.227472 1.0
250 4 480.134767 177.910522 503.134767 239.122760 1.0
250 4 393.584968 167.483217 430.918301 270.604543 1.0
250 4 447.747626 171.212034 475.747626 252.791548 1.0
250 4 702.547567 164.378798 724.547567 233.726118 1.0
250 4 721.284162 166.248499 744.284162 231.717035 1.0
251 4 471.384825 178.739861 496.677279 241.639876 1.0
251 4 375.833120 167.489638 417.065592 277.208182 1.0
251 4 437.555339 172.079997 468.429491 257.813787 1.0
251 4 704.187393 164.935771 726.940749 236.638540 1.0
251 4 721.690061 166.664709 743.970003 234.377328 1.0
252 4 462.826100 179.610213 486.826102 244.179386 1.0
252 4 356.028294 167.503156 398.028295 284.688969 1.0
252 4 428.464632 172.716882 461.131298 262.972439 1.0
252 4 706.581683 165.528817 729.248350 239.749591 1.0
252 4 724.455226 167.429117 745.121893 237.632679 1.0
253 4 453.606607 180.523901 482.895266 246.810955 1.0
253 4 335.061567 167.518627 385.569143 293.262357 1.0
253 4 423.662942 173.425365 456.027208 268.698468 1.0
253 4 708.911060 166.164823 734.390797 243.087064 1.0
253 4 728.572078 168.251495 755.022230 241.136451 1.0
254 4 448.097316 180.620245 480.763983 248.660905 1.0
254 4 312.604708 167.684411 367.604707 303.540760 1.0
254 4 417.662686 174.218093 449.662686 275.090798 1.0
254 4 710.905121 166.848631 738.238455 246.676612 1.0
254 4 732.361521 169.138697 763.694855 244.918208 1.0
255 4 443.730653 180.721657 476.482694 250.611221 1.0
255 4 287.230672 167.878807 354.807440 315.616586 1.0
255 4 403.790667 174.002892 439.202223 281.310990 1.0
255 4 336.854484 173.400057 379.896059 280.990246 1.0
255 4 719.528751 166.478914 749.891358 249.834364 1.0
255 4 739.985215 168.616824 772.292904 247.711078 1.0
256 4 438.980513 180.828547 470.980513 252.670298 1.0
256 4 258.543470 168.103831 332.543469 329.904897 1.0
256 4 387.157247 173.758550 423.823914 288.375206 1.0
256 4 332.953037 172.863989 367.286369 286.209589 1.0
256 4 728.292929 166.075370 759.959597 253.284394 1.0
256 4 747.631363 168.047411 779.298029 250.759662 1.0
257 4 439.759170 180.941371 471.524806 254.847495 1.0
257 4 230.595576 168.375442 311.876430 347.198853 1.0
257 4 371.784453 173.478673 415.486411 296.467755 1.0
257 4 323.512472 172.268808 357.584848 292.018151 1.0
257 4 732.943182 165.633131 766.687784 257.069250 1.0
257 4 757.605161 167.913921 791.880548 254.573167 1.0
257 4 394.541139 177.916817 433.316188 265.925512 1.0
258 4 440.139590 181.060639 470.806255 257.153277 1.0
258 4 193.638044 166.318114 272.304708 366.054611 1.0
258 4 355.049285 172.597054 401.049286 305.144454 1.0
258 4 312.282970 171.604157 344.282971 298.521670 1.0
258 4 737.349787 165.146346 771.016454 261.240157 1.0
258 4 767.669102 167.767125 802.669101 258.768940 1.0
258 4 396.206267 176.803484 425.539600 269.777789 1.0
259 4 433.119036 180.234295 464.250182 258.922633 1.0
259 4 154.076361 163.725632 248.156583 374.000000 1.0
259 4 341.698578 171.566150 395.220145 315.277650 1.0
259 4 300.143930 170.857108 336.641279 305.852797 1.0
259 4 749.820472 162.524720 785.626150 263.580661 1.0
259 4 780.462349 165.365131 820.360319 261.113343 1.0
259 4 390.668238 175.561965 426.094091 274.089282 1.0
260 4 425.355621 179.349466 456.355622 260.813340 1.0
260 4 92.844612 160.357971 188.844614 374.000000 1.0
260 4 323.268152 170.344511 377.934819 327.267832 1.0
260 4 285.352484 170.011310 324.352486 314.180236 1.0
260 4 762.738387 159.620301 798.071720 266.176890 1.0
260 4 793.377398 162.699597 835.710730 263.716571 1.0
260 4 383.982421 174.168814 424.649086 278.947418 1.0
261 4 421.583839 178.399686 453.355924 262.838431 1.0
261 4 0.000000 155.806334 162.355237 374.000000 1.0
261 4 305.026953 168.873779 370.290443 341.677138 1.0
261 4 268.743084 169.014025 313.824280 323.662839 1.0
261 4 775.484231 155.435938 818.859761 268.484994 1.0
261 4 811.976576 158.183798 856.964203 265.317715 1.0
261 4 376.765181 172.594495 422.992580 284.463320 1.0
262 4 417.304478 177.377510 449.304478 265.012886 1.0
262 4 278.789201 167.555658 346.122531 359.585479 1.0
262 4 247.302976 167.859945 294.636308 334.630785 1.0
262 4 788.395676 155.040973 837.062341 275.467696 1.0
262 4 831.871836 158.007876 876.205168 272.150103 1.0
262 4 365.437087 173.226004 414.437088 293.342780 1.0
263 4 412.160818 177.934277 448.500905 268.642772 1.0
263 4 247.239574 165.909536 328.585814 374.000000 1.0
263 4 218.849016 166.508932 277.508981 347.462750 1.0
263 4 812.200091 154.067934 865.985555 284.340093 1.0
263 4 856.876515 157.807426 907.605018 279.938100 1.0
263 4 356.423086 172.368102 410.952703 301.925801 1.0
264 4 406.759351 178.532134 447.092686 272.527365 1.0
264 4 198.267425 163.795575 282.267422 374.000000 1.0
264 4 195.508461 164.905866 254.749533 362.678094 1.0
264 4 835.150201 153.319100 888.816868 292.562473 1.0
264 4 883.055414 157.576930 936.055412 288.897260 1.0
264 4 345.594034 171.367099 402.927369 311.975810 1.0
265 4 402.937843 178.191718 443.756487 275.940403 1.0
265 4 90.811597 163.112873 268.816309 374.000000 1.0
265 4 148.885154 162.972947 220.793874 374.000000 1.0
265 4 858.983462 150.362822 916.308464 300.485454 1.0
265 4 908.382234 157.309080 974.338449 299.313240 1.0
265 4 329.947844 170.685529 395.362312 324.894549 1.0
266 4 398.774781 177.823166 440.108115 279.622703 1.0
266 4 0.000000 160.312737 218.009961 374.000000 1.0
266 4 89.900139 160.596676 166.400141 374.000000 1.0
266 4 883.893597 146.906236 939.226930 309.752612 1.0
266 4 934.197838 153.083395 1007.197837 307.630966 1.0
266 4 307.016736 169.861303 377.683400 340.577626 1.0
267 4 389.733947 177.422748 433.533607 283.607552 1.0
267 4 0.000000 156.155811 148.728150 374.000000 1.0
267 4 26.809516 158.590388 162.129368 374.000000 1.0
267 4 911.416728 142.683862 984.230434 321.307451 1.0
267 4 973.595924 148.034132 1065.041263 317.580870 1.0
267 4 280.254351 168.844332 363.841016 360.018625 1.0
268 4 380.122535 175.086215 426.789200 286.003269 1.0
268 4 0.000000 155.931084 102.404670 374.000000 1.0
268 4 940.278581 137.557564 1023.278584 335.344006 1.0
268 4 1011.937561 145.100847 1111.937560 332.395349 1.0
268 4 243.395907 167.557970 330.729241 374.000000 1.0
269 4 374.451928 175.176734 420.599900 291.356357 1.0
269 4 984.564054 133.520787 1075.650131 354.801746 1.0
269 4 1065.946735 141.486950 1183.391561 350.679270 1.0
269 4 197.971203 165.878724 317.090147 374.000000 1.0
270 4 363.907786 175.278200 410.574452 297.220310 1.0
270 4 1032.056747 128.389713 1118.056742 374.000000 1.0
270 4 1102.554917 137.211827 1220.888246 373.813050 1.0
270 4 122.759841 163.907473 252.426507 374.000000 1.0
271 4 349.681204 175.392379 405.913202 303.672038 1.0
271 4 1060.721897 121.831557 1241.000000 374.000000 1.0
271 4 1157.577124 134.431581 1241.000000 374.000000 1.0
271 4 6.772716 161.041474 229.278284 374.000000 1.0
272 4 336.116743 176.697341 396.116745 312.127481 1.0
272 4 1129.678877 116.264408 1241.000000 374.000000 1.0
272 4 445.554027 177.683060 462.554027 234.726937 1.0
272 4 0.000000 163.993111 160.436993 374.000000 1.0
273 4 330.071296 178.147382 389.657011 321.573310 1.0
273 4 1221.970114 118.471846 1241.000000 374.000000 1.0
273 4 443.436050 179.264018 462.412332 238.115249 1.0
274 4 321.762562 179.767932 378.095896 332.194087 1.0
274 4 440.955962 180.896949 461.289295 241.737049 1.0
274 4 420.588235 176.252223 443.588234 240.655111 1.0
275 4 302.108045 183.501530 366.291365 347.739400 1.0
275 4 440.165794 182.631405 461.890964 245.618729 1.0
275 4 419.204077 177.965411 443.440111 244.590037 1.0
276 4 277.883745 181.430602 346.217080 356.743645 1.0
276 4 438.265842 181.060652 460.599176 246.209406 1.0
276 4 416.830015 177.072621 441.496681 246.141778 1.0
277 4 253.304637 179.005499 340.530013 367.058584 1.0
277 4 435.147439 179.379421 460.444087 246.843195 1.0
277 4 414.085174 174.391433 438.393078 246.056690 1.0
277 4 632.939325 175.416765 659.336282 234.322769 1.0
278 4 213.154404 174.274914 313.821073 374.000000 1.0
278 4 431.445682 177.509931 458.779016 247.524999 1.0
278 4 410.677575 171.500810 433.677575 245.964949 1.0
278 4 643.798980 172.216883 662.465646 232.749027 1.0
279 4 183.096000 175.354807 298.979603 374.000000 1.0
279 4 429.100441 176.645567 455.749703 249.567087 1.0
279 4 407.242768 170.889923 432.391155 248.397301 1.0
279 4 648.320037 170.837142 667.935347 233.392374 1.0
280 4 145.628696 175.540793 255.962029 374.000000 1.0
280 4 427.466985 176.529928 452.133652 252.649016 1.0
280 4 400.854744 170.424823 427.188077 251.233631 1.0
280 4 654.104558 171.475795 674.104558 236.288601 1.0
281 4 58.950604 175.777649 239.585054 374.000000 1.0
281 4 422.662393 178.239344 449.729838 258.032802 1.0
281 4 396.030443 171.943846 424.314263 256.326237 1.0
281 4 660.455644 172.816003 681.166760 239.954398 1.0
282 4 0.000000 176.088065 202.658843 374.000000 1.0
282 4 416.803185 180.086306 445.136518 263.962272 1.0
282 4 390.157909 173.603179 419.157909 261.889845 1.0
282 4 666.628916 174.265892 687.628916 243.908751 1.0
282 4 1145.135663 172.019062 1207.135663 301.603494 1.0
283 4 0.000000 176.510561 155.511948 374.000000 1.0
283 4 412.475242 179.090312 442.359333 267.251221 1.0
283 4 383.465433 172.393160 415.605119 265.267972 1.0
283 4 672.144016 173.189249 695.751769 245.665984 1.0
283 4 1173.302173 170.903922 1241.000000 311.516487 1.0
284 4 406.973958 177.946797 436.973958 270.897517 1.0
284 4 375.074043 171.050618 408.740709 269.016600 1.0
284 4 677.879977 172.021516 703.546643 247.570979 1.0
285 4 400.652060 176.672048 433.181435 274.962749 1.0
285 4 366.619170 169.552523 402.836885 273.200216 1.0
285 4 684.215450 171.827871 709.458248 250.784000 1.0
285 5 477.065266 175.279951 504.558451 225.385378 1.0
286 4 389.130552 177.487940 422.463886 282.194426 1.0
286 4 355.422345 168.401082 392.089011 278.582531 1.0
286 4 691.063060 171.616055 715.063060 254.299766 1.0
286 5 474.471452 176.284042 503.120834 228.330416 1.0
287 4 376.916656 178.417589 414.672894 290.435661 1.0
287 4 340.363117 168.277944 382.214589 285.826287 1.0
287 4 698.118153 170.865748 724.772019 257.732797 1.0
287 5 471.668793 177.368979 501.577062 231.512769 1.0
288 4 361.404719 177.775109 401.071384 298.148500 1.0
288 4 320.942129 166.852910 365.275462 293.086072 1.0
288 4 705.340420 170.035649 733.340420 261.531178 1.0
288 5 467.926538 176.073996 499.269529 232.487481 1.0
289 4 346.278591 177.029239 392.309715 307.104845 1.0
289 4 302.875059 165.200881 352.024019 301.504563 1.0
289 4 712.819147 169.112320 743.482482 265.756513 1.0
289 5 463.856989 174.665754 496.778251 233.547514 1.0
289 4 542.792472 179.545390 563.195064 214.674464 1.0
289 4 530.830320 177.175968 551.094466 214.243064 1.0
290 4 326.764113 176.152839 375.430780 317.631789 1.0
290 4 279.705458 163.166821 329.705458 311.072285 1.0
290 4 720.371725 168.079129 752.038391 270.485082 1.0
290 5 459.415246 173.128716 494.080370 234.704583 1.0
290 5 497.678613 169.930309 520.285392 218.246770 1.0
290 4 547.166233 178.529258 561.166233 214.346065 1.0
290 4 533.696433 175.994842 549.363101 213.767146 1.0
291 4 302.188348 175.108359 362.298739 330.182172 1.0
291 4 256.104584 160.755009 310.930033 322.421026 1.0
291 4 730.029711 166.915235 763.732190 275.812486 1.0
291 5 454.967836 172.331034 491.529035 236.861144 1.0
291 5 496.797508 168.266034 519.415891 218.802242 1.0
291 4 546.865900 177.337775 561.487597 213.823487 1.0
291 4 535.499056 174.767502 550.136118 213.272462 1.0
292 4 269.969914 173.842319 335.969912 345.401429 1.0
292 4 225.463639 159.621854 279.796970 337.703048 1.0
292 4 740.095768 165.594174 773.762436 281.860180 1.0
292 5 450.072519 171.453016 488.746879 239.235111 1.0
292 5 495.625668 168.175702 518.267857 221.147819 1.0
292 4 546.260098 177.208211 561.260098 214.341971 1.0
292 4 536.583876 174.593329 549.917209 213.816324 1.0
293 4 237.231591 173.696104 312.331432 365.328006 1.0
293 4 189.459759 158.233261 256.192296 356.439879 1.0
293 4 752.950897 164.081816 791.187253 288.784847 1.0
293 5 444.658043 170.481882 485.701096 241.861103 1.0
293 5 494.340910 168.076597 517.007809 223.730784 1.0
293 4 546.728664 177.073995 560.518160 214.879231 1.0
293 4 535.684302 174.412575 549.627386 214.380885 1.0
294 4 191.448675 173.511261 266.115344 374.000000 1.0
294 4 138.190959 156.787248 210.190960 374.000000 1.0
294 4 766.213811 162.333382 806.547143 296.792166 1.0
294 5 438.262173 169.822089 481.618040 245.109688 1.0
294 5 492.924903 167.967339 515.619553 226.589067 1.0
294 4 548.143611 176.953585 560.476944 215.549554 1.0
294 4 535.062953 174.228722 549.396286 215.014810 1.0
295 4 109.496203 173.270152 250.084723 374.000000 1.0
295 4 46.156914 154.915042 182.007755 374.000000 1.0
295 4 782.335170 161.266829 828.544119 307.182934 1.0
295 5 431.126365 169.086179 477.118598 248.734757 1.0
295 5 491.345432 166.746670 514.074262 228.664251 1.0
295 4 548.209705 176.828074 562.667439 216.248545 1.0
295 4 534.279173 174.037237 549.911202 215.675256 1.0
296 4 23.866498 172.942476 197.201088 374.000000 1.0
296 4 0.000000 152.395652 121.402582 374.000000 1.0
296 4 799.692002 160.002216 849.025335 319.508394 1.0
296 5 423.114236 168.260173 472.135725 252.805786 1.0
296 5 489.583347 165.382642 512.356496 230.986510 1.0
296 4 547.175054 175.613615 563.508388 215.850777 1.0
296 4 532.983602 172.943853 549.650269 215.427340 1.0
297 4 0.000000 172.471409 125.151304 374.000000 1.0
297 4 822.065251 158.478706 875.342581 334.364336 1.0
297 5 414.053691 167.326449 466.587167 257.410463 1.0
297 5 483.928998 165.066814 509.935151 234.675965 1.0
297 4 547.535055 174.347336 564.197493 215.435864 1.0
297 4 532.408061 171.804910 548.891081 215.169003 1.0
298 4 846.387011 156.545467 899.720347 353.350200 1.0
298 5 402.841530 167.450150 459.612242 263.854051 1.0
298 5 477.549689 164.710189 507.222106 238.842324 1.0
298 4 546.603040 175.258959 563.269707 217.276502 1.0
298 4 530.925900 172.469183 546.925899 216.908461 1.0
299 4 875.765452 154.611971 940.353657 374.000000 1.0
299 5 389.940146 167.592451 451.743978 271.270217 1.0
299 5 470.295845 164.304244 504.161889 243.584396 1.0
299 4 545.922248 176.211725 562.765270 219.201160 1.0
299 4 529.626572 173.166648 546.973918 218.735705 1.0
300 4 910.730997 152.116992 981.397665 374.000000 1.0
300 5 374.936543 167.757877 442.799109 279.897127 1.0
300 5 461.973554 163.837900 500.684129 249.030315 1.0
300 4 544.248803 176.985641 560.915470 221.007745 1.0
300 4 527.522058 173.489255 545.855391 220.122239 1.0
301 4 945.334188 148.774370 1049.162930 374.000000 1.0
301 5 357.271150 167.952550 432.540555 290.057620 1.0
301 5 452.326822 163.296497 496.698204 255.349288 1.0
301 4 541.302739 177.796749 559.826932 222.902343 1.0
301 4 525.750656 173.827120 543.576954 221.574701 1.0
302 4 1011.979604 144.063699 1135.761301 374.000000 1.0
302 5 336.166480 168.184965 420.656120 302.200503 1.0
302 5 441.807659 162.204062 489.380506 262.156693 1.0
302 4 538.593889 177.700441 558.593889 223.901639 1.0
302 4 523.633180 174.181350 540.633181 223.097907 1.0
303 4 1104.145805 137.830096 1241.000000 374.000000 1.0
303 5 310.509564 168.467258 406.726149 316.968657 1.0
303 5 429.320605 160.909195 480.876964 270.243082 1.0
303 4 537.317677 177.599401 554.888193 224.950751 1.0
303 4 522.109152 173.783560 539.098420 223.936159 1.0
303 4 618.694521 169.448907 634.709557 207.297817 1.0
303 4 630.660773 170.623000 647.627302 208.853833 1.0
304 4 1230.058561 138.369416 1241.000000 374.000000 1.0
304 5 278.260813 166.154393 390.362223 332.131166 1.0
304 5 414.863470 159.410336 471.209561 279.603239 1.0
304 4 535.869569 177.493269 550.536235 226.053501 1.0
304 4 520.274732 173.365241 536.941400 224.817952 1.0
304 4 632.168597 169.022814 638.835264 207.681268 1.0
304 4 637.714884 170.419747 650.714884 209.519683 1.0
305 5 237.425751 163.228031 370.690558 351.341697 1.0
305 5 397.226021 157.586046 459.758333 291.030263 1.0
305 4 534.624037 177.381653 550.973283 227.214109 1.0
305 4 516.476160 172.924761 535.135917 225.746771 1.0
305 4 629.737146 168.578117 640.815180 208.081508 1.0
305 4 641.110443 170.207060 654.278397 210.216530 1.0
306 5 184.048571 159.406751 346.595480 374.000000 1.0
306 5 375.226398 155.317354 445.981138 305.293672 1.0
306 4 533.033167 176.664441 550.699834 227.839357 1.0
306 4 512.432316 172.460311 532.765649 226.726482 1.0
306 4 626.884335 168.113569 642.217669 208.499664 1.0
306 4 644.504189 169.984269 657.504189 210.946591 1.0
307 5 110.676505 158.151748 315.972261 374.000000 1.0
307 5 347.014573 152.419252 429.091225 323.599113 1.0
307 4 531.906948 175.907054 551.670951 228.498365 1.0
307 4 509.720184 172.398201 530.861203 228.193900 1.0
307 4 629.372288 167.627811 644.394809 208.936966 1.0
307 4 648.694502 169.750634 662.205450 211.712296 1.0
308 5 4.754796 156.343464 276.459549 374.000000 1.0
308 5 313.485173 149.217512 410.695049 347.851744 1.0
308 4 530.618262 175.106024 552.284930 229.193986 1.0
308 4 506.820018 172.332557 528.486684 229.745966 1.0
308 4 631.687105 167.119356 646.020438 209.394762 1.0
308 4 653.013992 169.505344 666.680659 212.516324 1.0
309 5 0.000000 154.303144 223.386719 374.000000 1.0
309 5 267.161925 144.824525 387.088800 374.000000 1.0
309 4 526.090824 176.507605 548.027992 232.226611 1.0
309 4 504.259439 173.391900 526.235842 232.492901 1.0
309 4 634.164075 168.280260 649.724873 211.793883 1.0
309 4 655.748133 169.238428 669.445362 213.403636 1.0
310 5 0.000000 158.337368 148.650814 374.000000 1.0
310 5 198.987354 138.423090 355.697830 374.000000 1.0
310 4 521.167097 177.996280 543.167096 235.443404 1.0
310 4 501.444486 174.514776 523.444487 235.404080 1.0
310 4 879.708842 168.234946 920.708842 251.782755 1.0
310 4 636.705367 169.510690 653.038700 214.337151 1.0
310 4 658.238589 168.956830 671.571922 214.339918 1.0
311 5 93.835834 127.107770 313.246529 374.000000 1.0
311 4 517.860741 177.750635 539.782093 236.983376 1.0
311 4 498.574386 175.707060 521.221287 238.494661 1.0
311 4 894.895869 166.850800 941.937514 254.815447 1.0
311 4 640.077893 170.817084 657.855944 217.037958 1.0
311 4 660.443249 168.659306 676.981537 215.329339 1.0
312 5 0.000000 107.195102 251.115306 374.000000 1.0
312 4 514.484601 177.489176 536.151268 238.620673 1.0
312 4 495.944834 173.875925 518.944834 238.635044 1.0
312 4 911.325118 165.313351 961.658450 258.187917 1.0
312 4 642.373873 169.708736 661.040540 217.233386 1.0
312 4 662.718903 168.344465 682.052236 216.376556 1.0
313 5 0.000000 99.507297 151.976903 374.000000 1.0
313 4 515.051883 176.282137 535.857990 239.377519 1.0
313 4 492.318777 171.922363 514.880388 238.780505 1.0
313 4 929.617423 163.595637 984.034200 261.960656 1.0
313 4 645.420293 168.536033 663.879419 217.440198 1.0
313 4 666.631955 168.010749 686.283012 217.486784 1.0
314 4 516.651976 174.990184 535.985309 240.138063 1.0
314 4 488.691138 169.833873 511.357805 238.931542 1.0
314 4 949.373041 161.663979 1004.039707 266.209421 1.0
314 4 648.865617 166.377539 666.532283 216.693060 1.0
314 4 670.463414 166.163821 689.796748 217.129091 1.0
315 4 508.661286 173.611782 532.122754 240.950188 1.0
315 4 484.572103 169.175298 508.667858 240.638315 1.0
315 4 978.628934 159.475752 1036.364796 271.030370 1.0
315 4 652.518044 164.091317 670.744805 215.900961 1.0
315 4 675.863383 164.203536 694.313692 216.748694 1.0
316 4 499.862732 172.137952 526.862730 241.819326 1.0
316 4 479.608791 168.471287 503.942124 242.466081 1.0
316 4 1009.792390 156.976201 1065.792392 276.547435 1.0
316 4 655.277127 164.161000 673.277128 217.585321 1.0
316 4 681.265325 162.119142 697.931992 216.343392 1.0
317 4 497.387285 173.277148 526.324961 245.520303 1.0
317 4 473.940440 168.925993 499.158023 245.680765 1.0
317 4 1041.334219 156.158189 1101.651413 284.783099 1.0
317 4 658.631068 164.235161 677.538765 219.378238 1.0
317 4 685.185260 163.193425 702.913806 219.240061 1.0
318 4 494.198912 174.501438 524.198911 249.501897 1.0
318 4 467.834323 169.416727 494.167655 249.140438 1.0
318 4 1074.489667 155.208234 1133.489668 294.370223 1.0
318 4 662.305996 165.317837 681.305995 222.291659 1.0
318 4 688.997132 164.340884 706.997131 222.338131 1.0
319 4 490.570564 175.820723 520.589938 253.797283 1.0
319 4 463.761654 171.836423 491.591222 254.722952 1.0
319 4 1114.735495 154.143324 1189.524751 306.046826 1.0
319 4 666.769561 166.473652 687.390077 225.404791 1.0
319 4 694.307997 165.569231 714.413424 225.659327 1.0
320 4 486.120032 177.246509 515.120032 258.445075 1.0
320 4 456.552521 172.552272 486.219188 258.902183 1.0
320 4 1152.076780 152.869873 1235.410114 320.081229 1.0
320 4 670.865178 165.751359 692.198512 226.765527 1.0
320 4 699.558483 165.681365 720.891817 228.015913 1.0
321 4 481.584240 175.740226 509.343805 260.150770 1.0
321 4 450.637443 171.454104 481.247894 261.521394 1.0
321 4 1184.439985 150.483467 1241.000000 327.793234 1.0
321 4 674.872157 164.976812 697.737286 228.226341 1.0
321 4 705.840011 163.652183 729.879490 228.356432 1.0
322 4 476.133874 174.110180 501.800541 261.997917 1.0
322 4 446.329961 170.828005 477.663295 264.683436 1.0
322 4 679.217269 163.516842 702.550603 229.127939 1.0
322 4 711.840253 161.895505 737.506920 228.986961 1.0
323 4 471.557200 174.730427 502.469167 266.398483 1.0
323 4 441.080751 170.147072 473.222543 268.123099 1.0
323 4 684.721301 161.944011 711.075614 230.099869 1.0
323 4 719.535979 160.004660 745.423979 229.666224 1.0
324 4 466.180144 175.405640 501.513477 271.192997 1.0
324 4 434.587036 169.403773 466.587036 271.878627 1.0
324 4 690.716750 162.197952 719.050083 233.105141 1.0
324 4 725.938320 160.384057 750.938319 232.897210 1.0
325 4 460.712656 175.792189 496.975530 276.144979 1.0
325 4 427.262827 170.107705 461.425952 277.741464 1.0
325 4 696.909144 162.473029 727.775490 236.363025 1.0
325 4 734.227262 160.795370 762.313828 236.403529 1.0
325 4 389.464112 167.920484 424.737912 238.335697 1.0
326 4 454.036541 176.216902 490.036541 281.591351 1.0
326 4 418.571372 170.885053 453.238039 284.224918 1.0
326 4 702.296212 162.776257 734.296211 239.938464 1.0
326 4 742.476543 161.242803 772.476545 240.221941 1.0
326 5 846.301169 178.384812 877.865919 227.827643 1.0
326 4 384.350889 168.429430 413.684223 241.701901 1.0
327 4 445.003096 176.685720 484.990693 287.610035 1.0
327 4 406.920454 171.747932 446.928595 291.433036 1.0
327 4 708.738734 161.934607 742.024850 242.465387 1.0
327 4 748.088546 160.137523 777.693175 242.811280 1.0
327 5 852.169783 178.403952 883.902643 229.942834 1.0
327 4 374.355738 168.981306 405.367987 245.352768 1.0
328 4 435.244181 177.191920 477.910848 294.251273 1.0
328 4 391.181749 171.356440 434.515084 297.585737 1.0
328 4 715.036242 161.016756 748.036241 245.223658 1.0
328 4 753.644061 158.924877 781.310727 245.655899 1.0
328 5 858.565427 178.424753 890.430061 232.245301 1.0
328 4 363.397997 169.581784 394.731330 249.326002 1.0
329 4 424.437130 177.799549 470.070591 301.873960 1.0
329 4 379.496261 170.919737 427.966538 304.447988 1.0
329 4 720.226055 160.014569 756.778944 248.279187 1.0
329 4 760.835012 157.344713 791.510316 248.034877 1.0
329 5 865.560871 178.447426 897.511900 234.761063 1.0
329 4 351.299041 169.038405 383.774532 252.460752 1.0
330 4 411.589236 178.483337 458.589237 310.465983 1.0
330 4 364.705739 168.966172 413.705739 310.133465 1.0
330 4 725.080936 160.195604 763.414269 252.964031 1.0
330 4 767.419533 157.139757 799.752866 252.219238 1.0
330 5 873.242958 178.472223 905.223390 237.521196 1.0
330 4 337.532216 168.442414 369.532215 255.898598 1.0
331 4 396.188913 178.395873 447.060407 318.323252 1.0
331 4 346.973481 171.019303 402.197750 320.781479 1.0
331 4 732.663632 160.395847 771.806777 258.152419 1.0
331 4 774.522728 156.914219 815.569700 256.828832 1.0
331 5 879.690051 178.602462 912.891504 240.488892 1.0
331 5 907.402418 169.633420 961.785144 233.514322 1.0
331 4 322.108319 168.525659 355.369954 260.491828 1.0
332 4 376.975836 178.297541 428.975834 327.174713 1.0
332 4 325.518625 173.337473 381.851958 332.801998 1.0
332 4 739.058857 159.576873 776.725523 262.380188 1.0
332 4 781.542878 156.664832 829.542878 261.931945 1.0
332 5 886.679676 178.745332 921.188868 243.751205 1.0
332 5 915.760505 169.934156 967.348055 236.764743 1.0
332 4 304.767461 168.617936 337.434127 265.584537 1.0
333 4 357.837447 178.186063 413.865770 337.222032 1.0
333 4 305.226967 171.824928 368.168861 342.053022 1.0
333 4 746.845468 158.669799 786.479386 267.069321 1.0
333 4 793.216465 156.387599 837.944373 267.612316 1.0
333 5 894.593399 178.901445 930.496592 247.367116 1.0
333 5 925.119496 170.265850 973.179122 240.309478 1.0
333 4 289.517683 168.720798 322.585610 271.262881 1.0
334 4 337.017207 179.967101 390.017208 350.866959 1.0
334 4 279.969278 170.095255 343.635946 352.645635 1.0
334 4 754.462698 157.659603 793.796030 272.299698 1.0
334 4 806.180574 153.627738 844.680573 271.423673 1.0
334 5 903.269771 179.074181 940.668968 251.383072 1.0
334 5 935.610065 170.633200 979.332702 244.188884 1.0
334 4 273.113642 168.368993 304.446976 276.657248 1.0
335 4 314.435962 182.021332 376.405951 366.700958 1.0
335 4 254.116111 171.419781 326.019070 368.203154 1.0
335 4 761.998103 156.527639 807.504814 278.170768 1.0
335 4 818.754100 150.882994 863.470331 275.669773 1.0
335 5 912.951875 179.265800 951.954435 255.874687 1.0
335 5 947.387489 171.041784 985.874413 248.451083 1.0
335 4 249.637835 167.975291 298.707537 282.691666 1.0
336 4 284.609802 180.301248 350.609804 374.000000 1.0
336 4 220.531626 172.965241 293.198295 374.000000 1.0
336 4 770.256084 153.382239 819.256084 282.826587 1.0
336 4 831.322535 147.792314 879.655869 280.452062 1.0
336 5 925.626744 177.908122 963.517847 259.487273 1.0
336 5 959.022217 169.433248 997.526904 251.173893 1.0
336 4 219.580553 166.252945 284.247223 288.355865 1.0
337 4 247.875299 178.281477 322.667844 374.000000 1.0
337 4 182.433827 170.413132 269.086321 374.000000 1.0
337 4 785.106333 150.918820 838.715842 289.284930 1.0
337 4 849.353051 145.472614 902.723553 287.092746 1.0
337 5 940.142219 176.376844 976.518985 263.610969 1.0
337 5 972.019277 167.634293 1010.402622 254.218859 1.0
337 4 187.264843 164.281345 255.968101 294.652885 1.0
338 4 199.701810 175.876289 274.035143 374.000000 1.0
338 4 131.374270 167.351940 222.374273 374.000000 1.0
338 4 799.654825 148.077804 853.988156 296.701395 1.0
338 4 867.865020 142.817398 922.531687 294.696038 1.0
338 5 957.525217 176.343586 996.225229 270.142587 1.0
338 5 986.631799 165.609023 1024.705689 257.646792 1.0
338 4 149.707415 162.022592 217.374083 301.864546 1.0
339 4 131.198885 172.963810 279.929024 374.000000 1.0
339 4 45.859435 163.612502 209.453161 374.000000 1.0
339 4 795.021079 144.782598 882.099460 305.306278 1.0
339 4 869.922963 139.738642 961.821390 303.529715 1.0
339 5 972.560803 176.305248 1020.381998 277.728043 1.0
339 5 1003.179779 163.311917 1043.053149 261.534838 1.0
