0 1 478.059780 163.121733 513.696890 192.268388 1.0
0 4 936.986890 152.969820 957.320224 216.150818 1.0
0 4 947.603348 152.357697 972.936681 214.608364 1.0
0 2 1033.386338 153.441393 1191.003247 207.121271 1.0
0 1 495.366808 168.156498 524.104782 190.803540 1.0
0 1 499.748908 166.798173 550.522174 183.274408 1.0
1 1 478.337056 163.380056 513.835938 192.604314 1.0
1 4 940.172468 153.181013 962.448762 216.288747 1.0
1 4 946.583493 152.752042 971.967762 214.940913 1.0
1 2 1033.514987 153.455083 1191.263330 207.143716 1.0
1 1 495.342787 168.150258 524.291538 190.810768 1.0
1 1 501.267574 166.779365 551.922046 183.221326 1.0
2 1 478.615778 163.639748 513.975447 192.941902 1.0
2 4 943.084093 153.391802 967.084095 216.426087 1.0
2 4 945.533147 153.145552 970.866481 215.272778 1.0
2 2 1033.644033 153.468794 1191.523161 207.166149 1.0
2 1 495.318902 168.144015 524.478378 190.817996 1.0
2 1 502.787872 166.760684 553.311386 183.168305 1.0
3 1 478.895955 163.900820 514.115421 193.281164 1.0
3 4 936.643693 153.602184 960.096971 216.562835 1.0
3 4 945.081733 153.538226 972.797351 215.603960 1.0
3 2 1033.773474 153.482524 1191.782741 207.188572 1.0
3 1 495.295154 168.137769 524.665302 190.825223 1.0
3 1 503.605598 166.765746 553.861079 183.126392 1.0
4 1 479.177595 164.163281 514.255868 193.622112 1.0
4 4 929.843766 153.812155 952.510433 216.698988 1.0
4 4 944.797506 153.930066 974.797506 215.934459 1.0
4 2 1033.903312 153.496275 1192.042067 207.210984 1.0
4 1 495.271545 168.131522 524.852308 190.832449 1.0
4 1 504.479759 166.771299 554.353539 183.087966 1.0
5 1 479.460706 164.427143 514.396790 193.964757 1.0
5 4 931.863797 154.021714 955.635208 216.834545 1.0
5 4 944.920353 154.321072 974.642683 216.264275 1.0
5 2 1034.033546 153.510045 1192.301140 207.233385 1.0
5 1 495.248076 168.125273 525.039397 190.839675 1.0
5 1 508.486311 167.299288 557.209460 183.589748 1.0
6 1 479.745299 164.692417 514.538195 194.309112 1.0
6 4 934.165179 154.216408 958.831844 217.027047 1.0
6 4 944.228579 154.398401 973.561914 216.276744 1.0
6 2 1034.164176 153.523836 1192.559958 207.255776 1.0
6 1 495.876226 168.368099 525.342177 191.116726 1.0
6 1 512.777534 167.795162 559.798203 184.090484 1.0
7 1 480.031380 164.959112 514.680087 194.655189 1.0
7 4 932.587230 154.411169 956.214377 217.219271 1.0
7 4 943.537727 154.476211 969.271851 216.287963 1.0
7 2 1036.119485 154.340677 1195.784729 208.329845 1.0
7 1 496.506765 168.611607 525.645377 191.394620 1.0
7 1 514.562381 168.595125 561.567811 184.895729 1.0
8 1 480.318959 165.227240 514.822471 195.003000 1.0
8 4 930.716826 154.605993 953.050160 217.411211 1.0
8 4 942.826555 154.554490 964.493221 216.297931 1.0
8 2 1038.095960 155.167186 1199.040519 209.412833 1.0
8 1 497.139697 168.855796 525.949005 191.673359 1.0
8 1 516.349484 169.366013 563.339703 185.701988 1.0
9 1 481.305110 165.192884 515.831151 195.139828 1.0
9 4 934.293559 154.800877 958.733616 217.602863 1.0
9 4 944.458482 154.633225 964.606302 216.306650 1.0
9 2 1040.093879 156.003525 1202.327829 210.504845 1.0
9 1 497.775026 169.100669 526.253067 191.952947 1.0
9 1 518.783376 169.345402 563.527053 185.612477 1.0
10 1 482.301604 165.158140 516.851326 195.278205 1.0
10 4 937.600078 154.995814 963.933411 217.794222 1.0
10 4 946.259418 154.712403 964.592752 216.314120 1.0
10 2 1042.113521 156.849863 1205.647167 211.605990 1.0
10 1 498.412758 169.346228 526.557570 192.233386 1.0
10 1 521.430552 169.278464 563.508520 185.518987 1.0
11 1 483.308601 165.122999 517.883200 195.418158 1.0
11 4 934.320431 155.148182 961.808511 218.036810 1.0
11 4 944.030909 154.636550 962.562938 216.269289 1.0
11 2 1048.474684 156.922593 1213.744988 211.962060 1.0
11 1 500.625082 169.277985 528.753973 192.239701 1.0
11 1 525.756062 169.178188 565.467145 185.381297 1.0
12 1 484.326263 165.087455 518.926978 195.559713 1.0
12 4 930.780476 155.301080 959.113809 218.279833 1.0
12 4 941.654266 154.560639 960.320933 216.224391 1.0
12 2 1054.897328 156.996373 1221.938499 212.321292 1.0
12 1 502.445287 169.214457 530.594923 192.252344 1.0
12 1 530.171130 169.079924 567.304685 185.241867 1.0
13 1 485.354758 165.051501 519.982873 195.702899 1.0
13 4 933.419094 155.454507 957.574144 218.523287 1.0
13 4 942.572149 154.484669 961.437565 216.179426 1.0
13 2 1061.382330 157.166967 1223.000000 212.683729 1.0
13 1 504.277602 169.150503 532.447100 192.265068 1.0
13 1 533.811318 169.006824 569.137804 185.149537 1.0
14 1 488.064155 164.962550 522.613759 195.913130 1.0
14 4 935.984146 155.608460 955.650813 218.767169 1.0
14 4 943.554245 154.408640 962.554245 216.134396 1.0
14 2 1067.357179 156.883642 1223.000000 212.945613 1.0
14 1 506.369070 168.858063 534.534414 192.048542 1.0
14 1 537.485938 168.934666 570.922438 185.056403 1.0
15 1 490.821628 164.871887 525.295833 196.127337 1.0
15 4 938.291751 155.762939 961.891694 219.011475 1.0
15 4 944.714140 154.332552 966.746265 216.089298 1.0
15 2 1073.468099 156.593330 1223.000000 213.213853 1.0
15 1 508.474421 168.563660 536.634436 191.830580 1.0
15 1 541.227634 168.859772 573.289836 184.957145 1.0
16 1 493.649834 164.769386 528.112098 196.389106 1.0
16 4 942.205730 155.876043 969.539063 219.363639 1.0
16 4 947.423788 154.383909 972.423787 216.355796 1.0
16 2 1079.719768 156.295733 1223.000000 213.488683 1.0
16 1 511.682264 168.593852 539.939022 191.942661 1.0
16 1 544.975811 168.785491 575.630802 184.857734 1.0
17 1 496.538003 164.664506 530.994183 196.656857 1.0
17 4 946.728468 155.990108 973.077080 219.718226 1.0
17 4 950.753621 154.436577 976.173698 216.622529 1.0
17 2 1088.730742 156.111721 1223.000000 213.866226 1.0
17 1 514.912656 168.624276 543.264970 192.055496 1.0
17 1 549.411967 168.703325 578.373996 184.759010 1.0
18 1 499.449375 164.557160 533.944473 196.930796 1.0
18 4 951.013426 156.105141 976.013425 220.075259 1.0
18 4 953.996172 154.490548 979.329504 216.889473 1.0
18 2 1097.958485 155.922248 1223.000000 214.253503 1.0
18 1 518.019286 167.988355 546.479501 191.501141 1.0
18 1 553.862613 168.621894 581.087201 184.659861 1.0
19 1 502.067239 164.447259 536.965468 197.211140 1.0
19 4 952.925282 156.221148 981.248090 220.434756 1.0
19 4 958.873520 154.479202 982.699238 217.265246 1.0
19 2 1107.410893 155.727055 1223.000000 214.650895 1.0
19 1 521.147935 167.347793 549.714984 190.942901 1.0
19 1 557.788966 168.537402 583.801866 184.539904 1.0
20 1 505.610045 163.324685 541.025386 196.588613 1.0
20 4 955.584094 155.986150 986.917427 220.604770 1.0
20 4 963.906957 154.467752 985.906956 217.645703 1.0
20 2 1117.096249 155.525869 1223.000000 215.058804 1.0
20 1 524.500684 166.213707 553.154408 189.890481 1.0
20 1 561.707076 168.453537 586.495630 184.420211 1.0
21 1 509.264012 162.166682 545.212827 195.946626 1.0
21 4 962.427806 155.748683 992.519398 220.776308 1.0
21 4 969.620524 154.451583 995.590606 218.030931 1.0
21 2 1127.023251 155.318400 1223.000000 215.477655 1.0
21 1 528.054282 164.952881 557.120898 188.968754 1.0
21 1 566.949058 167.006250 587.636572 182.984265 1.0
22 1 513.034408 160.971551 549.533913 195.284259 1.0
22 4 969.344704 155.500770 997.678036 220.949393 1.0
22 4 976.291290 154.442178 1005.957957 218.423031 1.0
22 2 1137.602890 155.378271 1223.000000 216.196880 1.0
22 1 531.711597 163.654962 561.192727 188.020244 1.0
22 1 571.776360 165.564627 590.333527 181.541070 1.0
23 1 516.017630 160.915412 553.086424 195.780559 1.0
23 4 973.241053 155.241152 999.120912 221.124052 1.0
23 4 980.921315 154.433402 1005.008873 218.818701 1.0
23 2 1148.458406 155.442152 1223.000000 216.936102 1.0
23 1 535.218964 164.614655 565.140156 189.342787 1.0
23 1 575.774765 165.465127 594.319996 181.449213 1.0
24 1 519.098285 160.857466 556.755007 196.292925 1.0
24 4 977.020715 154.978424 1000.020715 221.300311 1.0
24 4 985.689358 154.425277 1003.689358 219.217978 1.0
24 2 1159.378378 154.547231 1223.000000 216.727135 1.0
24 1 538.831656 165.603457 569.195228 190.704800 1.0
24 1 579.776137 165.365541 598.310301 181.357278 1.0
25 1 522.281188 160.797621 560.545465 196.822150 1.0
25 4 980.454266 154.712539 1010.944514 221.478196 1.0
25 4 992.577331 154.404009 1016.196204 219.781169 1.0
25 2 1170.593785 153.633970 1223.000000 216.512013 1.0
25 1 542.150284 167.001243 572.997748 192.487095 1.0
25 1 582.867415 165.287943 602.308309 181.260209 1.0
26 1 525.571471 160.735780 564.463992 197.369078 1.0
26 4 982.838850 154.438220 1020.505515 221.707139 1.0
26 4 999.473474 154.382401 1028.473473 220.354525 1.0
26 2 1182.116527 152.781150 1223.000000 216.039833 1.0
26 1 545.018710 165.118665 576.131797 190.979582 1.0
26 1 585.955976 165.210674 606.293270 181.163257 1.0
27 1 527.292771 161.192130 566.859884 198.469125 1.0
27 4 996.337779 154.160845 1027.249291 221.937444 1.0
27 4 1004.963008 154.360442 1034.320826 220.938324 1.0
27 2 1193.999049 154.798113 1223.000000 217.637403 1.0
27 1 547.310803 165.249494 578.754672 191.498604 1.0
27 1 585.343596 165.358923 609.231587 181.301042 1.0
28 1 529.078144 161.665291 569.338851 199.607296 1.0
28 4 1009.963762 153.880397 1033.630429 222.169134 1.0
28 4 1004.170333 155.001454 1033.503665 221.757697 1.0
28 2 1206.294672 156.785402 1223.000000 219.227591 1.0
28 1 549.672641 165.384322 581.449551 192.033396 1.0
28 1 584.801906 165.510110 612.081309 181.437596 1.0
29 1 526.647080 162.156402 567.824986 200.958021 1.0
29 4 1004.144243 153.596858 1034.090706 222.402237 1.0
29 4 1002.589083 155.646185 1035.745170 222.580921 1.0
29 2 1212.388275 158.534643 1223.000000 221.011708 1.0
29 1 547.095388 166.771580 579.724007 193.836993 1.0
29 1 581.354370 167.139508 609.553975 183.067761 1.0
30 1 524.103387 162.670090 566.241497 202.371335 1.0
30 4 987.946040 156.377240 1023.946039 225.224920 1.0
30 4 1000.828062 156.294641 1037.828061 223.407993 1.0
30 2 1218.632508 160.284890 1223.000000 222.804744 1.0
30 1 544.436741 168.202913 577.949251 195.697586 1.0
30 1 577.914079 168.766907 607.019170 184.697548 1.0
31 1 518.028453 162.663349 561.183386 203.298057 1.0
31 4 990.740462 156.205395 1022.091031 225.222056 1.0
31 4 992.663301 157.114169 1027.083198 224.403298 1.0
31 2 1216.391318 159.809091 1223.000000 223.006947 1.0
31 1 539.515775 168.394593 573.405861 196.379587 1.0
31 1 571.531098 169.624224 601.360159 185.555393 1.0
32 1 511.660483 162.656423 555.884639 204.269622 1.0
32 4 993.608819 156.033593 1020.275486 225.217205 1.0
32 4 984.548727 157.939946 1016.215395 225.399108 1.0
32 2 1214.133092 159.324092 1223.000000 223.206551 1.0
32 1 534.416442 168.593172 568.716114 197.086413 1.0
32 1 565.151139 170.480805 595.696436 186.413077 1.0
33 1 502.317747 162.644269 547.701680 205.299095 1.0
33 4 980.682614 155.861863 1005.676204 225.210375 1.0
33 4 979.321364 158.771809 1007.326732 226.395206 1.0
33 2 1211.857379 158.829719 1223.000000 223.403716 1.0
33 1 525.204049 167.438527 560.386336 196.463070 1.0
33 1 554.274530 169.225286 586.898346 185.140262 1.0
34 1 492.493242 162.631644 539.105868 206.381676 1.0
34 4 967.790036 155.690239 991.123370 225.201573 1.0
34 4 968.627130 158.048431 992.960463 225.701623 1.0
34 2 1209.563712 158.325795 1223.000000 223.598596 1.0
34 1 515.639384 166.240712 551.776818 195.815657 1.0
34 1 543.420758 167.974123 578.035873 183.864499 1.0
35 1 479.274027 163.009922 527.416706 208.106161 1.0
35 4 950.604820 155.091296 979.677004 224.604001 1.0
35 4 958.989140 157.324546 982.246092 225.007166 1.0
35 2 1207.251611 157.812130 1223.000000 223.791334 1.0
35 1 502.650293 168.681980 540.179362 198.845743 1.0
35 1 529.266622 168.712710 566.607108 184.624051 1.0
36 1 465.213434 163.411752 515.002176 209.940466 1.0
36 4 933.532818 154.492881 968.532818 224.005387 1.0
36 4 949.300606 156.600167 971.633938 224.311847 1.0
36 2 1193.613598 156.954321 1223.000000 224.480395 1.0
36 1 491.948528 168.965888 529.992625 199.795390 1.0
36 1 515.119096 169.455714 554.992272 185.385351 1.0
37 1 450.228529 163.839377 501.793178 211.895404 1.0
37 4 921.688696 153.895038 952.217413 223.405786 1.0
37 4 936.552456 155.569659 961.691569 223.562069 1.0
37 2 1179.986924 156.066602 1223.000000 225.152719 1.0
37 1 476.561425 167.876186 515.721301 199.409966 1.0
37 1 499.117076 168.763403 539.119273 184.738266 1.0
38 1 433.130511 162.388743 486.917934 212.306240 1.0
38 4 909.921209 153.297809 936.254541 222.805248 1.0
38 4 923.497553 154.530852 951.497553 222.805576 1.0
38 2 1166.371009 155.168131 1223.000000 225.784311 1.0
38 1 460.448897 166.737248 500.865721 199.005587 1.0
38 1 482.979623 168.066421 523.129502 184.111451 1.0
39 1 414.646512 160.828038 470.872379 212.747771 1.0
39 4 892.196296 152.701234 922.263086 222.203828 1.0
39 4 905.783021 154.381947 935.100387 222.501569 1.0
39 2 1152.765291 154.544422 1223.000000 225.369315 1.0
39 1 441.911329 165.548440 483.962075 198.594871 1.0
39 1 465.486435 166.552736 505.953790 182.754401 1.0
40 1 394.600346 159.144419 453.518084 213.223850 1.0
40 4 867.621232 153.568746 901.621232 223.236638 1.0
40 4 888.156969 154.234771 919.156969 222.197165 1.0
40 2 1139.169224 153.931338 1223.000000 224.952882 1.0
40 1 422.443067 164.302640 466.325938 198.162753 1.0
40 1 447.756376 164.989185 488.566125 181.378234 1.0
41 1 371.297861 160.332350 433.558519 217.122507 1.0
41 4 851.620724 154.440581 885.661212 224.274086 1.0
41 4 867.947268 154.089332 895.591824 221.892438 1.0
41 2 1118.524132 155.228888 1223.000000 226.356328 1.0
41 1 401.031789 165.527994 446.323356 200.404536 1.0
41 1 424.149395 166.569270 467.851808 183.061796 1.0
42 1 345.570662 161.639239 411.597532 221.429635 1.0
42 4 835.659983 155.316749 869.993315 225.316187 1.0
42 4 847.110605 156.046598 871.777273 224.008437 1.0
42 2 1098.016263 156.539679 1223.000000 227.751893 1.0
42 1 378.304840 166.825945 425.256414 202.784685 1.0
42 1 400.249894 168.175305 446.688270 184.781761 1.0
43 1 317.018722 163.082427 387.335702 226.211376 1.0
43 4 811.014422 156.197267 839.235618 226.362956 1.0
43 4 824.421632 158.013396 850.175089 226.133849 1.0
43 2 1077.642405 157.857102 1223.000000 229.139247 1.0
43 1 349.031519 168.386869 398.743086 205.578865 1.0
43 1 370.916765 169.465212 418.358875 186.275062 1.0
44 1 282.173245 164.623740 360.033026 231.896652 1.0
44 4 786.597373 157.082146 808.930708 227.414408 1.0
44 4 793.052364 158.948233 820.052365 227.250280 1.0
44 2 1051.471850 159.907824 1223.000000 231.039372 1.0
44 1 317.708057 170.052117 370.637884 208.568897 1.0
44 1 340.692762 170.792339 389.240975 187.814656 1.0
45 1 241.672361 166.361662 329.193684 238.355991 1.0
45 4 754.832783 157.820769 783.109866 228.522227 1.0
45 4 759.514879 159.888587 786.080847 228.371559 1.0
45 2 1025.629005 161.979660 1216.617358 232.913416 1.0
45 1 278.411023 170.216052 336.334039 210.440323 1.0
45 1 303.902343 172.541330 355.514772 189.870911 1.0
46 1 195.801243 168.332769 294.135975 245.754512 1.0
46 4 722.701484 158.568435 757.034816 229.639062 1.0
46 4 725.768256 160.834436 752.101589 229.497667 1.0
46 2 991.077967 164.170625 1176.296250 234.528235 1.0
46 1 232.968293 171.622201 295.222913 213.550061 1.0
46 1 265.746272 174.330513 320.558576 192.014608 1.0
47 1 140.795442 168.618840 255.063884 252.362738 1.0
47 4 686.876437 159.260111 718.902124 230.888775 1.0
47 4 691.080688 161.399264 720.090853 230.674619 1.0
47 2 957.073130 166.303800 1136.991049 236.113248 1.0
47 1 183.601782 173.142612 251.049198 216.926162 1.0
47 1 220.571273 175.813951 278.101896 194.014731 1.0
48 1 76.756301 168.959599 209.729852 260.078624 1.0
48 4 650.473412 159.965893 680.140078 232.151224 1.0
48 4 655.692251 161.975542 687.358918 231.869594 1.0
48 2 920.465874 164.684555 1094.414480 234.216327 1.0
48 1 129.794993 174.790872 203.445718 220.603296 1.0
48 1 172.724612 177.376380 233.347489 196.134896 1.0
49 1 2.922430 169.355614 164.385689 269.460298 1.0
49 4 608.017474 160.685800 640.605421 233.426607 1.0
49 4 618.438029 162.563469 649.525584 233.082975 1.0
49 2 884.014594 163.103769 1052.545193 232.307278 1.0
49 1 66.317552 174.757278 148.330403 222.839651 1.0
49 1 115.565758 177.772240 180.156330 197.212598 1.0
50 1 0.000000 169.847227 110.485367 278.797076 1.0
50 4 562.651222 159.581812 597.984556 233.868910 1.0
50 4 576.251239 161.061955 606.584572 232.832078 1.0
50 2 847.713805 161.560101 1011.368953 230.386681 1.0
50 1 0.000000 174.722298 88.316711 225.200537 1.0
50 1 46.365069 176.265231 117.925059 196.561919 1.0
51 1 0.000000 170.449007 44.736161 284.431925 1.0
51 4 521.633804 158.430900 556.245401 234.328449 1.0
51 4 538.511867 159.508645 566.666468 232.567363 1.0
51 2 811.559653 160.052164 970.870169 228.455261 1.0
51 1 0.000000 176.726275 54.838170 197.793099 1.0
52 4 478.660113 157.230072 511.660114 234.806405 1.0
52 4 499.081966 157.901127 524.415300 232.288471 1.0
52 2 776.253918 159.415204 932.674823 228.302919 1.0
53 4 431.167745 155.885993 466.330834 235.745105 1.0
53 4 451.367152 156.983769 482.538595 233.543009 1.0
53 2 740.347640 158.505090 894.321659 228.126962 1.0
54 4 380.230363 154.461632 416.230363 236.738777 1.0
54 4 399.973915 156.013306 435.973916 234.869754 1.0
54 2 703.818444 157.579923 855.814119 227.926161 1.0
55 4 326.704300 154.180366 367.871188 240.025628 1.0
55 4 347.616602 154.984953 380.871723 236.275395 1.0
55 2 666.645673 156.640759 817.152920 227.699375 1.0
55 1 1165.451304 167.881280 1221.093352 196.562371 1.0
56 4 267.847376 153.861454 311.847373 243.666792 1.0
56 4 290.972689 155.543224 319.639354 240.733494 1.0
56 2 629.006796 158.248549 780.764636 230.896041 1.0
56 1 1107.805394 170.752529 1160.436526 199.128955 1.0
57 4 210.356543 153.461862 255.474838 247.818712 1.0
57 4 228.660221 156.158030 269.718279 245.640556 1.0
57 2 589.750674 159.933934 743.392513 234.218978 1.0
57 1 1051.630247 173.530710 1101.696161 201.623052 1.0
58 4 131.176137 152.850894 173.842806 253.477539 1.0
58 4 158.146205 156.838362 209.479537 251.067960 1.0
58 2 548.766398 161.700892 704.997368 237.673293 1.0
58 1 998.490967 176.100483 1046.430009 203.968951 1.0
59 4 33.138204 152.207235 122.256738 259.684707 1.0
59 4 86.054221 156.074722 133.610560 257.189509 1.0
59 2 505.935241 163.553541 665.535735 241.264252 1.0
59 1 1211.094482 193.435946 1223.000000 279.063440 1.0
59 1 946.507497 178.598285 992.670597 206.256461 1.0
60 4 0.000000 150.372384 40.518643 266.231372 1.0
60 4 11.244322 155.196076 48.910989 264.338265 1.0
60 2 460.241456 162.919924 626.964187 243.871084 1.0
60 1 1163.857747 192.670934 1223.000000 290.047156 1.0
60 1 896.762954 178.479227 941.475768 205.814348 1.0
61 2 410.673972 162.235203 586.042027 246.680395 1.0
61 1 1117.756715 191.928549 1223.000000 291.016055 1.0
61 1 850.859231 174.879847 895.035943 202.239844 1.0
62 2 356.712520 161.493400 542.549125 249.716463 1.0
62 1 1072.721175 191.080584 1221.906573 291.420260 1.0
62 1 1070.477151 183.250647 1189.361519 257.920532 1.0
62 1 804.413537 175.298842 848.143118 202.810006 1.0
63 2 297.742560 160.687536 496.234602 253.007638 1.0
63 1 1033.647582 191.580958 1183.928856 292.520639 1.0
63 1 1027.662990 184.431644 1143.759621 259.297671 1.0
63 1 757.362636 175.721133 800.920778 203.383072 1.0
63 1 998.746333 181.333996 1047.092685 223.414908 1.0
64 2 235.666096 158.799800 450.576882 257.381741 1.0
64 1 994.546614 192.085524 1145.314055 293.566103 1.0
64 1 985.060856 185.603839 1098.074634 260.646008 1.0
64 1 714.623574 175.121035 758.665900 203.297339 1.0
64 1 956.208396 180.827141 1002.915122 222.404617 1.0
65 2 164.653430 156.653083 400.284325 262.322475 1.0
65 1 955.386367 192.594790 1106.097183 294.554379 1.0
65 1 947.153059 183.616994 1058.370339 257.685573 1.0
65 1 669.956365 174.500001 714.816294 203.203872 1.0
65 1 915.542994 180.340714 960.816559 221.449506 1.0
66 2 89.339820 154.265790 352.057772 268.295017 1.0
66 1 930.628926 191.036476 1087.375629 295.188163 1.0
66 1 909.607757 181.662584 1018.888709 254.725611 1.0
66 1 628.082068 173.585586 674.270297 202.844579 1.0
66 1 876.922433 179.880588 920.962521 220.558444 1.0
67 2 1.049747 151.479272 298.172295 275.250764 1.0
67 1 904.929798 189.429499 1067.394233 295.812887 1.0
67 1 880.179841 179.845347 989.690628 252.694991 1.0
67 1 589.446420 171.615127 637.146861 201.604996 1.0
67 1 842.809151 177.719292 886.262962 218.185961 1.0
68 2 0.000000 148.040898 251.728352 283.987274 1.0
68 1 878.214217 187.770220 1046.057011 296.427426 1.0
68 1 850.527035 178.023425 960.064745 250.623185 1.0
68 1 554.793644 169.566744 604.087339 200.543286 1.0
68 1 814.284537 175.570983 857.461057 215.939547 1.0
69 2 0.000000 147.077397 198.685427 282.452460 1.0
69 1 850.398971 186.054608 1023.260200 297.030639 1.0
69 1 827.347038 177.111105 939.522431 250.724150 1.0
69 1 521.709262 167.780441 573.332486 199.853539 1.0
69 1 789.537397 173.338709 832.635837 213.734389 1.0
70 2 0.000000 146.674594 137.536096 278.897218 1.0
70 1 841.212306 186.411080 1026.705532 303.605130 1.0
70 1 812.796699 176.229633 928.580138 251.734805 1.0
70 1 491.911062 165.417579 545.965111 198.755890 1.0
70 1 771.349640 172.976946 814.792985 213.941500 1.0
70 1 768.507242 173.009203 810.329716 206.826394 1.0
70 1 762.969116 175.101286 794.224451 203.137637 1.0
71 2 0.000000 151.942316 86.782250 283.130717 1.0
71 1 831.294728 186.797038 1030.468261 310.931964 1.0
71 1 797.554005 175.208323 916.916299 252.801955 1.0
71 1 464.625309 165.158671 521.756556 199.827140 1.0
71 1 756.077761 172.603182 800.004353 214.208558 1.0
71 1 754.506993 174.146532 796.760068 208.484585 1.0
71 1 747.716686 175.600690 779.064924 204.015750 1.0
72 1 820.548581 187.216225 1034.603605 319.148196 1.0
72 1 787.556726 176.088073 915.064015 256.887719 1.0
72 1 439.861450 169.365432 500.220185 205.491191 1.0
72 1 742.405310 172.198866 786.911944 214.507070 1.0
72 1 740.120049 175.318420 782.771250 210.195136 1.0
72 1 731.957118 176.110753 763.535379 204.915651 1.0
73 1 818.177411 187.766383 1051.578321 329.359994 1.0
73 1 776.976271 176.913312 912.979740 261.372809 1.0
73 1 414.172996 172.295098 478.172887 210.048066 1.0
73 1 732.543815 174.171303 777.904735 217.393469 1.0
73 1 729.187347 177.006263 772.721021 212.630400 1.0
73 1 721.596834 177.408775 753.655948 206.727408 1.0
73 1 708.984587 177.968226 731.025721 197.664623 1.0
74 1 815.582793 188.371579 1071.123573 341.198705 1.0
74 1 772.018158 177.683167 916.857122 266.440790 1.0
74 1 392.445591 171.914405 460.131423 211.421792 1.0
74 1 722.238179 176.082605 768.493609 220.410618 1.0
74 1 717.925855 178.728490 762.329940 215.149833 1.0
74 1 710.801611 178.738537 743.499001 208.590985 1.0
74 1 700.045510 178.097938 722.275231 198.013264 1.0
75 1 818.882050 189.136498 1108.235076 358.176377 1.0
75 1 766.713608 178.507156 921.076023 272.018063 1.0
75 1 369.918857 171.477877 441.743018 212.925000 1.0
75 1 717.037746 175.194135 764.365086 220.487641 1.0
75 1 709.708118 179.419814 755.425192 216.571367 1.0
75 1 706.128887 178.552627 740.189340 208.847675 1.0
75 1 690.922033 178.230298 713.333626 198.369560 1.0
76 1 822.659325 190.004106 1153.495602 369.000000 1.0
76 1 767.431647 178.685858 932.429293 277.695058 1.0
76 1 345.081696 170.996998 421.704067 214.582406 1.0
76 1 711.606744 175.858751 760.156876 222.460011 1.0
76 1 704.151900 179.466241 751.023957 217.474112 1.0
76 1 696.005458 180.225015 730.279083 211.229959 1.0
76 1 682.034053 178.932969 704.651429 199.337841 1.0
77 1 832.497451 191.011537 1218.939117 369.000000 1.0
77 1 768.214092 178.879947 945.166520 284.073548 1.0
77 1 317.558491 170.464658 399.782582 216.419049 1.0
77 1 527.139206 178.428606 556.521942 196.240743 1.0
77 1 705.874390 176.555300 755.714203 224.541902 1.0
77 1 698.778850 179.916885 746.887447 218.873881 1.0
77 1 690.203907 180.305810 725.217542 211.915650 1.0
77 1 675.863055 179.512354 698.886213 200.191269 1.0
78 1 843.990456 192.184869 1223.000000 369.000000 1.0
78 1 769.069764 179.091498 959.557662 291.292122 1.0
78 1 292.397136 170.212938 381.488855 218.814785 1.0
78 1 516.581964 178.021211 547.038308 196.286325 1.0
78 1 699.814862 177.286140 751.016981 226.742693 1.0
78 1 693.177390 180.386497 742.551215 220.341465 1.0
78 1 684.197249 180.389464 719.956925 212.628373 1.0
78 1 669.554204 180.104480 692.983650 201.065229 1.0
79 1 857.592517 193.568739 1223.000000 369.000000 1.0
79 1 770.009168 179.322978 975.947778 299.528441 1.0
79 1 264.160407 169.930394 361.265536 221.503280 1.0
79 1 505.440308 177.592753 537.063454 196.334395 1.0
79 1 698.761593 176.215339 751.591163 227.084891 1.0
79 1 689.671345 179.142165 740.670944 219.929594 1.0
79 1 681.273838 179.802426 718.185871 212.640660 1.0
79 1 666.529372 179.442325 690.370244 200.662888 1.0
80 1 877.578171 195.286639 1223.000000 369.000000 1.0
80 1 771.044919 179.577340 994.785102 309.014070 1.0
80 1 237.856520 169.548143 343.266248 224.266403 1.0
80 1 497.514852 176.986226 530.210233 196.239077 1.0
80 1 697.639929 175.030806 752.201853 227.449500 1.0
80 1 686.008863 177.842807 738.693039 219.496191 1.0
80 1 678.241165 179.193602 716.339199 212.653262 1.0
80 1 663.421429 178.762102 687.680075 200.248633 1.0
81 1 902.390410 197.406170 1223.000000 369.000000 1.0
81 1 777.853845 179.349892 1028.563842 321.234719 1.0
81 1 208.137581 169.116169 323.286301 227.388182 1.0
81 1 489.108117 176.345396 522.968594 196.137920 1.0
81 1 696.442856 173.614988 752.852754 227.838812 1.0
81 1 685.150765 177.701140 739.755053 220.553050 1.0
81 1 676.736281 178.694914 715.926612 212.901965 1.0
81 1 660.226877 178.063059 684.909734 199.821931 1.0
82 1 934.011541 200.086755 1223.000000 369.000000 1.0
82 1 785.567069 179.092641 1069.535983 336.089509 1.0
82 1 174.292171 168.624094 300.979860 230.943296 1.0
82 1 480.821914 177.473278 515.914874 197.960991 1.0
82 1 697.042703 173.773840 755.605268 230.053801 1.0
82 1 684.248004 177.552073 740.879899 221.673829 1.0
82 1 675.165346 178.174366 715.493311 213.162922 1.0
82 1 656.942023 177.344402 682.055613 199.382216 1.0
83 1 998.463847 204.971604 1223.000000 369.000000 1.0
83 1 794.377292 178.799308 1120.273879 354.533014 1.0
83 1 136.729658 168.897843 277.163957 235.950429 1.0
83 1 470.314413 176.230271 507.051089 197.295950 1.0
83 1 697.690629 173.945259 758.574376 232.443491 1.0
83 1 683.296945 177.395009 742.073389 222.864510 1.0
83 1 673.523889 177.630485 715.037728 213.437065 1.0
83 1 663.394297 176.192858 702.127129 207.107612 1.0
83 1 653.562957 176.605290 679.113880 198.928885 1.0
84 1 1092.284833 214.035515 1223.000000 369.000000 1.0
84 1 807.312876 178.405912 1189.626547 369.000000 1.0
84 1 92.983520 169.216821 250.146174 241.781583 1.0
84 1 462.397514 176.033900 500.732917 197.807432 1.0
84 1 697.819606 174.130795 761.786769 235.029398 1.0
84 1 683.020772 176.121261 744.016000 223.044711 1.0
84 1 671.807027 177.061666 714.558132 213.725421 1.0
84 1 663.107355 175.967020 702.858445 207.604702 1.0
84 1 652.726505 175.960694 678.747055 198.653020 1.0
85 1 822.389789 177.948365 1223.000000 369.000000 1.0
85 1 46.166613 169.529604 222.763838 248.410302 1.0
85 1 453.917245 175.824573 493.997794 198.355308 1.0
85 1 700.617791 173.493331 768.403747 237.231015 1.0
85 1 684.228618 175.832250 747.846537 224.450701 1.0
85 1 670.009413 176.466149 714.052610 214.029127 1.0
85 1 662.808252 175.730389 703.624634 208.125569 1.0
85 1 651.862618 175.273966 678.367281 198.367426 1.0
86 1 843.673080 177.967596 1223.000000 369.000000 1.0
86 1 0.000000 169.902322 191.257491 256.272996 1.0
86 1 446.185373 176.493412 488.088473 199.912241 1.0
86 1 703.641144 172.793096 775.671882 239.647344 1.0
86 1 685.514122 175.521639 751.963090 225.962027 1.0
86 1 671.384040 176.767751 717.114519 215.492268 1.0
86 1 663.316189 176.525204 705.356543 209.738249 1.0
86 1 651.501686 175.559586 678.546674 199.067480 1.0
87 1 869.707438 177.991101 1223.000000 369.000000 1.0
87 1 0.000000 170.962415 154.938188 266.339480 1.0
87 1 437.856235 177.209894 481.758167 201.589445 1.0
87 1 706.917976 172.020341 783.692274 242.311405 1.0
87 1 687.492630 176.924260 757.112563 229.376782 1.0
87 1 672.833353 177.085705 720.365228 217.045726 1.0
87 1 663.846827 177.287906 707.175496 211.432153 1.0
87 1 651.128517 175.855640 678.732573 199.793151 1.0
88 1 902.283604 178.020484 1223.000000 369.000000 1.0
88 1 0.000000 172.654885 112.084874 269.278416 1.0
88 1 429.103640 178.183143 475.277761 203.619862 1.0
88 1 711.409268 172.295271 793.725392 246.460787 1.0
88 1 689.867436 176.531661 762.925607 231.126276 1.0
88 1 674.363600 177.421380 723.822760 218.698128 1.0
88 1 665.140599 178.311403 709.929661 213.470935 1.0
88 1 650.360748 175.370969 678.513153 199.754986 1.0
89 1 944.221560 178.058265 1223.000000 369.000000 1.0
89 1 0.000000 174.408172 60.760625 271.448644 1.0
89 1 419.621245 179.230914 468.301226 205.819546 1.0
89 1 716.320655 172.602727 804.944754 251.097009 1.0
89 1 692.416759 176.048715 769.246248 233.028590 1.0
89 1 675.981753 177.776299 727.507510 220.459239 1.0
89 1 665.756646 177.757983 712.000652 213.841439 1.0
89 1 652.088439 176.452399 680.991254 201.324202 1.0
90 1 1000.234105 178.177823 1223.000000 369.000000 1.0
90 1 409.810695 179.853187 461.200257 207.650207 1.0
90 1 721.713965 172.948844 817.573961 256.374896 1.0
90 1 695.160571 175.521652 776.144010 235.104662 1.0
90 1 677.990921 177.301609 731.554891 221.486140 1.0
90 1 666.404306 177.176178 714.192834 214.233617 1.0
90 1 653.063690 176.519331 682.684773 201.902326 1.0
91 1 1083.820646 179.941098 1223.000000 369.000000 1.0
91 1 399.111400 180.526828 453.513213 209.646677 1.0
91 1 728.561059 173.200522 832.670778 262.664564 1.0
91 1 698.122007 174.944136 783.701718 237.379439 1.0
91 1 680.132795 176.795391 735.913280 222.591442 1.0
91 1 667.086073 176.563747 716.517166 214.649427 1.0
91 1 654.076431 176.588834 684.448678 202.504489 1.0
92 1 1211.201936 182.649773 1223.000000 369.000000 1.0
92 1 386.939956 180.982398 444.744746 211.525987 1.0
92 1 736.210155 173.491515 850.122384 269.935522 1.0
92 1 701.981278 174.698529 793.542198 240.712431 1.0
92 1 682.420964 176.249664 740.619966 223.784482 1.0
92 1 667.804715 175.845681 718.985972 215.091070 1.0
92 1 654.595820 176.877240 685.708070 203.365349 1.0
93 1 373.974398 180.874107 435.470441 212.872909 1.0
93 1 744.810851 173.831812 870.526471 278.436839 1.0
93 1 706.221548 174.423098 804.576896 244.450693 1.0
93 1 684.870940 175.573453 745.718447 225.076139 1.0
93 1 668.563303 175.055004 721.613155 215.561033 1.0
93 1 655.135947 177.177150 687.021988 204.263500 1.0
94 1 359.699907 180.755991 425.354750 214.355777 1.0
94 1 754.108853 174.224332 895.792475 288.926451 1.0
94 1 710.902155 174.112061 817.037266 248.672928 1.0
94 1 687.678274 175.599212 752.126607 227.296006 1.0
94 1 670.440898 175.170579 725.743552 217.093077 1.0
94 1 655.834951 177.138768 688.665122 204.923951 1.0
95 1 344.387556 178.136428 414.715019 213.219544 1.0
95 1 764.797148 174.700809 926.457367 301.657518 1.0
95 1 716.095431 173.758034 831.218708 253.479628 1.0
95 1 690.705360 175.627362 759.127849 229.721756 1.0
95 1 672.435298 175.294545 730.173681 218.736184 1.0
95 1 656.568131 177.098511 690.395778 205.619588 1.0
96 1 327.687320 180.466175 403.158700 217.816514 1.0
96 1 777.212753 175.291403 964.458623 317.434421 1.0
96 1 722.256355 174.118068 847.796411 259.740589 1.0
96 1 693.979026 175.658252 766.808541 232.383425 1.0
96 1 674.557753 175.427849 734.937400 220.502884 1.0
96 1 657.338057 177.056237 692.221141 206.353300 1.0
97 1 308.882082 180.733280 390.292508 220.353049 1.0
97 1 792.000892 175.899584 1013.759986 338.013843 1.0
97 1 729.171401 174.535663 867.022582 267.002632 1.0
97 1 697.530650 175.692301 775.272675 235.317190 1.0
97 1 676.821003 175.571589 740.073863 222.407669 1.0
97 1 658.224712 177.160531 694.233877 207.291029 1.0
98 1 287.679929 181.030120 375.994224 223.212834 1.0
98 1 809.716514 176.521401 1079.028746 365.258413 1.0
98 1 736.988050 175.025822 889.587016 275.526719 1.0
98 1 701.438664 175.563926 784.053764 238.615710 1.0
98 1 679.008256 175.654081 745.302967 224.511201 1.0
98 1 659.158149 177.270325 696.363144 208.283059 1.0
99 1 263.591329 181.361953 360.010714 226.461864 1.0
99 1 831.324392 177.282915 1169.227425 369.000000 1.0
99 1 745.894924 175.609256 916.441812 285.673145 1.0
99 1 705.734735 175.419732 793.916164 242.316316 1.0
99 1 681.360755 175.744052 751.005984 226.804478 1.0
99 1 659.893719 176.559589 698.345368 208.425550 1.0
100 1 236.024506 180.827276 342.263992 229.073872 1.0
100 1 861.616230 178.266256 1223.000000 369.000000 1.0
100 1 756.137204 176.315390 948.939183 297.953775 1.0
100 1 710.479629 175.256603 805.072797 246.497303 1.0
100 1 683.897960 175.842568 757.250399 229.314384 1.0
100 1 660.670256 175.735499 700.449391 208.576797 1.0
101 1 204.200034 180.222175 322.180523 232.089148 1.0
101 1 901.168942 179.559173 1223.000000 369.000000 1.0
101 1 768.880096 176.441494 992.042223 313.474933 1.0
101 1 715.747500 175.070546 817.796412 251.258703 1.0
101 1 687.126920 176.422128 764.972244 232.713686 1.0
101 1 661.491280 174.853738 702.686798 208.737632 1.0
101 1 567.967323 171.943558 588.776138 187.405058 1.0
102 1 167.048986 179.531756 299.266256 235.608897 1.0
102 1 954.995697 181.335170 1223.000000 369.000000 1.0
102 1 784.053041 176.604152 1047.624854 333.494291 1.0
102 1 722.208024 176.403941 834.576844 258.667523 1.0
102 1 690.649091 176.948281 773.558008 236.491402 1.0
102 1 679.586389 174.683767 736.577845 218.067699 1.0
102 1 662.360725 173.914226 705.070690 208.908999 1.0
102 1 564.589079 170.511488 586.581838 186.605182 1.0
103 1 124.400405 180.654829 273.812851 242.015458 1.0
103 1 1032.524684 184.781437 1223.000000 369.000000 1.0
103 1 802.424408 176.801543 1122.024321 360.298667 1.0
103 1 729.521049 177.632257 854.264839 267.354182 1.0
103 1 694.506309 177.524708 783.161268 240.714446 1.0
103 1 681.787900 175.684982 741.724628 220.920670 1.0
103 1 663.438714 174.686686 707.796376 210.867574 1.0
103 1 560.244684 171.850791 583.075149 188.692544 1.0
104 1 73.299718 181.959725 244.240238 249.691054 1.0
104 1 1155.871301 187.775545 1223.000000 369.000000 1.0
104 1 825.124663 176.978479 1223.000000 369.000000 1.0
104 1 737.867217 179.034638 877.687805 277.680470 1.0
104 1 698.748766 178.158977 793.974290 245.466493 1.0
104 1 684.156263 176.709081 747.332235 224.028608 1.0
104 1 664.584430 175.513420 710.713493 212.963741 1.0
104 1 555.475674 173.320851 579.250663 190.984313 1.0
105 1 10.958014 183.494487 209.460450 259.153746 1.0
105 1 853.888172 177.202608 1223.000000 369.000000 1.0
105 1 747.482081 180.650907 906.019988 290.158992 1.0
105 1 703.437209 178.860254 806.241047 250.853584 1.0
105 1 686.711194 177.711678 753.465460 227.427293 1.0
105 1 665.804461 176.400355 713.842944 215.212525 1.0
105 1 550.216470 174.941784 575.063237 193.512045 1.0
