0 4 466.194319 139.161762 557.194320 332.842544 1.0
0 4 389.158096 150.885617 497.158096 359.917155 1.0
0 4 485.398585 145.273299 502.065252 200.312156 1.0
0 4 525.723004 137.996529 541.389670 191.857804 1.0
0 4 545.146393 143.123321 559.813059 190.469783 1.0
0 4 568.546716 145.927759 581.213382 191.540706 1.0
0 5 505.904313 138.198030 535.341152 183.041223 1.0
1 4 483.025775 139.409317 565.657064 335.429252 1.0
1 4 402.714353 149.142989 501.848390 360.016771 1.0
1 4 486.099565 145.438419 504.530340 200.900243 1.0
1 4 525.868566 137.287124 542.486457 191.112213 1.0
1 4 544.802351 142.989912 558.476395 190.627561 1.0
1 4 567.254739 145.302454 580.167373 191.128475 1.0
1 5 503.277826 138.292603 533.673492 183.340301 1.0
2 4 500.018230 139.663180 573.351562 338.078276 1.0
2 4 419.250122 148.300070 508.916788 361.508474 1.0
2 4 486.577639 145.606103 506.577639 201.497437 1.0
2 4 525.932811 137.177514 543.599477 191.459852 1.0
2 4 544.353865 142.856799 557.020532 190.783793 1.0
2 4 567.398873 145.231662 580.065540 191.331787 1.0
2 5 500.639941 138.388835 531.978950 183.641703 1.0
3 4 511.139404 139.923579 586.873024 340.791878 1.0
3 4 434.218985 147.438990 523.662903 363.029550 1.0
3 4 487.827301 145.776410 508.445115 202.103950 1.0
3 4 526.036442 137.066092 542.538476 191.813267 1.0
3 4 547.630367 142.721130 558.503198 190.943744 1.0
3 4 566.825980 145.160026 580.006200 191.537518 1.0
3 5 497.990883 138.486736 530.256791 183.945442 1.0
4 4 522.211484 140.190757 599.544817 343.572427 1.0
4 4 449.553045 146.559191 538.219712 364.580858 1.0
4 4 489.172601 145.949403 510.172602 202.720002 1.0
4 4 525.910200 136.952814 540.910201 192.172602 1.0
4 4 550.929738 142.583815 559.929739 191.105708 1.0
4 4 566.300271 145.087530 579.966938 191.745713 1.0
4 5 495.056623 137.958661 528.255933 183.647878 1.0
5 4 529.527944 140.464968 608.146151 346.422413 1.0
5 4 456.569359 150.405260 555.979858 369.000000 1.0
5 4 490.475869 146.125145 510.267218 203.345820 1.0
5 4 522.529670 136.837630 537.670562 192.538007 1.0
5 4 547.265828 142.444825 559.311506 191.269723 1.0
5 4 568.630777 145.014159 582.228952 191.956415 1.0
5 5 492.106866 137.425919 526.221777 183.347297 1.0
6 4 537.754763 141.086880 616.754760 348.259383 1.0
6 4 463.686013 154.321714 573.352676 369.000000 1.0
6 4 491.687351 146.303703 510.020684 203.981636 1.0
6 4 518.869790 136.720492 533.869790 192.909636 1.0
6 4 543.241434 142.304128 558.241434 191.435829 1.0
6 4 571.056677 144.939896 584.556677 192.169670 1.0
6 5 488.970313 137.955875 523.298832 184.253317 1.0
7 4 559.189196 141.716196 627.129236 350.118153 1.0
7 4 486.238634 152.520034 578.237594 369.000000 1.0
7 4 493.723254 146.095273 512.715967 204.139683 1.0
7 4 520.303506 136.789026 536.473000 193.249922 1.0
7 4 542.866418 142.406991 559.653908 191.868382 1.0
7 4 569.744243 144.894771 582.587489 192.377001 1.0
7 5 485.781743 138.494805 520.329356 185.174632 1.0
8 4 580.754615 142.353049 637.087950 351.999113 1.0
8 4 508.872361 150.668143 581.872365 369.000000 1.0
8 4 219.810714 142.663178 278.477382 310.026969 1.0
8 4 495.665184 145.884234 515.331851 204.299698 1.0
8 4 521.503768 136.858926 539.170435 193.593537 1.0
8 4 542.577629 142.511282 560.910963 192.306914 1.0
8 4 568.245141 144.849193 580.245140 192.586586 1.0
8 5 482.539831 139.042935 517.312247 186.111629 1.0
9 4 588.896281 142.997574 663.263002 353.902661 1.0
9 4 519.560391 148.764703 612.174268 369.000000 1.0
9 4 227.642287 142.106384 294.219278 311.095524 1.0
9 4 497.083189 145.670534 515.741399 204.461716 1.0
9 4 520.777415 136.930196 537.388468 193.940517 1.0
9 4 543.023885 142.617031 561.168416 192.751549 1.0
9 4 568.777928 144.803155 584.609638 192.798463 1.0
9 5 479.243209 139.600497 514.246368 187.064709 1.0
10 4 597.008559 143.649910 689.008561 355.829208 1.0
10 4 530.028088 146.808351 641.361423 369.000000 1.0
10 4 235.581824 141.538677 309.581827 312.184976 1.0
10 4 498.410106 145.451370 516.076772 204.630909 1.0
10 4 520.275947 137.002838 536.275947 194.290899 1.0
10 4 543.413700 142.724265 561.080367 193.202414 1.0
10 4 569.459207 144.756649 588.959207 193.012670 1.0
10 5 475.890458 140.167734 511.130544 188.034288 1.0
11 4 599.824727 143.119571 685.395110 358.367424 1.0
11 4 542.896689 145.618147 653.288733 369.000000 1.0
11 4 246.612986 140.959735 316.250871 313.295944 1.0
11 4 186.301751 129.823583 299.477956 323.031855 1.0
11 4 500.689208 145.234950 519.513000 204.791917 1.0
11 4 519.199538 137.076856 535.512067 194.644719 1.0
11 4 543.107801 142.833014 560.244206 193.659639 1.0
11 4 570.363357 144.709668 588.577644 193.229244 1.0
11 5 474.521416 140.005936 508.053299 188.278519 1.0
12 4 605.698082 142.484634 683.698084 361.743080 1.0
12 4 555.666387 144.391285 663.666389 369.000000 1.0
12 4 257.868290 140.369221 322.534956 314.429073 1.0
12 4 237.123069 128.294234 316.456410 324.446462 1.0
12 4 502.938802 145.230219 522.938802 205.425695 1.0
12 4 518.301833 136.624939 534.968500 194.656657 1.0
12 4 543.163021 142.882502 559.496354 194.069409 1.0
12 4 571.071916 144.826323 587.738583 193.677127 1.0
12 5 473.229668 139.848186 504.846058 188.524609 1.0
13 4 628.593859 141.827976 703.938155 365.234988 1.0
13 4 575.747893 143.126046 669.146340 369.000000 1.0
13 4 270.310533 139.766783 338.073951 315.585031 1.0
13 4 252.274630 126.738411 327.305993 325.833339 1.0
13 4 504.382928 145.225407 523.562579 206.073187 1.0
13 4 518.505516 136.165664 535.407180 194.668781 1.0
13 4 543.716540 142.932695 559.444549 194.485035 1.0
13 4 572.576958 144.944662 588.039149 194.130960 1.0
13 5 472.011124 139.694829 501.511881 188.772502 1.0
14 4 651.678894 141.148469 723.012229 368.849070 1.0
14 4 595.956529 141.820602 673.289864 369.000000 1.0
14 4 283.480645 140.829353 353.813976 317.608531 1.0
14 4 267.873622 125.092027 337.873615 327.406825 1.0
14 4 505.873542 145.220510 523.873541 206.734845 1.0
14 4 518.572052 135.698850 535.572052 194.681095 1.0
14 4 544.162514 142.983605 559.162514 194.906642 1.0
14 4 574.250051 145.064721 588.583384 194.590859 1.0
14 5 468.385847 139.548113 499.422004 189.060242 1.0
15 4 656.531016 140.444908 734.359833 369.000000 1.0
15 4 594.818186 143.725256 692.906389 369.000000 1.0
15 4 299.625900 141.903936 363.951437 319.653361 1.0
15 4 269.954695 123.414634 337.470077 328.956713 1.0
15 4 507.718286 145.215526 526.547439 207.411137 1.0
15 4 516.584193 135.224309 532.654671 194.693603 1.0
15 4 543.881081 143.035250 558.938177 195.334362 1.0
15 4 573.899974 145.186536 587.531303 195.056943 1.0
15 5 464.718136 139.400125 497.276837 189.352271 1.0
16 4 660.912883 139.715998 743.912884 369.000000 1.0
16 4 593.700512 145.661923 712.033847 369.000000 1.0
16 4 316.087756 142.990710 374.421090 321.719821 1.0
16 4 270.957432 121.709157 335.290767 330.476874 1.0
16 4 509.625188 145.210452 528.958522 208.102553 1.0
16 4 514.645836 134.741848 529.645836 194.706311 1.0
16 4 543.666826 143.087645 558.666827 195.768327 1.0
16 4 573.622199 145.310143 586.622199 195.529337 1.0
16 5 460.347712 139.716406 494.629153 190.138931 1.0
17 4 673.553374 138.960349 762.216550 369.000000 1.0
17 4 608.583445 147.631409 718.968812 369.000000 1.0
17 4 319.674005 142.036597 400.088114 322.135500 1.0
17 4 270.156441 122.567691 333.697418 333.070095 1.0
17 4 510.868977 145.346793 531.494616 208.542222 1.0
17 4 516.566701 134.940834 536.967055 195.244395 1.0
17 4 543.804866 142.991438 560.298329 195.996876 1.0
17 4 574.262273 145.507664 589.166359 196.040061 1.0
17 5 455.926423 140.040798 491.902654 190.938957 1.0
18 4 686.084860 138.176469 778.751523 369.000000 1.0
18 4 628.471346 147.100867 730.138017 369.000000 1.0
18 4 323.410682 141.067940 425.744016 322.556957 1.0
18 4 268.890031 123.466448 331.223367 335.623059 1.0
18 4 1072.704554 142.288450 1223.000000 369.000000 1.0
18 4 512.047801 145.484490 533.714467 208.986116 1.0
18 4 516.623466 135.142767 537.880572 195.788805 1.0
18 4 544.028048 142.894070 562.028048 196.228145 1.0
18 4 574.652881 145.707961 590.986215 196.557265 1.0
18 5 451.454360 140.373466 489.093668 191.752618 1.0
19 4 703.896597 137.362750 786.718480 369.000000 1.0
19 4 651.315889 146.544360 745.991278 369.000000 1.0
19 4 333.363090 140.084414 429.362921 322.984318 1.0
19 4 274.555876 124.379714 347.064812 338.215838 1.0
19 4 1042.749192 142.682316 1223.000000 369.000000 1.0
19 4 513.378258 145.623565 536.016621 209.434294 1.0
19 4 516.691715 135.347668 538.792602 196.339629 1.0
19 4 545.191908 142.795521 562.682401 196.462182 1.0
19 4 575.769731 145.911072 592.042371 197.081057 1.0
19 5 446.931561 140.714580 486.198407 192.580197 1.0
20 4 721.564366 136.517459 792.564363 369.000000 1.0
20 4 673.205071 145.991051 759.205074 369.000000 1.0
20 4 343.461755 139.085684 432.795088 323.417707 1.0
20 4 280.162120 125.307824 362.495454 340.849353 1.0
20 4 1014.512142 143.692837 1223.000000 369.000000 1.0
20 4 514.538619 145.764035 537.871952 209.886818 1.0
20 4 516.772055 135.542895 539.702700 196.896953 1.0
20 4 546.414434 142.695768 563.414435 196.699036 1.0
20 4 576.892233 146.117037 592.558899 197.611551 1.0
20 5 442.358001 141.064308 483.212967 193.426311 1.0
21 4 723.676345 136.498475 814.996584 369.000000 1.0
21 4 680.596269 145.354232 783.729360 369.000000 1.0
21 4 367.439107 138.071405 446.774467 323.857258 1.0
21 4 294.589100 126.251126 368.133882 343.524558 1.0
21 4 987.853894 145.381185 1193.902539 369.000000 1.0
21 4 515.455364 145.905922 536.435171 210.343750 1.0
21 4 516.865094 135.716345 540.610426 197.460868 1.0
21 4 546.605705 142.594789 563.261793 196.938759 1.0
21 4 576.930158 146.322863 594.502963 198.148861 1.0
21 5 435.872707 140.644654 479.037694 193.369695 1.0
22 4 726.204239 136.512608 835.870906 369.000000 1.0
22 4 687.410662 144.690882 806.077328 369.000000 1.0
22 4 390.828476 138.540001 459.828474 325.891210 1.0
22 4 308.426945 125.788977 372.760276 344.535814 1.0
22 4 970.289848 146.956607 1134.623185 369.000000 1.0
22 4 516.398578 145.660598 534.731911 210.737296 1.0
22 4 517.081543 134.415475 540.952185 196.602972 1.0
22 4 546.193294 142.708724 562.526627 197.424537 1.0
22 4 576.580571 146.007801 595.580571 198.181460 1.0
22 5 429.443158 140.225549 474.668641 193.308675 1.0
23 4 737.840440 136.561211 837.326508 369.000000 1.0
23 4 718.854190 143.999310 831.676258 369.000000 1.0
23 4 397.224797 139.018622 476.073178 327.953110 1.0
23 4 314.370389 125.320989 386.759250 345.559439 1.0
23 4 958.757444 148.429896 1091.747500 369.000000 1.0
23 4 518.693864 145.410363 539.448189 211.138718 1.0
23 4 517.301077 133.095825 541.298816 195.732692 1.0
23 4 545.864005 142.824241 562.640034 197.917121 1.0
23 4 577.641499 145.688483 596.536326 198.214499 1.0
23 5 423.076726 139.806942 470.094360 193.243142 1.0
24 4 749.707137 135.949044 838.373807 369.000000 1.0
24 4 750.177737 143.277674 854.844402 369.000000 1.0
24 4 403.647402 139.507480 492.314069 330.043238 1.0
24 4 321.355778 124.805855 401.689108 346.730807 1.0
24 4 943.774224 146.142031 1053.107555 369.000000 1.0
24 4 521.007898 145.155068 544.007898 211.548255 1.0
24 4 518.705613 133.324802 542.851364 196.389007 1.0
24 4 545.508000 142.941371 562.508000 198.416654 1.0
24 4 578.864232 145.364822 597.530899 198.247986 1.0
24 5 416.779828 139.388736 465.303765 193.173010 1.0
25 4 767.279785 135.321096 874.725790 369.000000 1.0
25 4 751.616908 142.523970 876.019074 369.000000 1.0
25 4 425.164375 140.006789 500.044816 332.161874 1.0
25 4 327.779890 124.367071 420.508014 347.644685 1.0
25 4 902.616510 144.032194 1025.700997 369.000000 1.0
25 4 522.636497 144.894559 546.249664 211.966154 1.0
25 4 520.128850 133.556932 544.425235 197.054338 1.0
25 4 544.257949 143.060147 559.704008 198.923283 1.0
25 4 578.355724 145.036731 597.583726 198.281932 1.0
25 5 410.557860 138.970785 460.286197 193.098217 1.0
26 4 784.961815 134.676796 908.961814 369.000000 1.0
26 4 750.123091 142.527166 892.123086 369.000000 1.0
26 4 446.871327 140.516763 507.871324 334.309294 1.0
26 4 335.043594 123.880917 440.043591 348.706763 1.0
26 4 869.958663 148.719916 1010.625325 369.000000 1.0
26 4 524.089583 144.628673 548.089583 212.392676 1.0
26 4 521.571163 133.792280 546.020871 197.728872 1.0
26 4 543.630174 143.173951 557.296841 199.421199 1.0
26 4 577.664653 144.704116 597.331319 198.316346 1.0
26 5 404.663625 139.324711 454.932914 193.746244 1.0
27 4 813.655416 134.015545 925.138653 369.000000 1.0
27 4 766.384570 142.530643 901.192697 369.000000 1.0
27 4 453.269234 139.721926 533.737300 336.192118 1.0
27 4 352.582043 123.785759 441.714159 351.702121 1.0
27 4 851.385167 153.218867 975.291864 369.000000 1.0
27 4 527.174318 144.902889 550.325662 213.169108 1.0
27 4 522.067795 133.805266 546.007363 198.200743 1.0
27 4 544.464920 143.299648 557.800648 199.991995 1.0
27 4 580.495329 145.143454 598.752197 199.059040 1.0
27 5 398.717876 139.682824 449.504664 194.401111 1.0
28 4 842.496876 133.336705 938.163545 369.000000 1.0
28 4 782.801111 142.534420 908.134445 369.000000 1.0
28 4 459.526566 138.905526 558.859901 338.125023 1.0
28 4 370.128907 123.688073 442.462239 354.780571 1.0
28 4 826.059038 150.841331 954.669895 369.000000 1.0
28 4 530.079327 145.181339 552.412661 213.956969 1.0
28 4 523.532031 133.786267 544.032031 198.678858 1.0
28 4 545.173953 143.427419 558.173954 200.571636 1.0
28 4 583.399244 145.587799 600.065910 199.810189 1.0
28 5 392.719901 140.045176 443.999954 195.062911 1.0
29 4 848.825697 132.639601 967.348698 369.000000 1.0
29 4 796.955465 142.538514 968.625017 369.000000 1.0
29 4 467.697055 138.066690 567.076180 340.110013 1.0
29 4 383.233227 123.587754 459.569370 357.945614 1.0
29 4 802.043670 154.151152 907.972089 369.000000 1.0
29 4 533.092921 145.464113 555.077410 214.756503 1.0
29 4 526.105790 133.758419 544.104404 199.163323 1.0
29 4 544.677118 143.557315 559.011512 201.160327 1.0
29 4 584.825266 146.037239 602.068774 200.569938 1.0
29 5 386.668970 140.411818 438.417259 195.731738 1.0
30 4 854.398000 131.923515 993.064667 369.000000 1.0
30 4 815.102032 142.542946 989.533001 369.000000 1.0
30 4 475.905311 137.204497 574.238643 342.149203 1.0
30 4 396.180073 123.484688 475.846738 361.200947 1.0
30 4 780.413647 153.058880 870.080315 369.000000 1.0
30 4 536.383933 145.751305 558.050600 215.567967 1.0
30 4 528.613111 133.730986 544.613111 199.654248 1.0
30 4 544.057654 143.689389 559.724322 201.758280 1.0
30 4 586.043931 146.491859 603.710597 201.338436 1.0
30 5 380.564327 140.782804 432.755022 196.407691 1.0
31 4 881.684312 131.406112 1010.276666 369.000000 1.0
31 4 834.901126 142.688857 1012.648146 369.000000 1.0
31 4 502.630539 136.317974 584.564541 344.244823 1.0
31 4 406.139996 123.378757 483.528705 364.550485 1.0
31 4 764.221446 151.710783 860.062127 369.000000 1.0
31 4 538.747719 146.043012 562.731554 216.391621 1.0
31 4 526.397953 133.704001 543.757308 200.151747 1.0
31 4 545.106659 143.823694 566.564152 202.365715 1.0
31 4 587.132481 146.951751 605.881040 202.115835 1.0
31 5 372.092568 140.912364 424.761522 196.873659 1.0
32 4 909.203405 130.871061 1024.536738 369.000000 1.0
32 4 855.519171 142.841610 1036.702617 369.000000 1.0
32 4 527.524582 136.788892 591.857915 347.616953 1.0
32 4 415.667751 123.576894 490.001082 368.064950 1.0
32 4 749.690461 150.430261 851.690458 366.302040 1.0
32 4 539.810687 145.808451 566.144021 216.930012 1.0
32 4 524.731861 133.822330 543.398528 200.907425 1.0
32 4 545.566646 143.672328 567.315327 202.670910 1.0
32 4 587.586711 146.766443 607.253378 202.295874 1.0
32 5 363.521768 141.043532 416.667841 197.345269 1.0
33 4 929.011318 130.317442 1035.884697 369.000000 1.0
33 4 877.008044 143.001699 1061.754871 369.000000 1.0
33 4 536.081045 137.275008 615.078983 351.077374 1.0
33 4 432.419133 123.780570 508.776264 369.000000 1.0
33 4 724.467150 149.216013 825.015380 360.998751 1.0
33 4 539.847413 145.568731 564.913307 217.480286 1.0
33 4 524.845982 133.943005 544.602264 201.677977 1.0
33 4 546.034253 143.518634 568.077698 202.980953 1.0
33 4 588.929169 146.578663 607.837035 202.478314 1.0
33 5 354.850170 141.176336 408.472090 197.822622 1.0
33 5 519.554092 143.035090 549.805730 183.853396 1.0
34 4 948.314005 129.744271 1043.980673 369.000000 1.0
34 4 899.424087 143.169662 1087.868309 369.000000 1.0
34 4 544.576672 137.776922 637.576675 354.629346 1.0
34 4 449.075257 123.990020 526.741923 369.000000 1.0
34 4 701.439355 148.066556 802.772687 355.781707 1.0
34 4 539.852085 145.323679 563.518752 218.042840 1.0
34 4 524.672309 134.066091 545.338975 202.463845 1.0
34 4 546.509664 143.362556 568.851522 203.295961 1.0
34 4 590.012185 146.388363 608.012185 202.663202 1.0
34 5 346.075978 141.310807 400.172339 198.305824 1.0
34 5 518.158827 143.167876 548.826245 184.080674 1.0
35 4 961.495001 128.370931 1080.136182 369.000000 1.0
35 4 922.828622 143.346096 1115.111833 369.000000 1.0
35 4 557.333715 138.295262 649.535618 358.276291 1.0
35 4 455.621745 124.205492 552.835825 369.000000 1.0
35 4 686.329049 153.604179 789.477406 359.828443 1.0
35 4 542.202183 145.073115 566.930527 218.618087 1.0
35 4 525.786608 134.191658 545.172576 203.265487 1.0
35 4 546.993068 143.204039 569.637069 203.616054 1.0
35 4 591.446177 146.195490 612.015453 202.850588 1.0
35 5 337.197350 141.446974 391.766606 198.794981 1.0
35 5 516.761402 143.301519 547.837767 184.308863 1.0
36 4 974.257961 126.925444 1112.591292 369.000000 1.0
36 4 947.288503 143.531656 1143.560445 369.000000 1.0
36 4 569.838500 138.830688 660.171837 362.021808 1.0
36 4 462.102482 124.427249 578.102481 369.000000 1.0
36 4 665.927266 153.320744 772.260599 353.951656 1.0
36 4 544.711975 144.816849 570.378641 219.206463 1.0
36 4 526.752139 134.319778 544.418806 204.083379 1.0
36 4 547.484659 143.043025 570.434613 203.941357 1.0
36 4 592.831349 145.999992 615.831350 203.040523 1.0
36 5 325.825329 141.338966 381.080627 199.206865 1.0
36 5 515.361855 143.436020 546.840174 184.537967 1.0
37 4 1008.944627 125.401972 1219.110234 369.000000 1.0
37 4 972.876720 143.727068 1173.295898 369.000000 1.0
37 4 587.629859 138.307512 681.987580 364.933201 1.0
37 4 476.645334 124.896858 587.383260 369.000000 1.0
37 4 642.639632 153.285906 739.532807 347.026564 1.0
37 4 546.461921 145.171880 573.409950 220.483833 1.0
37 4 527.175731 152.129944 546.371915 222.486271 1.0
37 4 548.130033 142.960827 571.619434 204.291980 1.0
37 4 593.773254 145.895404 614.554373 203.360764 1.0
37 5 314.249105 141.228981 370.206357 199.626285 1.0
37 5 513.960223 143.571381 545.833342 184.767989 1.0
38 4 1035.896883 123.862085 1223.000000 369.000000 1.0
38 4 999.673210 143.933137 1204.407576 369.000000 1.0
38 4 605.451004 137.767970 702.117669 367.935521 1.0
38 4 491.394975 125.383070 595.728306 369.000000 1.0
38 4 609.778116 155.640868 707.778119 349.755586 1.0
38 4 548.071257 145.535873 575.737924 221.793216 1.0
38 4 527.291946 150.435020 547.625279 221.328673 1.0
38 4 548.790051 142.877738 572.815223 204.647637 1.0
38 4 594.598944 145.778562 613.265611 203.685603 1.0
38 5 302.463127 141.116964 359.138774 200.053449 1.0
38 5 512.556544 143.707606 544.817148 184.998934 1.0
39 4 1064.127550 124.199753 1223.000000 369.000000 1.0
39 4 1027.765577 144.648653 1223.000000 369.000000 1.0
39 4 612.559326 137.211283 715.683200 369.000000 1.0
39 4 510.214885 125.886518 608.772363 369.000000 1.0
39 4 603.754986 154.807403 695.509230 348.670438 1.0
39 4 551.044005 145.909170 576.348001 223.135828 1.0
39 4 526.432790 151.299806 548.650208 222.749216 1.0
39 4 549.465131 142.793734 574.022112 205.008434 1.0
39 4 596.081593 145.660054 613.700497 204.015136 1.0
39 5 290.461646 141.002859 347.872678 200.488574 1.0
39 5 510.754023 143.474118 543.383228 184.950140 1.0
40 4 1093.729816 124.533602 1223.000000 369.000000 1.0
40 4 1057.250172 146.027701 1223.000000 369.000000 1.0
40 4 619.188135 136.636621 726.854805 369.000000 1.0
40 4 529.105290 126.407864 620.771953 369.000000 1.0
40 4 601.874862 153.416007 686.874856 346.322189 1.0
40 4 554.164998 146.292129 576.498332 224.512946 1.0
40 4 525.410009 133.289963 549.076676 205.209678 1.0
40 4 550.155703 142.708794 575.240237 205.374478 1.0
40 4 597.798053 145.539844 614.464721 204.349466 1.0
40 5 278.238694 140.886607 336.402680 200.931883 1.0
40 5 508.937766 143.238599 541.934256 184.900890 1.0
41 4 643.155915 136.043097 738.768703 369.000000 1.0
41 4 542.771498 126.947797 649.992012 369.000000 1.0
41 4 570.335069 153.484535 669.954194 345.309576 1.0
41 4 555.795257 146.685126 577.874841 225.925916 1.0
41 4 524.797604 134.052390 548.876900 206.537218 1.0
41 4 550.862206 142.622895 576.469744 205.745880 1.0
41 4 600.494936 145.417894 616.280643 204.688695 1.0
41 5 507.107613 143.001024 540.470003 184.851178 1.0
42 4 663.844088 136.527308 745.177422 369.000000 1.0
42 4 552.823264 125.726408 674.489932 369.000000 1.0
42 4 538.910931 153.616668 650.577593 343.911726 1.0
42 4 557.039797 146.244912 578.373131 226.341418 1.0
42 4 524.877281 133.937900 548.877281 207.015759 1.0
42 4 554.430467 142.579071 574.430468 206.248514 1.0
42 4 602.118483 145.533691 617.118483 205.333728 1.0
42 5 505.263399 142.761365 538.990238 184.800998 1.0
43 4 676.714733 137.034987 770.746853 369.000000 1.0
43 4 568.407182 124.462126 677.117594 369.000000 1.0
43 4 518.635751 153.809243 626.206472 342.181986 1.0
43 4 559.662129 145.795107 586.017889 226.765947 1.0
43 4 526.138824 133.821552 548.783601 207.502262 1.0
43 4 555.672392 142.534486 575.430781 206.759931 1.0
43 4 602.624465 145.651703 620.313650 205.990477 1.0
43 5 503.404959 142.519596 537.494725 184.750345 1.0
44 4 689.130018 137.567842 793.796683 369.000000 1.0
44 4 584.099881 123.152715 677.766544 369.000000 1.0
44 4 500.332035 154.056780 604.998705 340.184918 1.0
44 4 562.324124 145.335395 593.324124 227.199803 1.0
44 4 527.471648 133.697902 548.471648 207.996926 1.0
44 4 556.665929 142.489121 575.999262 207.280365 1.0
44 4 603.209229 145.771984 623.209228 206.659259 1.0
44 5 500.319099 142.753132 534.665389 185.173190 1.0
45 4 702.955362 138.127750 811.391131 369.000000 1.0
45 4 606.887546 121.795783 706.266158 369.000000 1.0
45 4 491.258446 153.070667 573.206087 338.483735 1.0
45 4 565.291074 144.865445 595.067711 227.643295 1.0
45 4 528.313042 133.571607 548.774021 208.499960 1.0
45 4 560.624634 142.442955 578.881603 207.810056 1.0
45 4 604.516730 145.894591 625.633979 207.340398 1.0
45 5 497.205152 142.988834 531.810566 185.599888 1.0
46 4 716.385245 138.716779 825.718576 369.000000 1.0
46 4 629.750261 120.388763 733.083594 369.000000 1.0
46 4 482.075534 152.092350 540.408866 336.794650 1.0
46 4 568.484315 144.384911 596.484315 228.096748 1.0
46 4 529.113502 133.443164 548.780169 209.011577 1.0
46 4 564.623481 142.395967 581.623481 208.349253 1.0
46 4 605.631865 146.008514 627.381864 208.034234 1.0
46 5 494.062732 143.226733 528.929908 186.030490 1.0
47 4 737.691879 136.855032 839.223838 369.000000 1.0
47 4 637.962877 119.709542 753.756720 369.000000 1.0
47 4 453.196489 151.121759 532.728902 335.117544 1.0
47 4 571.279878 144.124975 598.989862 228.871445 1.0
47 4 530.169385 133.272043 551.435173 209.475405 1.0
47 4 561.378981 142.711854 581.433782 209.224577 1.0
47 4 606.714917 146.229348 629.300700 208.764501 1.0
47 5 490.891447 143.466859 526.023066 186.465050 1.0
48 4 758.592206 134.906510 849.258875 369.000000 1.0
48 4 645.850980 118.995564 771.517649 369.000000 1.0
48 4 424.486523 150.158825 524.819853 333.452298 1.0
48 4 573.918400 143.858530 600.918400 229.665527 1.0
48 4 531.028184 133.098022 553.694851 209.947090 1.0
48 4 557.872104 143.033145 580.872104 210.114638 1.0
48 4 607.819609 146.447858 631.152942 209.506810 1.0
48 5 487.690897 143.709244 523.089679 186.903624 1.0
49 4 763.943489 132.865001 873.445712 369.000000 1.0
49 4 673.681523 118.244042 796.067402 369.000000 1.0
49 4 414.760917 149.203482 495.189782 331.798797 1.0
49 4 582.370800 143.585328 605.412600 230.479732 1.0
49 4 529.513042 132.921029 551.295541 210.426834 1.0
49 4 559.956496 143.359979 581.865869 211.019812 1.0
49 4 610.278334 146.667524 634.327229 210.261458 1.0
49 5 484.815694 143.690364 520.475273 187.069453 1.0
50 4 768.681919 130.723688 894.348591 369.000000 1.0
50 4 701.750125 117.451886 817.416795 369.000000 1.0
50 4 405.047050 148.255662 465.047046 330.156928 1.0
50 4 590.823369 143.305110 609.490036 231.314835 1.0
50 4 528.145970 132.740985 548.812637 210.914844 1.0
50 4 562.058820 143.692502 582.725487 211.940484 1.0
50 4 612.899265 146.891002 637.565932 211.028755 1.0
50 5 481.916053 143.671324 517.838499 187.236696 1.0
51 4 807.669575 128.475067 919.453169 369.000000 1.0
51 4 714.455504 116.615653 831.523777 369.000000 1.0
51 4 374.806397 148.555821 458.988158 329.142739 1.0
51 4 587.095927 143.017602 614.244414 232.171650 1.0
51 4 530.279608 132.557811 552.386725 211.411337 1.0
51 4 562.755561 144.030861 585.159020 212.877057 1.0
51 4 614.864996 147.118391 639.585173 211.809018 1.0
51 5 478.991661 143.652121 515.179070 187.405369 1.0
52 4 845.913274 129.782993 939.913269 369.000000 1.0
52 4 724.948513 114.449206 839.948517 369.000000 1.0
52 4 344.765187 148.851673 453.098519 328.143084 1.0
52 4 583.283983 143.103444 618.617316 233.333775 1.0
52 4 531.947234 132.439831 555.280567 212.044754 1.0
52 4 562.392064 143.738551 586.392065 213.219831 1.0
52 4 615.917672 147.120656 640.584338 212.158414 1.0
52 5 476.042198 143.632754 512.496694 187.575491 1.0
53 4 864.635725 131.157526 977.449849 369.000000 1.0
53 4 740.620052 112.167230 929.111539 369.000000 1.0
53 4 337.500352 149.143309 427.676799 327.157652 1.0
53 4 586.252782 143.191385 620.691750 234.524304 1.0
53 4 531.196678 132.319660 555.549329 212.690276 1.0
53 4 563.293910 143.440915 587.295152 213.569052 1.0
53 4 617.480234 147.122948 640.586048 212.511594 1.0
53 5 473.067342 143.613221 509.791071 187.747082 1.0
54 4 882.291390 132.603884 1010.958060 369.000000 1.0
54 4 760.571331 109.760242 954.038464 369.000000 1.0
54 4 330.455618 149.430819 402.455616 326.186144 1.0
54 4 589.128825 143.281504 622.128825 235.744290 1.0
54 4 532.210093 132.336790 557.543426 213.448246 1.0
54 4 564.004671 143.137807 587.671338 213.924903 1.0
54 4 619.148005 147.125266 640.481339 212.868620 1.0
54 5 470.246561 144.059563 507.342741 188.355175 1.0
55 4 873.113865 134.127849 1078.639085 369.000000 1.0
55 4 781.514020 107.217686 980.167473 369.000000 1.0
55 4 311.339509 149.714289 384.168652 325.228264 1.0
55 4 593.560042 143.373882 627.154895 236.994840 1.0
55 4 534.228380 132.343743 558.602220 214.220147 1.0
55 4 565.113887 142.829074 589.113008 214.287574 1.0
55 4 621.773115 147.127611 643.198491 213.229555 1.0
55 5 467.407888 144.509454 504.872085 188.975581 1.0
56 4 896.938994 135.735840 1109.513892 369.000000 1.0
56 4 803.523724 104.527787 1007.587852 369.000000 1.0
56 4 293.512915 149.225898 367.179581 323.645799 1.0
56 4 598.143593 143.468605 631.810260 238.277118 1.0
56 4 536.380658 132.350911 559.713991 215.006366 1.0
56 4 566.017778 142.514557 590.017778 214.657265 1.0
56 4 624.281139 147.129985 645.614473 213.594463 1.0
56 5 464.551151 144.962931 502.378806 189.600730 1.0
57 4 920.076635 133.806560 1141.135364 369.000000 1.0
57 4 825.354365 104.783313 1038.736044 369.000000 1.0
57 4 279.982959 148.743630 349.350678 322.082731 1.0
57 4 602.025102 143.650326 636.158646 239.561713 1.0
57 4 538.438131 132.246477 562.175650 215.639142 1.0
57 4 568.075443 142.584599 592.953575 215.443316 1.0
57 4 627.544283 147.073806 648.195671 214.043335 1.0
57 5 462.044605 145.020221 499.675587 189.836641 1.0
58 4 944.569194 131.741165 1174.773576 369.000000 1.0
58 4 848.435647 105.074255 1072.080631 369.000000 1.0
58 4 266.757604 148.267374 331.757601 320.538710 1.0
58 4 605.852894 143.836347 639.852895 240.876511 1.0
58 4 540.324754 132.140178 564.324754 216.283178 1.0
58 4 570.043833 142.642638 595.377165 216.245267 1.0
58 4 630.701538 147.016904 650.701537 214.498672 1.0
58 5 459.534144 145.078732 496.939425 190.074028 1.0
59 4 970.539274 129.524721 1210.627819 369.000000 1.0
59 4 872.868656 105.404365 1107.873801 369.000000 1.0
59 4 257.119016 151.533500 314.415450 319.135451 1.0
59 4 607.795950 144.026821 643.602982 242.222589 1.0
59 4 540.898481 132.031962 565.806924 216.938779 1.0
59 4 570.098347 142.701974 598.150839 217.063602 1.0
59 4 632.904926 146.959263 652.888514 214.960611 1.0
59 5 456.074348 144.913333 493.864821 190.155902 1.0
60 4 998.124728 127.813588 1223.000000 369.000000 1.0
60 4 896.961547 103.584736 1140.518944 369.000000 1.0
60 4 249.492623 154.629705 300.825955 317.795447 1.0
60 4 609.556442 144.221910 646.556442 243.601075 1.0
60 4 541.522866 131.921778 567.189532 217.606257 1.0
60 4 569.800617 142.761022 600.133950 217.909558 1.0
60 4 634.951552 146.900869 654.951551 215.429296 1.0
60 5 452.578199 144.746135 490.755831 190.238664 1.0
61 4 1027.481114 127.273383 1223.000000 369.000000 1.0
61 4 922.490289 101.633827 1175.183163 369.000000 1.0
61 4 241.057960 152.300069 293.280637 314.108159 1.0
61 4 612.177548 144.421781 651.182847 245.013154 1.0
61 4 541.017912 131.809571 569.434096 218.285938 1.0
61 4 571.518037 142.824706 600.776833 218.751454 1.0
61 4 636.437357 146.841706 657.752251 215.904872 1.0
61 5 449.045117 144.577110 487.611880 190.322330 1.0
62 4 949.587100 99.536896 1212.059834 369.000000 1.0
62 4 233.245415 150.009169 286.578745 310.481267 1.0
62 4 615.630783 144.153546 655.964117 246.155127 1.0
62 4 539.329709 131.479199 570.329709 218.865139 1.0
62 4 573.616400 142.752947 601.283067 219.279962 1.0
62 4 635.463927 147.031976 658.130593 216.742469 1.0
62 5 444.523680 145.079556 483.877662 191.067556 1.0
63 4 978.400961 97.276907 1223.000000 369.000000 1.0
63 4 160.196128 147.756083 272.200036 306.913331 1.0
63 4 621.382004 143.877715 661.009993 247.329489 1.0
63 4 541.404118 131.141814 571.385248 219.456645 1.0
63 4 574.461980 142.680071 602.957185 219.816847 1.0
63 4 635.846172 147.225850 658.961666 217.596005 1.0
63 5 439.985068 145.588350 480.072738 191.820116 1.0
64 4 1009.100316 97.019120 1223.000000 369.000000 1.0
64 4 627.186653 143.593959 665.519985 248.537635 1.0
64 4 543.698426 130.797191 572.365092 220.060850 1.0
64 4 575.391311 142.606051 604.391310 220.362309 1.0
64 4 636.237612 147.423425 659.806975 218.465937 1.0
64 5 436.478767 145.557260 476.878879 191.987202 1.0
65 4 1041.876408 98.164783 1223.000000 369.000000 1.0
65 4 631.134282 143.301931 671.261538 249.781046 1.0
65 4 545.920951 130.617091 572.757152 220.810333 1.0
65 4 577.469143 142.530861 606.638324 220.916554 1.0
65 4 638.419418 147.624803 663.107363 219.352735 1.0
65 5 432.943904 145.525924 473.656818 192.155711 1.0
66 4 1076.947242 99.290803 1223.000000 369.000000 1.0
66 4 634.939253 143.001263 676.272588 251.061286 1.0
66 4 548.313721 130.433211 572.980387 221.575562 1.0
66 4 579.623891 142.454472 608.623890 221.479795 1.0
66 4 637.049229 147.830091 661.541853 220.256891 1.0
66 5 429.380126 145.494339 470.406183 192.325661 1.0
67 4 639.886005 143.515269 680.909903 253.146023 1.0
67 4 547.029019 130.219860 572.430293 222.287351 1.0
67 4 581.696555 142.424574 613.284151 222.130115 1.0
67 4 642.776202 147.728324 668.521782 220.760879 1.0
67 5 425.787074 145.462502 467.126596 192.497072 1.0
68 4 644.680637 144.044464 684.680638 255.292253 1.0
68 4 545.596051 130.002315 571.262717 223.013921 1.0
68 4 583.620374 142.394216 617.620374 222.791622 1.0
68 4 648.418726 147.624872 675.085393 221.273410 1.0
68 5 422.164384 145.430411 463.817671 192.669961 1.0
69 4 651.562490 144.589531 691.922898 257.502738 1.0
69 4 546.253208 129.780449 572.996054 223.755737 1.0
69 4 586.395398 142.363386 619.333714 223.464607 1.0
69 4 650.603555 147.519692 676.952179 221.794703 1.0
69 5 419.350024 145.406452 460.551768 192.993176 1.0
70 4 658.346481 145.151194 698.346482 259.780404 1.0
70 4 547.110995 129.554129 574.444328 224.513282 1.0
70 4 589.286292 142.332072 620.952959 224.149368 1.0
70 4 652.616976 147.412741 678.283642 222.324984 1.0
70 5 416.610532 145.386957 457.141381 193.317919 1.0
71 4 660.511949 145.730221 706.888045 262.128362 1.0
71 4 549.488646 129.309919 578.579487 225.287059 1.0
71 4 592.184675 142.300261 623.618137 224.846217 1.0
71 4 654.372578 147.303973 678.715712 222.864487 1.0
71 5 413.945732 145.372262 453.586858 193.644117 1.0
72 4 662.682821 145.308414 714.682820 263.875220 1.0
72 4 550.893310 129.979171 581.226643 226.960560 1.0
72 4 594.576231 142.113253 625.576230 225.560616 1.0
72 4 656.401876 147.402639 679.068542 223.637131 1.0
72 5 412.002512 145.642906 452.658837 194.084090 1.0
73 4 670.433588 144.870807 718.936865 265.687719 1.0
73 4 549.486695 130.662680 581.912892 228.669350 1.0
73 4 597.456671 141.922113 627.813136 226.290788 1.0
73 4 658.208151 147.503070 682.668095 224.423639 1.0
73 5 410.097456 145.917478 451.677105 194.525804 1.0
74 4 678.238750 144.416492 721.572082 267.569624 1.0
74 4 548.218940 131.360901 582.218939 230.414550 1.0
74 4 600.336458 141.726703 629.669791 227.037261 1.0
74 4 659.806924 147.605315 685.806923 225.224386 1.0
74 5 404.790971 145.828437 447.165863 194.738172 1.0
75 4 682.959147 143.944494 732.822803 269.524997 1.0
75 4 551.525334 129.935776 583.690490 229.955878 1.0
75 4 600.133244 141.526879 629.317110 227.800586 1.0
75 4 662.065143 147.709424 690.047349 226.039763 1.0
75 5 399.441859 145.738959 442.576261 194.952701 1.0
76 4 687.805737 143.453757 742.805739 271.558221 1.0
76 4 554.945779 128.482674 584.612445 229.488052 1.0
76 4 604.009755 143.429179 632.676421 229.970969 1.0
76 4 664.103409 147.815447 693.770076 226.870175 1.0
76 5 394.049718 145.649032 437.906354 195.169411 1.0
77 4 692.164938 142.826055 741.351658 272.892339 1.0
77 4 556.719730 128.499488 586.612073 230.697986 1.0
77 4 605.683712 143.233313 635.196665 230.881520 1.0
77 4 667.032857 147.984682 698.183604 227.781773 1.0
77 5 388.614116 145.558641 433.154163 195.388328 1.0
78 4 696.620228 142.178833 738.953561 274.267888 1.0
78 4 558.304522 128.516719 587.971188 231.936826 1.0
78 4 607.320593 143.032390 637.320593 231.815577 1.0
78 4 670.099835 148.157141 702.099834 228.710656 1.0
78 5 383.134584 145.467769 428.317668 195.609474 1.0
79 4 706.195192 141.511166 753.613605 275.686829 1.0
79 4 559.437893 128.534381 589.500740 233.205623 1.0
79 4 611.060803 142.826210 645.088425 232.774063 1.0
79 4 672.124361 148.332909 705.290750 229.657313 1.0
79 5 379.814739 145.423983 425.232005 195.738149 1.0
80 4 715.585004 143.905623 767.251671 280.471843 1.0
80 4 560.624057 128.552491 590.624056 234.505473 1.0
80 4 614.864798 142.614565 652.531463 233.757948 1.0
80 4 673.033372 148.513928 706.700039 230.672890 1.0
80 5 376.472334 145.379895 422.125926 195.867711 1.0
81 4 720.929007 146.387132 777.380574 285.430634 1.0
81 4 561.343876 128.571064 593.080077 235.837532 1.0
81 4 616.022187 142.397235 655.607886 234.768255 1.0
81 4 676.750608 148.691852 708.416711 231.709393 1.0
81 5 373.107138 145.335501 418.999229 195.998171 1.0
82 4 726.639430 144.950438 786.639430 286.592980 1.0
82 4 561.570407 128.476275 594.570406 237.001888 1.0
82 4 617.514604 142.501892 658.514606 235.949208 1.0
82 4 681.380399 148.520737 710.380400 232.339660 1.0
82 5 369.718917 145.290799 415.851707 196.129538 1.0
83 4 735.757977 143.458987 793.354395 287.799574 1.0
83 4 561.060125 128.379280 597.167681 238.193830 1.0
83 4 620.817167 142.609038 659.879069 237.157728 1.0
83 4 681.762512 148.346317 714.323841 232.982142 1.0
83 5 365.229303 145.229613 411.686624 196.307006 1.0
84 4 744.726544 144.451553 798.393209 291.450352 1.0
84 4 560.288652 128.280001 598.955318 239.414350 1.0
84 4 624.272304 142.718761 660.938970 238.394791 1.0
84 4 682.141291 148.168493 717.807958 233.637197 1.0
84 5 359.939656 146.014307 406.774029 197.444510 1.0
85 4 750.170084 145.481423 810.678249 295.238169 1.0
85 4 561.522449 128.178354 601.346995 240.664486 1.0
85 4 627.850711 142.831156 667.062340 239.661420 1.0
85 4 687.318672 147.987164 721.099609 234.305198 1.0
85 5 354.578227 146.810020 401.797572 198.597765 1.0
86 4 755.410607 146.550740 821.410605 299.170890 1.0
86 4 566.402833 128.087101 606.736166 241.773568 1.0
86 4 631.630206 142.946321 672.963538 240.958687 1.0
86 4 692.324375 147.802228 723.657709 234.986531 1.0
86 5 349.143511 147.616974 396.756032 199.767093 1.0
87 4 768.346306 146.821293 827.139544 302.807508 1.0
87 4 571.154997 128.033504 610.595392 243.402996 1.0
87 4 630.937059 143.017098 673.728217 242.305040 1.0
87 4 693.932495 147.857977 729.461177 235.998299 1.0
87 5 343.633966 148.435401 391.648155 200.952821 1.0
88 4 781.424051 147.104067 831.090717 306.608170 1.0
88 4 575.976295 127.978332 613.976296 245.081331 1.0
88 4 630.074790 143.089721 673.741456 243.686918 1.0
88 4 695.439518 147.914967 734.772851 237.032495 1.0
88 5 338.048000 149.265536 386.472653 202.155286 1.0
89 4 786.289776 147.399906 846.215078 310.584232 1.0
89 4 578.929175 127.921515 618.198488 246.810806 1.0
89 4 633.223318 143.164262 675.039058 245.105745 1.0
89 4 699.766334 147.973239 737.018927 238.089873 1.0
89 5 332.410231 148.120892 381.259068 201.395088 1.0
90 4 791.047105 147.709740 859.713770 314.748123 1.0
90 4 581.478148 127.861578 621.478147 248.603339 1.0
90 4 636.499660 143.240800 675.832994 246.563025 1.0
90 4 704.179869 148.032837 738.846536 239.171220 1.0
90 5 326.691792 146.959593 375.974399 200.623676 1.0
91 4 798.261565 148.034583 867.865645 319.113473 1.0
91 4 586.067429 127.802629 624.699841 250.432815 1.0
91 4 636.114664 143.319414 677.406827 248.060340 1.0
91 4 706.584084 148.093807 742.313536 240.277361 1.0
91 5 320.890907 145.781285 370.617214 199.840811 1.0
92 4 806.132108 147.682183 874.465442 322.961054 1.0
92 4 589.988923 128.063758 626.655591 252.158874 1.0
92 4 636.351290 143.446295 679.017956 249.699962 1.0
92 4 709.785135 148.274439 746.118468 241.462593 1.0
92 5 315.005747 144.585602 365.186042 199.046247 1.0
93 4 824.691236 147.312022 893.191491 327.002281 1.0
93 4 588.359559 128.331262 628.381935 253.926577 1.0
93 4 638.789756 143.576830 683.677498 251.387827 1.0
93 4 714.484045 148.459063 752.386010 242.673923 1.0
94 4 843.880907 146.922725 910.214243 331.252153 1.0
94 4 586.394841 128.605375 629.394842 255.737445 1.0
94 4 641.214026 143.711179 687.547360 253.126097 1.0
94 4 719.130799 148.647813 758.130800 243.912223 1.0
95 4 852.151722 146.512766 935.683330 335.727255 1.0
95 4 587.012374 128.886341 632.243001 257.593078 1.0
95 4 643.078051 143.852025 689.836589 254.939886 1.0
95 4 723.163377 148.840827 761.091103 245.178402 1.0
96 4 852.539907 150.492284 950.873241 341.748465 1.0
96 4 587.548791 129.174417 634.548792 259.495152 1.0
96 4 646.032716 143.992004 692.366050 256.763152 1.0
96 4 727.361013 149.038253 763.694347 246.473413 1.0
97 4 873.996586 148.979204 961.739338 345.679369 1.0
97 4 595.001076 129.095930 639.319952 261.404328 1.0
97 4 648.210643 144.468366 696.910186 258.998876 1.0
97 4 732.932834 149.541491 772.463900 248.164819 1.0
98 4 895.902370 147.377365 969.235702 349.840514 1.0
98 4 602.293415 129.015074 643.293413 263.372505 1.0
98 4 650.370716 144.959743 700.704052 261.304920 1.0
98 4 738.285609 150.057230 780.285608 249.897808 1.0
99 4 906.736742 145.678722 1000.755834 354.252738 1.0
99 4 608.364505 128.931737 647.989653 265.402457 1.0
99 4 653.736727 145.466855 702.484091 263.684653 1.0
99 4 741.794438 150.585934 785.215621 251.673924 1.0
100 4 915.994745 148.037236 1027.661410 362.526150 1.0
100 4 614.582707 128.845800 652.249375 267.497137 1.0
100 4 657.111481 145.990468 703.444814 266.141663 1.0
100 4 742.462531 149.955573 786.462531 252.495559 1.0
101 4 936.720677 150.533741 1043.472940 369.000000 1.0
101 4 615.154882 128.757138 657.103239 269.659688 1.0
101 4 659.829649 146.531401 706.726823 268.679776 1.0
101 4 746.136618 149.306899 791.733948 253.340924 1.0
102 4 957.911973 148.327874 1055.245307 369.000000 1.0
102 4 615.175337 129.208269 660.842005 271.908659 1.0
102 4 662.516647 146.574234 709.183315 270.440080 1.0
102 4 752.422534 149.394191 798.755867 254.642852 1.0
103 4 981.196136 145.982381 1081.987776 369.000000 1.0
103 4 611.817208 129.671087 664.634753 274.215755 1.0
103 4 667.372947 146.618295 715.726693 272.250361 1.0
103 4 757.662874 149.483597 803.473967 255.975385 1.0
104 4 1004.392633 143.483573 1104.392634 369.000000 1.0
104 4 608.484173 130.145685 667.817504 276.583258 1.0
104 4 672.225250 146.663639 721.558583 274.112780 1.0
104 4 763.193586 149.575189 807.860252 257.339613 1.0
105 4 1025.553871 140.815911 1133.553634 369.000000 1.0
105 4 611.183485 130.619857 669.610907 279.013570 1.0
105 4 676.123963 146.710320 728.512310 276.029620 1.0
105 4 769.004961 149.669049 815.984426 258.736677 1.0
106 4 1033.644076 138.318204 1144.977413 369.000000 1.0
106 4 614.103717 131.106791 670.770385 281.509225 1.0
106 4 680.027850 146.758398 734.694518 278.003302 1.0
106 4 775.016782 149.765257 823.683450 260.167777 1.0
107 4 1068.662003 138.384697 1168.759106 369.000000 1.0
107 4 616.687516 130.915681 674.004777 284.363382 1.0
107 4 683.927729 147.081345 737.629338 280.960789 1.0
107 4 781.382029 149.907291 829.558458 261.874701 1.0
108 4 1100.947346 138.456299 1184.280676 369.000000 1.0
108 4 619.184635 130.716774 675.851301 287.335673 1.0
108 4 687.548634 147.417137 738.881968 284.039772 1.0
108 4 787.793191 150.053475 834.459858 263.630487 1.0
109 4 1088.286464 138.533599 1223.000000 369.000000 1.0
109 4 627.429308 130.509581 679.108344 290.433588 1.0
109 4 689.184127 147.766551 745.025685 287.247888 1.0
109 4 793.357143 150.203991 839.683643 265.437259 1.0
110 4 1115.395119 140.031769 1223.000000 369.000000 1.0
110 4 635.936450 130.293575 681.269784 293.665264 1.0
110 4 690.961434 148.130426 749.961435 290.593427 1.0
110 4 798.874014 150.359029 843.874013 267.297267 1.0
111 4 1144.400703 141.741917 1223.000000 369.000000 1.0
111 4 637.175459 130.068181 689.410205 297.039554 1.0
111 4 696.485456 148.509671 751.615103 294.085404 1.0
111 4 802.767830 150.518792 854.248197 269.212894 1.0
112 4 638.193789 130.595256 696.193788 300.946970 1.0
112 4 702.612689 148.678183 752.279355 297.090257 1.0
112 4 807.831587 150.837654 864.831589 271.188505 1.0
113 4 638.227717 131.139507 700.424258 305.015441 1.0
113 4 707.167200 148.853556 763.666431 300.213075 1.0
113 4 813.955774 151.165559 869.191271 273.220033 1.0
114 4 638.004166 131.707002 702.670832 309.255108 1.0
114 4 711.892152 149.036215 774.225484 303.460940 1.0
114 4 820.112364 151.502898 872.445698 275.309883 1.0
115 4 639.496523 132.299240 706.141773 313.676979 1.0
115 4 717.431553 149.226614 784.262181 306.841510 1.0
115 4 826.772149 151.850082 884.307875 277.460605 1.0
116 4 641.166208 132.917854 707.832876 318.293032 1.0
116 4 722.971372 149.425251 792.971370 310.363086 1.0
116 4 833.619832 152.207549 895.286501 279.674895 1.0
117 4 649.949282 132.084203 714.256414 321.736011 1.0
117 4 726.249729 149.682340 796.739632 314.207992 1.0
117 4 842.471766 152.326763 903.472280 281.812874 1.0
118 4 658.936877 131.211204 719.270209 325.341288 1.0
118 4 729.495707 149.951067 798.829041 318.227746 1.0
118 4 851.326880 152.449825 910.326879 284.019631 1.0
119 4 670.968036 130.296004 726.746791 329.120616 1.0
119 4 735.841894 150.232240 804.200708 322.434552 1.0
119 4 860.287312 152.576925 917.611306 286.298540 1.0
120 4 683.142031 129.335466 732.808695 333.086909 1.0
120 4 740.403505 150.583305 806.070170 326.062485 1.0
120 4 869.615937 152.708263 923.949272 288.653195 1.0
121 4 685.925745 128.326134 745.277809 337.254396 1.0
121 4 746.592169 150.835544 810.986940 331.464089 1.0
121 4 879.909588 152.844054 942.033724 291.087439 1.0
122 4 686.703166 127.665301 754.369835 342.034822 1.0
122 4 753.155848 151.913109 814.155849 337.225633 1.0
122 4 890.450856 153.759211 959.117524 294.088300 1.0
123 4 686.642179 126.969224 760.722546 347.070278 1.0
123 4 755.972563 153.045368 825.657626 343.293622 1.0
123 4 899.318960 154.702461 964.536111 297.181058 1.0
124 4 686.382597 126.234998 765.049262 352.381729 1.0
124 4 758.674040 154.236570 835.007374 349.693140 1.0
124 4 909.903520 154.846281 970.236855 300.037766 1.0
125 4 687.431773 125.459396 773.741639 357.992502 1.0
125 4 768.539075 151.726877 849.358432 352.618487 1.0
125 4 922.805178 154.993056 989.112347 303.005289 1.0
126 4 688.528468 124.638809 780.195135 363.928628 1.0
126 4 778.382732 149.079670 861.049401 355.712504 1.0
126 4 935.803430 155.139487 1006.470098 306.090201 1.0
127 4 699.219048 124.115262 790.765569 369.000000 1.0
127 4 782.067498 146.283344 865.385663 358.990243 1.0
127 4 947.254724 153.674231 1023.213449 311.539228 1.0
128 4 710.006546 123.559889 798.339876 369.000000 1.0
128 4 785.514268 147.096753 866.514270 366.378240 1.0
128 4 958.862568 153.967004 1036.195899 314.857506 1.0
129 4 725.278304 122.969697 808.183283 369.000000 1.0
129 4 798.335589 147.958977 881.194579 369.000000 1.0
129 4 970.646855 154.275072 1046.944638 318.280086 1.0
130 4 740.211054 122.341303 814.544384 369.000000 1.0
130 4 811.363111 148.874507 893.029776 369.000000 1.0
130 4 982.988240 154.599284 1056.654906 321.811256 1.0
131 4 746.127338 121.670872 828.559441 369.000000 1.0
131 4 821.402428 149.848404 914.975007 369.000000 1.0
131 4 995.815891 154.940524 1078.595732 325.455598 1.0
132 4 750.964340 118.506783 838.631008 369.000000 1.0
132 4 833.482430 149.253784 935.815766 369.000000 1.0
132 4 999.487267 156.600439 1090.487266 329.107742 1.0
133 4 760.101167 115.128445 853.273637 369.000000 1.0
133 4 843.846599 148.622827 956.420395 369.000000 1.0
133 4 1016.037922 152.233553 1106.158148 328.829456 1.0
134 4 768.216415 111.513338 863.216416 369.000000 1.0
134 4 854.344535 147.952095 973.344532 369.000000 1.0
134 4 1031.140556 154.293844 1117.807220 334.808189 1.0
135 4 770.363893 107.635670 876.836849 369.000000 1.0
135 4 874.646495 147.237706 997.371257 369.000000 1.0
135 4 1046.956319 156.447837 1142.131230 341.058461 1.0
136 4 771.227996 103.465761 884.894661 369.000000 1.0
136 4 892.151954 146.586719 1013.818619 369.000000 1.0
136 4 1063.314935 158.702073 1164.648271 347.599201 1.0
137 4 782.704825 103.023173 907.719094 369.000000 1.0
137 4 904.456160 146.504431 1025.529039 369.000000 1.0
137 4 1082.149927 157.950324 1177.553432 351.224989 1.0
138 4 793.408245 102.547986 924.741577 369.000000 1.0
138 4 916.357051 146.415961 1031.357047 369.000000 1.0
138 4 1101.194124 157.162861 1187.860789 355.022770 1.0
139 4 800.691789 102.036449 974.129976 369.000000 1.0
139 4 936.550740 146.320568 1094.889205 369.000000 1.0
139 4 1112.850604 156.337079 1203.133986 359.005079 1.0
140 4 811.438566 101.484211 993.418457 369.000000 1.0
140 4 956.167123 146.217386 1122.825380 369.000000 1.0
140 4 1130.839327 155.790888 1206.752997 360.909514 1.0
141 4 822.927366 100.886196 1014.224819 369.000000 1.0
141 4 977.281155 146.105399 1153.191780 369.000000 1.0
141 4 1149.790832 155.454208 1223.000000 361.721053 1.0
142 4 835.942733 101.469200 1036.981282 369.000000 1.0
142 4 996.263917 147.181784 1180.779843 369.000000 1.0
143 4 850.128711 102.124531 1062.190046 369.000000 1.0
143 4 1016.648324 148.344100 1210.567237 369.000000 1.0
144 4 865.637477 102.365416 1090.289025 369.000000 1.0
144 4 1038.595416 149.675796 1223.000000 369.000000 1.0
