25 1 546.050543 173.719821 575.076225 192.968769 1.0
26 1 538.417307 174.833882 571.381675 195.292195 1.0
27 1 531.048544 174.771270 566.341219 196.720974 1.0
28 1 522.521610 174.698836 560.567917 198.374532 1.0
29 1 512.539807 174.614064 553.889714 200.310441 1.0
30 1 500.695643 174.513502 546.076123 202.607773 1.0
31 1 486.413782 174.392278 536.811099 205.378162 1.0
32 1 470.472049 175.285984 527.398745 209.793792 1.0
33 1 450.435555 176.409762 515.854543 215.343543 1.0
34 1 424.493973 177.865573 501.361860 222.528728 1.0
35 1 389.585398 179.692538 482.625918 232.197170 1.0
36 1 340.088695 181.951712 457.463817 245.905143 1.0
37 1 270.276996 183.775574 425.399357 264.598885 1.0
38 1 152.355182 186.515948 377.225201 296.170349 1.0
39 1 0.000000 190.725248 304.863602 356.145897 1.0
40 1 0.000000 198.811447 165.891538 373.000000 1.0
54 1 569.149184 170.610750 595.537867 192.120238 1.0
54 1 614.934940 168.912360 637.336518 188.432347 1.0
55 1 567.890706 169.000668 595.065767 190.986815 1.0
55 1 615.152390 167.679046 637.741145 187.446231 1.0
56 1 566.575753 167.317736 594.573859 189.802417 1.0
56 1 615.375381 166.414410 638.155278 186.435055 1.0
57 1 565.518477 167.056513 594.066042 189.992728 1.0
57 1 615.604128 165.117242 638.579256 185.397852 1.0
58 1 564.417889 166.784584 593.539094 190.190835 1.0
58 1 615.838856 163.786272 639.013435 184.333603 1.0
59 1 562.507377 168.478776 592.436997 192.419368 1.0
59 1 615.644103 165.239556 639.086130 186.082110 1.0
60 1 560.622558 169.824204 591.805164 194.301787 1.0
60 1 615.443617 166.735720 639.160791 187.882219 1.0
61 1 558.936694 170.967065 591.163746 195.981264 1.0
61 1 615.237140 168.276690 639.237500 189.736247 1.0
62 1 557.175426 172.161847 590.495412 197.736207 1.0
62 1 615.024399 169.864507 639.316342 191.646652 1.0
63 1 555.333560 173.412163 589.798446 199.571813 1.0
63 1 614.805104 171.501341 639.397408 193.616047 1.0
64 1 553.405416 174.721974 589.070985 201.493771 1.0
64 1 614.317215 171.026539 639.393253 193.455224 1.0
65 1 552.101802 173.769338 588.492935 201.196240 1.0
65 1 613.815405 170.538032 639.388934 193.289789 1.0
66 1 550.733215 172.769183 587.888705 200.883833 1.0
66 1 613.299069 170.035217 639.384446 193.119541 1.0
67 1 548.367521 172.566459 586.347658 201.447445 1.0
67 1 612.767563 169.517457 639.379780 192.944266 1.0
68 1 545.869601 172.352426 584.728953 202.042638 1.0
68 1 612.220207 168.984076 639.374930 192.763739 1.0
68 1 589.628588 168.165979 610.780586 187.689152 1.0
69 1 543.228013 172.126112 583.026598 202.672141 1.0
69 1 612.183700 168.770073 639.689777 192.939566 1.0
69 1 588.890764 167.900140 610.231825 187.726917 1.0
70 1 541.432927 172.152693 582.259317 203.483082 1.0
70 1 612.145990 168.548937 640.014175 193.121251 1.0
70 1 523.705717 170.996883 553.259922 193.019166 1.0
70 1 588.129733 167.625935 609.666688 187.765873 1.0
71 1 539.543185 172.180679 581.455907 204.336788 1.0
71 1 612.107016 168.320306 640.348566 193.309089 1.0
71 1 514.933356 171.301818 547.501422 195.226870 1.0
71 1 587.344375 167.342962 609.084440 187.806078 1.0
72 1 537.551097 172.210182 580.613757 205.236732 1.0
72 1 612.066713 168.083793 640.693418 193.503400 1.0
72 1 504.500967 171.664508 540.750232 197.852305 1.0
72 1 586.533494 167.050794 608.484298 187.847592 1.0
73 1 535.448115 172.241331 579.729996 206.186777 1.0
73 1 612.025010 167.838981 641.049233 193.704524 1.0
73 1 491.888105 172.103080 532.725451 201.026421 1.0
73 1 585.695819 166.748976 607.865433 187.890481 1.0
74 1 533.224712 172.274266 578.801464 207.191226 1.0
74 1 611.398983 167.281836 640.878060 193.601006 1.0
74 1 476.331377 172.644130 523.029162 204.941287 1.0
74 1 584.674082 166.110296 607.343006 187.561670 1.0
75 1 530.699073 171.277284 577.516612 207.134837 1.0
75 1 558.618457 171.043391 589.466199 196.095908 1.0
75 1 610.750671 166.704838 640.701362 193.493801 1.0
75 1 456.663952 173.328324 511.078411 209.890463 1.0
75 1 583.622209 165.452593 606.805940 187.223127 1.0
76 1 528.034014 170.225263 576.169468 207.075328 1.0
76 1 556.901034 170.929620 588.312406 196.484766 1.0
76 1 610.078863 166.106906 640.518866 193.382707 1.0
76 1 431.232867 173.192131 496.166380 215.301282 1.0
76 1 582.538846 164.775004 606.253615 186.874413 1.0
77 1 525.217659 169.113517 574.755394 207.012434 1.0
77 1 555.113307 170.811203 587.115118 196.889561 1.0
77 1 609.382257 165.486881 640.330284 193.267509 1.0
77 1 398.331837 172.982218 477.299646 222.569327 1.0
77 1 581.422552 164.076613 605.685373 186.515063 1.0
78 1 522.236742 167.936812 573.269279 206.945858 1.0
78 1 553.250863 170.687851 585.871833 197.311292 1.0
78 1 608.659453 164.843514 640.135306 193.147977 1.0
78 1 351.215218 172.681852 451.802957 232.977379 1.0
78 1 580.271799 163.356449 605.100520 186.144585 1.0
79 1 519.228661 170.382498 571.755221 210.484941 1.0
79 1 551.308911 170.559247 584.579854 197.751046 1.0
79 1 608.203195 165.659103 640.091373 194.396269 1.0
79 1 281.724011 176.298552 418.641608 253.245798 1.0
79 1 579.266971 164.297546 604.579690 187.357823 1.0
80 1 516.515764 171.084522 570.494058 212.273311 1.0
80 1 549.282243 170.425049 583.236270 198.210003 1.0
80 1 607.732691 166.500184 640.046196 195.683572 1.0
80 1 159.151092 181.728079 367.432027 288.990397 1.0
80 1 578.237970 165.261601 604.046940 188.600375 1.0
81 1 513.651433 171.825725 569.172193 214.161533 1.0
81 1 547.605239 171.004779 582.152760 199.299701 1.0
81 1 607.247263 167.367972 639.999723 197.011746 1.0
81 1 0.000000 187.586058 281.425784 356.370476 1.0
81 1 577.183912 166.249464 603.501857 189.873315 1.0
82 1 510.622618 172.609481 567.785140 216.158213 1.0
82 1 545.865404 171.606182 581.032205 200.430267 1.0
82 1 606.746190 168.263758 639.951897 198.382766 1.0
82 1 576.103866 167.262026 602.944010 191.177771 1.0
83 1 507.414729 173.439562 566.327958 218.272968 1.0
83 1 544.059135 172.230495 579.872676 201.604043 1.0
83 1 606.228701 169.188919 639.902660 199.798741 1.0
83 1 574.996858 168.300223 602.372950 192.514928 1.0
84 1 504.011392 174.320198 564.795195 220.516592 1.0
84 1 542.182551 172.879053 578.672108 202.823555 1.0
84 1 605.959910 169.312358 640.028536 200.369525 1.0
84 1 574.321022 168.214286 601.942362 192.678544 1.0
85 1 500.663611 174.204576 563.724623 221.620667 1.0
85 1 540.231459 173.553294 577.428284 204.091527 1.0
85 1 605.683149 169.439464 640.243964 200.957268 1.0
85 1 573.631116 168.126562 601.503459 192.845571 1.0
86 1 497.135069 174.082615 562.603921 222.784473 1.0
86 1 538.501955 173.358187 576.608098 204.453113 1.0
86 1 605.398057 169.570403 640.480678 201.562737 1.0
86 2 496.695098 163.165639 539.033502 196.473792 1.0
86 1 572.926696 168.036995 601.056000 193.016116 1.0
87 1 493.410690 173.953778 561.429506 224.012992 1.0
87 1 536.708401 173.155799 575.760105 204.828100 1.0
87 1 605.104251 169.705352 640.724621 202.186746 1.0
87 2 485.696381 162.843329 532.788629 198.999047 1.0
87 1 572.207299 167.945526 600.599732 193.190292 1.0
88 1 489.473671 173.817466 560.197450 225.311778 1.0
88 1 534.847168 172.945714 574.882867 205.217248 1.0
88 1 604.801324 169.844498 640.976132 202.830160 1.0
88 2 473.164976 162.455930 524.852816 201.986557 1.0
88 1 571.472439 167.852093 600.134393 193.368216 1.0
89 1 485.305232 173.673010 558.903426 226.687035 1.0
89 1 532.914347 172.727485 573.974851 205.621375 1.0
89 1 604.306831 169.624618 640.904556 202.996342 1.0
89 2 458.048917 161.989065 515.486073 205.590656 1.0
89 1 569.204200 166.937646 598.337340 192.706568 1.0
90 1 480.705063 173.696330 557.197682 228.243491 1.0
90 1 530.905724 172.500629 573.034408 206.041364 1.0
90 1 603.800648 169.399540 640.831272 203.166457 1.0
90 2 439.455834 161.415451 504.263602 210.024173 1.0
90 1 566.890928 166.004958 596.507192 192.031782 1.0
91 1 475.831491 173.721066 555.406629 229.892527 1.0
91 1 529.542815 172.210622 572.206238 206.368270 1.0
91 1 603.282354 169.169078 640.756217 203.340647 1.0
91 2 416.029160 160.693700 490.573966 215.610621 1.0
91 1 567.235174 166.221176 597.145889 192.513917 1.0
92 1 472.927867 173.721070 554.198400 231.635862 1.0
92 1 528.129175 171.909855 571.350139 206.707417 1.0
92 1 602.751509 168.933037 640.679328 203.519058 1.0
92 2 387.765764 160.017837 476.108985 222.981716 1.0
92 1 567.586539 166.441881 597.796790 193.006007 1.0
93 1 469.840336 173.721120 552.926387 233.490769 1.0
93 1 527.058096 172.348534 570.820378 207.810011 1.0
93 1 602.207650 168.691210 640.600538 203.701848 1.0
93 2 349.792588 159.110105 457.635989 232.884363 1.0
93 1 567.945245 166.667212 598.460247 193.508363 1.0
94 1 466.550633 173.721222 551.585546 235.468314 1.0
94 1 525.367675 174.213058 569.753971 210.362212 1.0
94 1 601.962207 168.976056 640.677947 204.279959 1.0
94 2 296.068234 157.826477 433.221246 246.893111 1.0
94 1 567.377775 167.035712 598.114534 194.094579 1.0
95 1 462.474909 174.593598 549.963676 238.144444 1.0
95 1 523.401253 175.597827 568.463508 212.463489 1.0
95 1 601.712619 169.265718 640.756648 204.867877 1.0
95 2 214.227950 155.872493 399.448689 268.229791 1.0
95 1 566.800986 167.410258 597.763598 194.690433 1.0
96 1 458.153512 175.518405 548.263537 240.982029 1.0
96 1 521.829476 175.160677 567.939487 212.795574 1.0
96 1 601.458778 169.560322 640.836672 205.465854 1.0
96 2 74.378406 152.537450 349.662762 304.680737 1.0
96 1 566.214648 167.791000 597.407320 195.296165 1.0
97 1 453.563514 176.500513 546.479339 243.996133 1.0
97 1 519.983370 175.508371 567.112682 213.854265 1.0
97 1 601.200575 169.859993 640.918054 206.074150 1.0
97 2 0.000000 140.661014 274.230137 368.117408 1.0
97 1 565.618520 168.178092 597.045576 195.912024 1.0
98 1 448.679043 177.545415 544.604705 247.203751 1.0
98 1 518.262430 175.725148 566.520695 214.918515 1.0
98 1 600.937895 170.164864 641.000830 206.693035 1.0
98 2 0.000000 140.595426 136.127363 373.000000 1.0
98 1 565.012357 168.571696 596.678241 196.538264 1.0
99 1 443.470792 178.659328 542.632598 250.624137 1.0
99 1 516.463635 175.951020 565.905017 216.030178 1.0
99 1 600.881896 170.469695 641.297285 207.317900 1.0
99 1 564.724580 168.764988 596.593947 197.001250 1.0
100 1 438.372494 179.076909 541.839238 253.442962 1.0
100 1 514.581624 176.187352 565.264221 217.193259 1.0
100 1 600.824923 170.779917 641.598963 207.953851 1.0
100 1 564.431228 168.962042 596.508108 197.473286 1.0
101 1 432.922995 179.422978 541.001951 256.456335 1.0
101 1 512.610486 176.434887 564.596736 218.411412 1.0
101 1 600.766949 171.095674 641.906002 208.601186 1.0
101 1 564.132136 169.162968 596.420683 197.954640 1.0
102 1 427.084635 179.781238 540.117037 259.685112 1.0
102 1 510.543736 176.694442 563.900860 219.688642 1.0
102 1 600.707948 171.417115 642.218548 209.260213 1.0
102 1 563.827132 169.367881 596.331628 198.445590 1.0
103 1 420.814171 180.160173 539.180364 263.153243 1.0
103 1 507.784893 177.346558 563.489557 221.087941 1.0
103 1 600.647892 171.744394 642.536750 209.931251 1.0
103 1 563.516038 169.576902 596.240900 198.946427 1.0
104 1 414.061700 180.561627 538.187310 266.888367 1.0
104 1 504.934611 178.023034 563.060292 222.536029 1.0
104 1 600.586751 172.077674 642.860764 210.614632 1.0
104 1 563.067956 168.811531 596.071362 198.468340 1.0
105 1 407.937657 180.535332 536.456589 269.669058 1.0
105 1 502.581499 177.059147 562.242368 222.441116 1.0
105 1 600.258744 171.097099 642.822728 209.901065 1.0
105 1 562.611063 168.031119 595.898774 197.980837 1.0
106 1 401.400244 180.507717 534.638948 272.637399 1.0
106 1 500.135274 176.056520 561.395694 222.342410 1.0
106 1 599.926211 170.103015 642.784147 209.177606 1.0
106 1 562.145094 167.235216 595.723055 197.483638 1.0
107 1 394.956167 178.136795 532.888205 272.733536 1.0
107 1 497.590288 175.012771 560.518735 222.239681 1.0
107 1 599.589057 169.095140 642.745012 208.444048 1.0
107 1 561.669777 166.423358 595.544118 196.976451 1.0
108 1 387.461786 177.726197 530.872586 275.752160 1.0
108 1 495.616158 174.875923 559.609729 222.953021 1.0
108 1 599.247185 168.073187 642.705309 207.700180 1.0
108 1 561.184827 165.595059 595.361876 196.458970 1.0
109 1 379.403968 177.284634 528.747323 278.997656 1.0
109 1 493.569765 174.734081 558.672071 223.692504 1.0
109 1 598.900495 167.036857 642.665027 206.945782 1.0
109 1 560.452499 165.375996 594.935884 196.552249 1.0
110 1 370.716682 176.808465 526.503223 282.496599 1.0
110 1 491.447062 174.586968 557.704388 224.459595 1.0
110 1 598.518672 166.956774 642.593646 207.149362 1.0
110 1 559.705204 165.152465 594.501984 196.647435 1.0
111 1 362.730603 177.443363 524.376052 286.843080 1.0
111 1 489.243693 174.434284 556.705221 225.255867 1.0
111 1 598.131392 166.875551 642.521226 207.355860 1.0
111 1 558.942477 164.924329 594.059954 196.744588 1.0
112 1 354.162412 178.124521 522.140490 291.506356 1.0
112 1 486.954963 174.275707 555.673012 226.083020 1.0
112 1 597.738537 166.793162 642.447745 207.565340 1.0
112 1 558.163836 164.691444 593.609565 196.843771 1.0
113 1 344.946030 178.857185 519.788048 296.522370 1.0
113 1 484.853930 174.188933 554.403542 226.888761 1.0
113 1 597.339987 166.709583 642.373181 207.777866 1.0
113 1 557.368775 164.453661 593.150577 196.945046 1.0
114 1 335.004988 179.468749 517.309326 301.932717 1.0
114 1 482.680044 174.099189 553.096300 227.722697 1.0
114 1 596.935614 166.624787 642.297508 207.993504 1.0
114 1 556.816090 164.678333 592.942554 197.463146 1.0
115 1 324.250289 180.044559 514.693888 307.785797 1.0
115 1 480.429406 174.006321 551.749608 228.586335 1.0
115 1 596.773683 166.666829 642.469807 208.340489 1.0
115 1 556.253318 164.907111 592.731096 197.990699 1.0
116 1 315.402866 180.685935 512.284083 312.918247 1.0
116 1 478.097833 173.910161 550.361682 229.481291 1.0
116 1 596.609362 166.709494 642.644633 208.692639 1.0
116 1 555.680183 165.140108 592.516117 198.527967 1.0
117 1 305.956581 181.355644 509.767298 318.398375 1.0
117 1 475.680831 173.810531 548.930631 230.409300 1.0
117 1 596.442597 166.752796 642.822042 209.050070 1.0
117 1 555.096393 165.377441 592.297528 199.075220 1.0
118 1 295.848420 182.055607 507.136281 324.262743 1.0
118 1 473.782853 174.213613 550.725335 231.454847 1.0
118 1 596.273333 166.796749 643.002094 209.412901 1.0
118 1 554.501651 165.619232 592.075239 199.632739 1.0
119 1 285.006207 182.787925 504.383109 330.553222 1.0
119 1 471.721122 174.637696 549.759327 232.590767 1.0
119 1 596.101513 166.841370 643.184847 209.781257 1.0
119 1 554.005288 165.190117 591.951352 199.435126 1.0
120 1 273.346878 183.554898 501.499105 337.317997 1.0
120 1 469.607341 175.072496 548.772867 233.755361 1.0
120 1 595.503412 166.892054 642.945558 210.160071 1.0
120 1 553.502204 164.755095 591.825898 199.234820 1.0
121 1 265.371188 182.726733 500.149553 339.259109 1.0
121 1 467.439512 175.518424 547.765299 234.949727 1.0
121 1 594.896098 166.943517 642.702576 210.544730 1.0
121 1 552.992262 164.314045 591.698847 199.031765 1.0
122 1 257.053561 181.875455 498.761808 341.283372 1.0
122 1 465.215534 175.975914 546.735938 236.175023 1.0
122 1 594.279354 166.995777 642.455815 210.935373 1.0
122 1 552.475319 163.866841 591.570169 198.825906 1.0
123 1 248.371492 181.000080 497.334243 343.396255 1.0
123 1 463.344423 175.936761 545.725353 236.726765 1.0
123 1 593.652959 167.048852 642.205188 211.332139 1.0
123 1 551.951231 163.413352 591.439833 198.617184 1.0
124 1 239.300459 180.099567 495.865133 345.603718 1.0
124 1 461.436248 175.896838 544.698181 237.289442 1.0
124 1 593.097106 167.147950 641.938219 211.694932 1.0
124 1 551.061415 163.381530 590.933438 198.743633 1.0
125 1 233.545761 181.000245 494.081108 349.503484 1.0
125 1 459.489896 175.856121 543.654012 237.863383 1.0
125 1 592.534586 167.248236 641.668049 212.062075 1.0
125 1 550.163717 163.349420 590.422812 198.871208 1.0
126 1 227.619192 181.916824 492.265209 353.520093 1.0
126 1 457.504208 175.814585 542.592421 238.448929 1.0
126 1 591.965278 167.349732 641.394620 212.433649 1.0
126 1 549.258033 163.317018 589.907904 198.999924 1.0
127 1 221.512913 182.849729 490.416580 357.658869 1.0
127 1 455.477979 175.772207 541.512969 239.046436 1.0
127 1 591.389059 167.452460 641.117874 212.809732 1.0
127 1 548.344255 163.284322 589.388661 199.129798 1.0
128 1 215.218602 183.799403 488.534337 361.925463 1.0
128 1 453.919022 176.250091 540.575645 239.944025 1.0
128 1 590.805803 167.556441 640.837748 213.190409 1.0
128 1 547.422274 163.251326 588.865026 199.260844 1.0
129 1 208.727414 184.766307 486.617560 366.325883 1.0
129 1 452.339203 176.734310 539.628037 240.853648 1.0
129 1 590.236139 168.112119 640.610196 214.057590 1.0
129 1 546.616231 163.936695 588.150876 200.067617 1.0
130 1 202.029938 185.750915 484.665298 370.866517 1.0
130 1 450.738100 177.224992 538.669976 241.775547 1.0
130 1 589.373306 168.669954 640.043575 214.885389 1.0
130 1 545.804667 164.626709 587.432353 200.879973 1.0
131 1 195.116164 186.753721 482.676565 373.000000 1.0
131 1 449.115279 177.722266 537.701289 242.709972 1.0
131 1 588.500239 169.234405 639.470234 215.723004 1.0
131 1 544.987525 165.321416 586.709420 201.697970 1.0
132 1 187.975407 187.775237 480.650335 373.000000 1.0
132 1 447.470294 178.226267 536.721797 243.657181 1.0
132 1 587.616755 169.805592 638.890052 216.570611 1.0
132 1 544.164745 166.020864 585.982034 202.521667 1.0
133 1 180.596286 188.815994 478.585546 373.000000 1.0
133 1 445.709229 178.405941 535.653420 244.286327 1.0
133 1 586.722666 170.383636 638.302907 217.428391 1.0
133 1 543.336270 166.725100 585.250155 203.351124 1.0
134 1 172.966627 189.876546 476.481093 373.000000 1.0
134 1 443.923820 178.588074 534.573019 244.924181 1.0
134 1 586.178244 170.434570 638.034451 217.731259 1.0
134 1 542.676182 166.820577 584.679295 203.583572 1.0
135 1 160.540484 189.882552 475.073888 373.000000 1.0
135 1 442.113559 178.772717 533.480391 245.570924 1.0
135 1 585.627955 170.486053 637.763103 218.037390 1.0
135 1 542.011156 166.916765 584.104606 203.817777 1.0
136 1 150.562307 189.849338 473.002158 373.000000 1.0
136 1 440.277921 178.959922 532.375328 246.226743 1.0
136 1 585.071704 170.538093 637.488816 218.346837 1.0
136 1 541.341136 167.013672 583.526049 204.053758 1.0
137 1 140.180992 189.815368 470.883275 373.000000 1.0
137 1 438.416369 179.149743 531.257616 246.891831 1.0
137 1 584.509395 170.590701 637.211541 218.659655 1.0
137 1 540.666064 167.111306 582.943586 204.291536 1.0
138 1 129.371605 189.780615 468.715610 373.000000 1.0
138 1 436.528349 179.320837 530.127037 247.566386 1.0
138 1 583.940926 170.643884 636.931230 218.975898 1.0
138 1 539.985883 167.209674 582.357179 204.531131 1.0
139 1 118.107112 189.745054 466.497461 373.000000 1.0
139 1 434.613293 179.481370 528.983369 248.250610 1.0
139 1 583.502344 170.687909 636.784301 219.286059 1.0
139 1 539.354157 167.304114 581.930130 204.761452 1.0
140 1 106.358151 189.708653 464.227042 373.000000 1.0
140 1 432.670614 179.643767 527.826382 248.944714 1.0
140 1 583.058902 170.732421 636.635745 219.599657 1.0
140 1 538.717808 167.399246 581.500291 204.993458 1.0
141 1 94.092778 189.671385 461.902483 373.000000 1.0
141 1 430.699711 179.808061 526.655845 249.648912 1.0
141 1 582.610518 170.777430 636.485534 219.916749 1.0
141 1 538.076786 167.495078 581.067632 205.227168 1.0
142 1 81.276192 189.633217 459.521827 373.000000 1.0
142 1 428.699962 179.974286 525.471517 250.363428 1.0
142 1 582.157111 170.822942 636.333640 220.237393 1.0
142 1 537.431038 167.591616 580.632128 205.462601 1.0
143 1 67.870363 189.594116 457.083015 373.000000 1.0
143 1 426.893215 180.130935 524.470983 250.988316 1.0
143 1 581.698595 170.868968 636.180034 220.561649 1.0
143 1 536.780513 167.688871 580.193748 205.699775 1.0
144 1 53.833717 189.554048 454.583893 373.000000 1.0
144 1 425.543913 179.838718 523.850790 251.067054 1.0
144 1 581.466656 170.757739 636.188128 220.669562 1.0
144 1 536.288122 168.065695 579.851535 206.211572 1.0
145 1 39.120639 189.512976 452.022192 373.000000 1.0
145 1 424.177788 179.543554 523.224343 251.146774 1.0
145 1 581.232663 170.645525 636.196293 220.778431 1.0
145 1 535.792204 168.445205 579.507145 206.727040 1.0
146 1 21.933514 189.505964 449.150488 373.000000 1.0
146 1 422.794523 179.241642 522.591547 251.227494 1.0
146 1 580.996588 170.532314 636.204531 220.888268 1.0
146 1 535.292721 168.827432 579.160557 207.246221 1.0
146 1 501.013937 172.925948 534.833846 193.340640 1.0
147 1 3.765551 189.498749 446.195929 373.000000 1.0
147 1 421.393795 178.868346 521.952305 251.309232 1.0
147 1 580.758404 170.418091 636.212842 220.999087 1.0
147 1 534.789635 169.212402 578.811751 207.769153 1.0
147 1 495.908412 173.143048 531.339715 194.502937 1.0
148 1 0.000000 189.491323 443.154879 373.000000 1.0
148 1 420.600271 179.442117 521.646467 252.237877 1.0
148 1 580.518083 170.302843 636.221227 221.110900 1.0
148 1 534.282906 169.600148 578.460706 208.295879 1.0
148 1 490.306796 173.381211 527.534768 195.778232 1.0
149 1 0.000000 189.483676 440.023483 373.000000 1.0
149 1 419.799854 179.943510 521.338490 253.174588 1.0
149 1 580.369911 170.180252 636.155266 221.063614 1.0
149 1 534.074576 169.515644 578.392210 208.347787 1.0
149 1 484.133044 173.643656 523.375641 197.183844 1.0
150 1 0.000000 189.475799 436.797654 373.000000 1.0
150 1 418.992453 180.448421 521.028353 254.119469 1.0
150 1 580.221300 170.057298 636.089111 221.016188 1.0
150 1 533.864773 169.430544 578.323283 208.400063 1.0
150 1 477.294732 173.934294 518.810511 198.740821 1.0
151 1 0.000000 189.326942 434.582008 373.000000 1.0
151 1 418.703315 180.092866 521.140635 254.002118 1.0
151 1 580.072249 169.933981 636.022759 220.968621 1.0
151 1 533.653482 169.344841 578.253921 208.452710 1.0
151 1 469.678393 174.257923 513.776926 200.475005 1.0
152 1 0.000000 189.175410 432.326572 373.000000 1.0
152 1 418.013654 180.229955 520.932401 254.497615 1.0
152 1 579.922754 169.810298 635.956211 220.920912 1.0
152 1 533.440687 169.258530 578.184120 208.505732 1.0
152 1 461.948085 174.597349 508.836487 202.338864 1.0
153 1 0.000000 189.021132 430.030265 373.000000 1.0
153 1 417.780756 179.701538 521.067651 254.144897 1.0
153 1 579.772814 169.686249 635.889465 220.873061 1.0
153 1 533.226371 169.171603 578.113876 208.559132 1.0
153 1 453.262894 174.978581 503.352381 204.433024 1.0
154 1 0.000000 188.864031 427.691966 373.000000 1.0
154 1 417.555265 179.817475 521.211005 254.594552 1.0
154 1 580.106383 170.089648 636.291696 221.338264 1.0
154 1 533.168995 169.681971 578.364789 209.232683 1.0
154 1 443.434167 175.409846 497.229701 206.802977 1.0
155 1 0.000000 188.704029 425.310513 373.000000 1.0
155 1 417.337979 180.632959 521.363088 255.917226 1.0
155 1 580.440767 170.494028 636.694904 221.804603 1.0
155 1 533.111218 170.196689 578.617539 209.911825 1.0
155 1 432.220055 175.901679 490.350090 209.507045 1.0
156 1 0.000000 189.125954 424.733074 373.000000 1.0
156 1 417.081016 178.715847 521.486913 253.979109 1.0
156 1 580.775969 170.899391 637.099093 222.272082 1.0
156 1 533.053035 170.715811 578.872147 210.596628 1.0
156 1 419.305332 176.467801 482.564010 212.621236 1.0
157 1 0.000000 189.553322 424.148187 373.000000 1.0
157 1 416.878125 180.903208 521.654949 256.879712 1.0
157 1 581.111993 171.305743 637.504266 222.740705 1.0
157 1 532.994442 171.239396 579.128635 211.287163 1.0
157 1 404.135235 177.726733 474.019134 216.858337 1.0
158 1 0.000000 189.986239 423.555706 373.000000 1.0
158 1 416.620342 179.310222 521.783080 255.210106 1.0
158 1 581.448841 171.713086 637.910427 223.210477 1.0
158 1 532.935433 171.767498 579.387024 211.983502 1.0
158 1 386.241923 179.211554 464.167496 221.855919 1.0
159 1 0.000000 190.424814 422.955482 373.000000 1.0
159 1 416.420282 181.849687 521.958201 258.697885 1.0
159 1 581.786515 172.121423 638.317579 223.681403 1.0
159 1 533.195100 172.113277 579.673694 212.497122 1.0
159 1 364.819809 180.745140 452.684515 227.838905 1.0
160 1 0.000000 190.869157 422.347364 373.000000 1.0
160 1 416.166062 180.778898 522.094109 257.683629 1.0
160 1 582.125020 172.530759 638.725727 224.153485 1.0
160 1 533.457015 172.461926 579.962421 213.015074 1.0
160 1 338.710813 182.511312 439.128413 235.130617 1.0
160 1 506.803492 168.753477 540.644698 194.015411 1.0
161 1 0.000000 191.285438 421.999960 373.000000 1.0
161 1 415.929578 181.074184 522.246222 258.377841 1.0
161 1 582.479170 172.906383 639.127071 224.571449 1.0
161 1 533.721207 172.813480 580.253228 213.537414 1.0
161 1 306.187852 184.628052 422.882066 244.213194 1.0
161 1 501.511953 169.113170 537.265416 195.565908 1.0
162 1 0.000000 191.706059 421.648932 373.000000 1.0
162 1 415.691260 181.383439 522.399496 259.092931 1.0
162 1 582.833908 173.282627 639.529077 224.990107 1.0
162 1 533.987705 173.167975 580.546138 214.064197 1.0
162 1 264.470583 186.028527 403.084745 254.444259 1.0
162 1 495.696555 169.508522 533.581702 197.269885 1.0
163 1 0.000000 192.611458 420.368067 373.000000 1.0
163 1 415.398347 182.063087 522.775671 260.212294 1.0
163 1 583.189238 173.659492 639.931747 225.409463 1.0
163 1 534.256537 173.525449 580.841175 214.595480 1.0
163 1 208.960654 187.780574 378.318747 268.056872 1.0
163 1 489.275457 169.945112 529.550475 199.151319 1.0
164 1 0.000000 193.528417 419.070854 373.000000 1.0
164 1 415.103799 182.746745 523.153832 261.339235 1.0
164 1 583.628136 174.336919 640.544625 226.244291 1.0
164 1 533.821559 173.631454 581.013438 214.929325 1.0
164 1 131.463095 190.035582 346.445119 287.059434 1.0
164 1 482.148829 170.429749 525.120126 201.239452 1.0
165 1 0.000000 194.457160 417.756976 373.000000 1.0
165 1 414.807601 183.434452 523.533997 262.473829 1.0
165 1 584.069730 175.018500 641.161259 227.084244 1.0
165 1 533.382179 173.738697 581.187133 215.266834 1.0
165 1 15.687576 193.046423 303.891512 315.443396 1.0
165 1 474.193631 170.970824 520.228296 203.570328 1.0
166 1 0.000000 195.397915 416.426113 373.000000 1.0
166 1 414.509738 184.126242 523.916182 263.616153 1.0
166 1 584.514043 175.704272 641.781684 227.929369 1.0
166 1 532.938327 173.847200 581.362279 215.608068 1.0
166 1 0.000000 197.269618 244.209760 360.119964 1.0
166 1 466.067833 171.358878 515.183919 205.998370 1.0
167 1 0.000000 196.350916 415.077931 373.000000 1.0
167 1 414.210194 184.822155 524.300406 264.766284 1.0
167 1 584.961102 176.394274 642.405935 228.779713 1.0
167 1 532.489933 173.956984 581.538899 215.953089 1.0
167 1 456.856245 171.798704 509.545784 208.750976 1.0
168 1 0.000000 192.720968 414.089839 373.000000 1.0
168 1 413.719732 184.372197 524.136670 264.731472 1.0
168 1 585.421790 176.306622 643.092471 228.897743 1.0
168 1 532.036924 174.068072 581.717011 216.301960 1.0
168 1 446.325534 172.301395 503.202595 211.897883 1.0
168 1 496.577672 175.921584 531.512929 200.020150 1.0
169 1 0.000000 196.039712 413.163789 373.000000 1.0
169 1 413.223132 183.917669 523.970978 264.696116 1.0
169 1 585.886109 176.218280 643.784411 229.016704 1.0
169 1 531.815126 173.488600 581.701091 216.019448 1.0
169 1 434.170351 172.881459 496.013385 215.530346 1.0
169 1 490.234738 176.127994 527.522750 201.556017 1.0
170 1 0.000000 196.396995 412.184528 373.000000 1.0
170 1 412.720270 183.458501 523.803302 264.660203 1.0
170 1 586.354103 176.129240 644.481821 229.136606 1.0
170 1 531.590263 172.901037 581.684924 215.732943 1.0
170 1 419.983227 173.558239 487.796924 219.770130 1.0
170 1 483.150937 176.358523 523.114820 203.271257 1.0
171 1 0.000000 194.175162 411.155901 373.000000 1.0
171 1 412.211018 182.994619 523.633612 264.623723 1.0
171 1 586.825815 176.039493 645.184764 229.257460 1.0
171 1 531.362271 172.305215 581.668508 215.442362 1.0
171 1 402.488754 173.240001 478.268467 223.708856 1.0
171 1 475.188415 176.617658 518.219909 205.199241 1.0
172 1 0.000000 194.658152 410.138554 373.000000 1.0
172 1 411.695245 182.525951 523.461878 264.586665 1.0
172 1 587.364801 175.970389 645.939902 229.385148 1.0
172 1 531.131081 171.700958 581.651837 215.147617 1.0
172 1 381.443555 172.857124 467.128906 228.446815 1.0
172 1 466.172856 176.911079 512.752598 207.382169 1.0
173 1 0.000000 195.860980 409.108904 373.000000 1.0
173 1 410.403906 182.421454 523.377290 265.009807 1.0
173 1 587.907788 175.900772 646.700638 229.513784 1.0
173 1 530.896626 171.088086 581.634907 214.848618 1.0
173 1 355.644542 172.387689 453.931886 234.254741 1.0
173 1 456.360368 176.971502 506.778663 209.422700 1.0
174 1 0.000000 193.459949 408.016181 373.000000 1.0
174 1 409.095491 182.315795 523.291508 265.438607 1.0
174 1 588.454820 175.830637 647.467034 229.643379 1.0
174 1 530.678071 171.145734 581.428325 215.152471 1.0
174 1 323.275910 171.798602 438.049403 241.541212 1.0
174 1 445.183715 177.040328 500.082057 211.746873 1.0
175 1 0.000000 195.289752 406.950615 373.000000 1.0
175 1 407.769656 182.208955 523.204511 265.873180 1.0
175 1 589.005943 175.759978 648.239153 229.773942 1.0
175 1 530.457301 171.204026 581.219542 215.459758 1.0
175 1 281.462139 171.037435 418.568907 250.953174 1.0
175 1 432.337165 177.119443 492.523206 214.418246 1.0
176 1 0.000000 195.820025 405.457623 373.000000 1.0
176 1 406.426046 182.100914 523.116277 266.313644 1.0
176 1 589.561204 175.688790 649.017060 229.905484 1.0
176 1 530.234276 171.262973 581.008528 215.770540 1.0
176 1 227.792944 170.420664 395.315395 263.605137 1.0
176 1 417.416261 177.211337 483.924120 217.520900 1.0
177 1 0.000000 194.703429 403.918123 373.000000 1.0
177 1 405.064297 181.991652 523.026783 266.760119 1.0
177 1 589.474809 175.595790 648.949013 229.829643 1.0
177 1 530.008955 171.322584 580.795251 216.084874 1.0
177 1 152.744409 169.558014 365.463222 281.294767 1.0
177 1 399.874449 177.319381 474.054197 221.168449 1.0
178 1 0.000000 193.007795 402.343739 373.000000 1.0
178 1 403.190898 182.283321 521.730862 267.687631 1.0
178 1 589.388360 175.502733 648.880925 229.753754 1.0
178 1 529.781299 171.382872 580.579679 216.402823 1.0
178 1 40.364377 168.265848 325.739226 307.778768 1.0
178 1 378.438195 178.659246 462.310620 226.889977 1.0
179 1 0.000000 195.640103 400.790744 373.000000 1.0
179 1 401.293209 182.577856 520.421827 268.627386 1.0
179 1 589.301857 175.409618 648.812794 229.677817 1.0
179 1 528.883101 172.209500 579.887702 217.392376 1.0
179 1 0.000000 166.117049 270.276616 350.464538 1.0
179 1 352.239722 180.113912 448.448381 233.882317 1.0
179 2 501.689291 168.376063 536.860066 197.475663 1.0
180 1 0.000000 192.407169 399.139790 373.000000 1.0
180 1 399.370744 182.875300 519.099481 269.579628 1.0
180 1 589.215300 175.316447 648.744621 229.601832 1.0
180 1 527.978329 173.042120 579.191337 218.389185 1.0
180 1 0.000000 166.747130 187.411322 365.459904 1.0
180 1 319.493768 181.722170 431.837299 242.621756 1.0
180 2 494.995746 168.936012 532.371044 199.549628 1.0
181 1 0.000000 195.283911 397.529347 373.000000 1.0
181 1 397.423007 183.175696 517.763625 270.544604 1.0
181 1 589.128689 175.223218 648.676405 229.525799 1.0
181 1 527.066912 173.880797 578.490544 219.393333 1.0
181 1 0.000000 174.485495 160.952703 373.000000 1.0
181 1 277.395307 183.684510 411.569771 253.856561 1.0
181 2 487.566790 169.557503 527.436624 201.851434 1.0
182 1 0.000000 194.904025 395.849538 373.000000 1.0
182 1 395.449489 183.479090 516.414055 271.522572 1.0
182 1 589.083355 175.704031 648.386968 229.783932 1.0
182 1 526.148775 174.725598 577.785279 220.404900 1.0
182 1 0.000000 181.596364 130.866245 373.000000 1.0
182 1 221.270076 186.132335 386.289210 268.833476 1.0
182 2 479.274176 170.251269 521.987058 204.420807 1.0
183 1 0.000000 200.047552 394.132298 373.000000 1.0
183 1 393.249879 185.778476 515.422767 275.195627 1.0
183 1 588.321431 176.227886 648.685518 231.274024 1.0
183 1 525.223845 175.576590 577.075501 221.423968 1.0
183 1 146.150095 187.261487 355.995299 286.747887 1.0
183 2 469.958000 171.030696 515.937238 207.307281 1.0
184 1 0.000000 200.748168 391.298579 373.000000 1.0
184 1 390.998319 187.051996 514.407152 277.569872 1.0
184 1 588.993791 176.653920 647.815156 230.293914 1.0
184 1 524.279511 174.938796 576.437930 220.843716 1.0
184 1 34.072752 188.756733 315.882592 313.471499 1.0
184 2 459.416284 171.912693 509.182211 210.573418 1.0
185 1 0.000000 200.334881 388.391212 373.000000 1.0
185 1 388.677409 186.215545 513.354841 277.239222 1.0
185 1 588.949552 177.123090 647.532725 230.545815 1.0
185 1 523.332917 174.299314 575.798837 220.262030 1.0
185 1 0.000000 190.830565 260.254221 356.030332 1.0
185 2 448.335300 171.179043 502.048974 212.430040 1.0
186 1 0.000000 198.332176 385.407291 373.000000 1.0
186 1 386.325205 185.862314 512.294532 277.541801 1.0
186 1 588.905670 177.588473 647.252573 230.795689 1.0
186 1 522.384055 173.658137 575.158215 219.678905 1.0
186 1 0.000000 193.899364 177.949532 364.359483 1.0
186 2 435.662653 170.340219 494.024183 214.553339 1.0
187 1 0.000000 199.232888 382.343750 373.000000 1.0
187 1 383.920543 184.658443 511.211059 276.753276 1.0
187 1 588.763345 176.442124 646.802532 229.370694 1.0
187 1 521.432916 173.015259 574.516059 219.094336 1.0
187 2 421.028790 169.371860 484.929605 217.005220 1.0
188 1 0.000000 200.574638 379.197360 373.000000 1.0
188 1 381.931054 184.127280 510.273009 276.666062 1.0
188 1 588.622511 175.307807 646.357214 227.960618 1.0
188 1 520.479494 172.370673 573.872363 218.508318 1.0
188 2 403.940169 168.241451 474.536107 219.868354 1.0
189 1 0.000000 200.261067 375.964713 373.000000 1.0
189 1 379.902214 182.729417 509.315876 275.458273 1.0
189 1 588.483145 174.185335 645.916545 226.565226 1.0
189 1 520.113393 172.166471 573.544549 218.232931 1.0
189 2 383.722473 166.904598 462.544088 223.255684 1.0
190 1 0.000000 200.001617 372.642216 373.000000 1.0
190 1 377.871708 182.970467 508.367549 276.386158 1.0
190 1 588.345222 173.074523 645.480452 225.184291 1.0
190 1 519.748447 171.962887 573.217584 217.958399 1.0
190 2 360.458746 166.336042 450.181724 228.473211 1.0
191 1 0.000000 201.668301 369.226065 373.000000 1.0
191 1 375.814399 183.233236 507.409796 277.351544 1.0
191 1 588.208722 171.975189 645.048864 223.817589 1.0
191 1 519.384650 171.759919 572.891467 217.684719 1.0
191 2 331.871987 165.637113 435.516053 234.884260 1.0
192 1 0.000000 200.272613 365.712249 373.000000 1.0
192 1 373.722839 183.067969 506.437434 277.767470 1.0
192 1 588.110748 171.352013 644.570393 222.848624 1.0
192 1 519.021997 171.557563 572.566193 217.411886 1.0
192 2 295.899160 164.757160 417.837263 242.951256 1.0
193 1 0.000000 200.690199 362.096515 373.000000 1.0
193 1 372.125167 182.278141 505.626615 277.162627 1.0
193 1 588.014076 170.737129 644.098287 221.892523 1.0
193 1 518.660483 171.355817 572.241760 217.139895 1.0
193 2 249.253002 163.615390 396.110497 253.410928 1.0
193 1 482.960394 174.178040 524.463737 201.404388 1.0
194 1 0.000000 200.426285 361.970522 373.000000 1.0
194 1 370.509504 181.257936 504.807695 276.257909 1.0
194 1 587.918679 170.130372 643.632419 220.949031 1.0
194 1 518.996853 170.899435 572.051853 216.388854 1.0
194 2 186.355693 162.074527 368.765730 267.513135 1.0
194 1 473.788849 174.452334 518.535083 203.396684 1.0
195 1 0.000000 202.734766 361.844860 373.000000 1.0
195 1 368.924760 183.190699 504.016296 279.222844 1.0
195 1 587.824532 169.531582 643.172667 220.017901 1.0
195 1 519.329050 170.449019 571.864019 215.647400 1.0
195 2 101.792438 160.128732 334.707176 287.056624 1.0
195 1 463.381189 174.763656 511.894741 205.657465 1.0
196 1 0.000000 202.671494 361.719526 373.000000 1.0
196 1 367.289235 182.789139 503.193110 279.135787 1.0
196 1 587.731611 168.940603 642.718911 219.098890 1.0
196 1 519.657152 170.004453 571.678222 214.915351 1.0
196 2 0.000000 157.187849 289.277500 316.374451 1.0
196 1 452.997516 175.073089 505.394890 208.109689 1.0
197 1 0.000000 200.406725 361.594519 373.000000 1.0
197 1 365.627876 181.689518 502.356405 278.135004 1.0
197 1 588.030925 168.599982 642.636241 218.410454 1.0
197 1 519.981235 169.565624 571.494427 214.192531 1.0
197 2 0.000000 154.128320 225.641411 352.253335 1.0
197 1 441.065162 175.428660 498.047233 210.927673 1.0
198 1 0.000000 200.127970 361.469839 373.000000 1.0
198 1 365.537243 181.233277 502.035459 277.347851 1.0
198 1 588.326113 168.264067 642.554712 217.731508 1.0
198 1 520.301374 169.132423 571.312602 213.478766 1.0
198 2 0.000000 156.647949 130.112511 354.480676 1.0
198 1 427.209661 175.841515 489.674378 214.199841 1.0
199 1 0.000000 201.585002 361.345483 373.000000 1.0
199 1 365.465226 181.958377 501.728715 278.111771 1.0
199 1 588.257557 169.188667 642.113810 218.315988 1.0
199 1 521.062919 169.580708 571.821421 213.428270 1.0
199 1 410.925243 176.326708 480.045741 218.045620 1.0
200 1 0.000000 205.495601 361.221452 373.000000 1.0
200 1 365.362938 180.705257 501.400725 276.281436 1.0
200 1 588.189935 170.100651 641.678922 218.892509 1.0
200 1 521.807916 170.019200 572.320134 213.378860 1.0
200 1 391.511737 176.905072 468.855971 222.630329 1.0
201 1 0.000000 202.109746 364.256599 373.000000 1.0
201 1 365.325458 183.621961 501.120462 279.919050 1.0
201 1 588.123228 171.000275 641.249927 219.461232 1.0
201 1 522.536911 170.448216 572.809026 213.330500 1.0
201 1 369.160068 178.206082 456.679440 228.709219 1.0
202 1 0.000000 202.245305 366.171612 373.000000 1.0
202 1 365.238975 183.348773 500.805349 279.374586 1.0
202 1 588.057418 171.887788 640.826705 220.022315 1.0
202 1 523.250432 170.868059 573.288372 213.283155 1.0
202 1 341.587848 179.702187 442.186353 236.207670 1.0
203 1 0.000000 202.768353 369.165499 373.000000 1.0
203 1 366.217068 184.154894 500.849165 279.822714 1.0
203 1 587.992486 172.763434 640.409142 220.575910 1.0
203 1 523.948978 171.279018 573.758440 213.236793 1.0
203 1 306.724124 181.309028 424.646203 245.688661 1.0
204 1 0.000000 201.908503 370.888654 373.000000 1.0
204 1 367.163945 183.722846 500.878746 278.657807 1.0
204 1 588.044187 172.201188 640.013717 219.605673 1.0
204 1 524.953273 171.057458 574.086486 212.365067 1.0
204 1 261.235678 183.293427 402.985267 258.058215 1.0
205 1 0.000000 201.018388 372.112631 373.000000 1.0
205 1 368.099086 183.298754 500.908081 277.512374 1.0
205 1 588.095021 171.648438 639.624959 218.651885 1.0
205 1 525.926919 170.842653 574.405647 211.519989 1.0
205 1 199.392374 185.806177 375.558191 274.873639 1.0
206 1 0.000000 199.073217 375.967690 373.000000 1.0
206 1 369.020094 182.712021 500.935260 276.163956 1.0
206 1 588.145009 171.104945 639.242700 217.714133 1.0
206 1 526.871300 170.634298 574.716278 210.700356 1.0
206 1 113.488731 188.134740 340.975651 296.860422 1.0
207 1 0.000000 200.824379 378.396380 373.000000 1.0
207 1 369.948464 183.351082 500.975867 276.419519 1.0
207 1 588.194174 170.570479 638.866779 216.792015 1.0
207 1 527.787719 170.432107 575.018713 209.905035 1.0
207 1 0.000000 191.269765 294.420169 330.376637 1.0
208 1 0.000000 200.139911 381.679402 373.000000 1.0
208 1 372.210946 182.705269 501.459255 274.464147 1.0
208 1 588.242534 170.044817 638.497039 215.885144 1.0
208 1 528.677402 170.235812 575.313271 209.132961 1.0
208 1 0.000000 195.717957 228.372314 371.724891 1.0
208 1 490.970739 172.472547 527.345375 196.427273 1.0
209 1 0.000000 198.124980 383.314008 373.000000 1.0
209 1 374.410104 181.436002 501.926627 271.733108 1.0
209 1 588.069974 170.997421 637.892313 216.442275 1.0
209 1 529.866953 170.703041 575.646118 208.957407 1.0
209 1 483.967216 173.238553 521.593330 198.010560 1.0
210 1 0.000000 197.059576 383.494504 373.000000 1.0
210 1 376.570894 181.058253 502.395224 270.186698 1.0
210 1 587.900370 171.933817 637.297865 216.989890 1.0
210 1 531.017917 171.155048 575.969285 208.787547 1.0
210 1 475.809529 174.119619 515.764546 200.214127 1.0
211 1 0.000000 199.478103 385.354764 373.000000 1.0
211 1 378.708526 182.468299 502.875330 270.968485 1.0
211 1 587.733648 172.854415 636.713435 217.528232 1.0
211 1 532.132142 171.592564 576.283187 208.623109 1.0
211 1 466.729954 175.100216 509.338778 202.666756 1.0
212 1 0.000000 201.457710 386.160935 373.000000 1.0
212 1 380.808915 184.633880 503.355589 272.734799 1.0
212 1 587.569735 173.759610 636.138772 218.057535 1.0
212 1 533.211358 172.016276 576.588217 208.463837 1.0
212 1 456.562819 176.198214 502.219396 205.413199 1.0
213 1 0.000000 199.395274 387.594240 373.000000 1.0
213 1 382.811938 183.447001 503.790171 270.216768 1.0
213 1 587.408560 174.649786 635.573633 218.578022 1.0
213 1 534.257192 172.426827 576.884746 208.309492 1.0
213 1 443.695479 177.276859 494.141891 208.998768 1.0
214 1 0.000000 198.767487 388.408556 373.000000 1.0
214 1 384.823743 185.863972 504.257271 272.332780 1.0
214 1 586.909305 174.782012 634.751603 218.415795 1.0
214 1 534.968434 172.653332 577.097015 208.072857 1.0
214 1 430.892981 178.400936 485.828118 212.339701 1.0
215 1 0.000000 199.813047 389.377730 373.000000 1.0
215 1 386.739396 184.783374 504.677499 269.997713 1.0
215 1 586.416710 174.912485 633.940459 218.255726 1.0
215 1 535.661576 172.874076 577.304415 207.842249 1.0
215 1 416.163980 179.619285 476.411887 216.183303 1.0
216 1 0.000000 198.073366 389.980289 373.000000 1.0
216 1 388.612091 183.653110 505.089701 267.626874 1.0
216 1 585.930641 175.041239 633.139987 218.097774 1.0
216 1 536.337301 173.089275 577.507112 207.617440 1.0
216 1 399.038247 180.925881 465.658341 220.652248 1.0
217 1 0.000000 198.466984 389.409208 373.000000 1.0
217 1 390.458017 183.471752 505.505258 266.486710 1.0
217 1 585.450971 175.168310 632.349977 217.941897 1.0
217 1 536.996258 173.299135 577.705263 207.398213 1.0
217 1 378.878963 182.432255 453.260813 225.912663 1.0
218 1 0.000000 200.540958 389.306532 373.000000 1.0
218 1 392.295396 185.391088 505.937250 268.026287 1.0
218 1 584.977573 175.293728 631.570226 217.788054 1.0
218 1 537.639065 173.503853 577.899019 207.184364 1.0
218 1 354.774063 183.522102 438.962859 232.023465 1.0
219 1 0.000000 199.706085 389.081749 373.000000 1.0
219 1 394.069223 185.613103 506.343311 267.430192 1.0
219 1 584.392744 175.786210 630.834957 218.142932 1.0
219 1 538.165611 173.684085 577.914906 207.113189 1.0
219 1 324.634620 184.838410 421.692131 239.664374 1.0
220 1 0.000000 200.398571 389.845898 373.000000 1.0
220 1 395.808601 186.020358 506.744704 267.084747 1.0
220 1 583.811684 176.275559 630.104357 218.495528 1.0
220 1 538.684560 173.861609 577.930436 207.043051 1.0
220 1 285.687244 186.432143 399.721682 249.090502 1.0
221 1 0.000000 200.144843 389.523195 373.000000 1.0
221 1 397.504997 185.953559 507.134212 266.158743 1.0
221 1 583.234357 176.761803 629.378381 218.845862 1.0
221 1 539.196079 174.036486 577.945617 206.973927 1.0
221 1 234.679618 187.858153 373.829636 261.012585 1.0
222 1 0.000000 198.853397 389.267882 373.000000 1.0
222 1 399.173772 186.383185 507.522866 265.873447 1.0
222 1 582.660728 177.244974 628.656987 219.193958 1.0
222 1 539.700326 174.208773 577.960456 206.905795 1.0
222 1 164.010006 189.702210 340.349078 277.528711 1.0
222 1 512.305829 177.070237 541.859786 198.686596 1.0
223 1 0.000000 197.941353 389.002976 373.000000 1.0
223 1 399.512634 184.595824 507.724487 263.335469 1.0
223 1 582.090762 177.725099 627.940129 219.539835 1.0
223 1 540.197459 174.378529 577.974962 206.838634 1.0
223 1 59.595379 192.179719 295.371113 301.927988 1.0
223 1 508.365207 177.090920 537.977448 199.663974 1.0
224 1 0.000000 200.506797 388.247478 373.000000 1.0
224 1 399.907685 186.826331 507.969685 265.837209 1.0
224 1 581.634216 177.259747 627.482881 219.075739 1.0
224 1 540.422773 174.343743 578.272406 206.687197 1.0
224 1 0.000000 195.684764 231.745661 340.665800 1.0
224 1 502.736150 177.138115 533.839335 200.768799 1.0
225 1 0.000000 198.183803 387.186413 373.000000 1.0
225 1 400.231793 184.365026 508.160984 262.463716 1.0
225 1 581.177692 176.794450 627.025654 218.611623 1.0
225 1 540.646688 174.309203 578.567806 206.536835 1.0
225 1 496.553702 177.189945 529.322239 201.982265 1.0
226 1 0.000000 200.284556 386.753268 373.000000 1.0
226 1 400.591632 184.520105 508.380194 262.369645 1.0
226 1 580.721189 176.329209 626.568447 218.147488 1.0
226 1 540.869220 174.274906 578.861180 206.387536 1.0
226 1 489.732008 177.247130 524.371626 203.321225 1.0
227 1 0.000000 201.074962 386.037022 373.000000 1.0
227 1 400.953202 184.960860 508.601238 262.634203 1.0
227 1 580.264709 175.864025 626.111260 217.683333 1.0
227 1 541.090384 174.240849 579.152545 206.239289 1.0
227 1 482.166483 177.310543 518.921972 204.806207 1.0
228 1 0.000000 196.841596 384.773893 373.000000 1.0
228 1 401.274405 182.789511 508.791703 259.639522 1.0
228 1 579.808251 175.398897 625.654095 217.219158 1.0
228 1 541.310197 174.207031 579.441921 206.092083 1.0
228 1 473.728414 177.381259 512.893847 206.462476 1.0
229 1 0.000000 200.712941 383.847656 373.000000 1.0
229 1 401.650106 184.530650 509.024606 261.530771 1.0
229 1 579.336023 175.485237 625.213356 217.336685 1.0
229 1 541.401580 174.089287 579.034121 205.952498 1.0
229 1 464.772424 177.639157 506.911579 208.545630 1.0
230 1 0.000000 200.530765 382.315666 373.000000 1.0
230 1 401.990936 184.032337 509.231123 260.629986 1.0
230 1 578.863419 175.571677 624.771813 217.454346 1.0
230 1 541.493930 173.971794 578.626168 205.813012 1.0
230 1 454.616603 177.931619 500.197920 210.907827 1.0
231 1 0.000000 202.339932 381.046346 373.000000 1.0
231 1 402.362718 185.829123 509.461997 262.589223 1.0
231 1 578.390436 175.658217 624.329461 217.572141 1.0
231 1 541.587230 173.854553 578.218071 205.673627 1.0
231 1 443.002526 178.266094 492.610007 213.609159 1.0
232 1 0.000000 200.475041 381.277442 373.000000 1.0
232 1 401.830330 184.801920 509.325366 261.350736 1.0
232 1 577.917071 175.744857 623.886299 217.690069 1.0
232 1 541.681466 173.737564 577.809841 205.534343 1.0
232 1 429.591821 178.652335 483.965181 216.728307 1.0
233 1 0.000000 201.609974 380.441418 373.000000 1.0
233 1 401.314918 184.965778 509.201767 261.594830 1.0
233 1 577.443324 175.831596 623.442323 217.808131 1.0
233 1 541.776620 173.620826 577.401487 205.395161 1.0
233 1 413.932645 179.103367 474.026086 220.370331 1.0
234 1 0.000000 201.676006 379.658375 373.000000 1.0
234 1 400.793739 184.750911 509.073638 261.367571 1.0
234 1 576.608415 176.097027 622.793026 218.244096 1.0
234 1 541.991144 173.983972 577.585399 205.758091 1.0
234 1 396.760906 180.024106 463.712843 225.181181 1.0
235 1 0.000000 201.196953 378.868944 373.000000 1.0
235 1 400.268045 184.243895 508.941946 260.776807 1.0
235 1 575.766717 176.364589 622.138487 218.683619 1.0
235 1 542.205670 174.347115 577.769310 206.121023 1.0
235 1 376.111339 181.085174 451.573723 230.966185 1.0
236 1 0.000000 199.626008 378.073047 373.000000 1.0
236 1 399.750324 184.306238 508.816330 260.894592 1.0
236 1 574.918144 176.634307 621.478644 219.126742 1.0
236 1 542.420198 174.710254 577.953218 206.483956 1.0
236 1 350.808332 182.352380 437.076749 238.054562 1.0
237 1 0.000000 201.719176 377.270604 373.000000 1.0
237 1 399.250703 185.636197 508.704601 262.589511 1.0
237 1 574.062613 176.906207 620.813432 219.573510 1.0
237 1 542.634728 175.073390 578.137125 206.846892 1.0
237 1 319.079149 183.892257 419.461061 246.942710 1.0
238 1 0.000000 200.878256 376.461534 373.000000 1.0
238 1 397.690692 184.900907 507.835660 262.110131 1.0
238 1 573.200037 177.180316 620.142787 220.023969 1.0
238 1 542.849260 175.436522 578.321029 207.209830 1.0
238 1 278.119624 185.803423 397.598970 258.415757 1.0
238 1 600.947861 175.559704 627.149921 201.831758 1.0
239 1 0.000000 201.942448 372.927636 373.000000 1.0
239 1 396.140143 186.033357 506.979851 263.962937 1.0
239 1 571.928338 177.815268 619.207677 220.966849 1.0
239 1 542.323435 175.787532 577.899853 207.671744 1.0
239 1 221.693694 187.395360 368.981661 273.137287 1.0
239 1 600.451530 176.026665 626.830101 202.477819 1.0
240 1 0.000000 204.595616 369.301007 373.000000 1.0
240 1 393.117353 188.489054 505.542431 267.998388 1.0
240 1 570.638249 178.459336 618.259127 221.923372 1.0
240 1 541.793929 176.140984 577.476009 208.136904 1.0
240 1 141.233587 189.510787 330.956858 294.126743 1.0
240 1 599.948968 176.499859 626.505383 203.132773 1.0
241 1 0.000000 203.195259 365.577947 373.000000 1.0
241 1 389.957639 186.820374 504.029715 266.903674 1.0
241 1 569.329369 179.112716 617.296847 222.893836 1.0
241 1 541.260701 176.496903 577.049472 208.605344 1.0
241 1 17.228230 192.458731 277.973277 326.469777 1.0
241 1 599.440041 176.979412 626.175665 203.796803 1.0
242 1 0.000000 206.234664 361.754561 373.000000 1.0
242 1 386.777696 189.204861 502.532465 270.917747 1.0
242 1 568.001283 179.730148 616.320537 223.878547 1.0
242 1 540.723713 176.855316 576.620216 209.077098 1.0
242 1 0.000000 196.851035 199.042477 373.000000 1.0
242 1 598.823513 177.465448 625.840839 204.470097 1.0
243 1 0.000000 206.316000 357.826738 373.000000 1.0
243 1 383.468106 188.395292 500.968522 270.948656 1.0
243 1 566.653567 180.303101 615.329888 224.877823 1.0
243 1 540.182924 177.216248 576.188216 209.552203 1.0
243 1 598.065751 177.958100 625.500798 205.152849 1.0
244 1 380.069548 187.390781 499.370551 270.754915 1.0
244 1 565.034573 178.876734 614.197883 223.749839 1.0
244 1 539.255525 176.109686 576.005334 208.729339 1.0
244 1 597.439208 176.690907 625.240942 204.084321 1.0
245 1 375.821150 187.578051 497.453457 272.370165 1.0
245 1 563.382866 177.273675 613.043129 222.599050 1.0
245 1 538.312418 174.983056 575.818932 207.891927 1.0
245 1 596.804234 175.405482 624.976969 202.999971 1.0
246 1 371.378457 184.336733 495.447454 269.668987 1.0
246 1 561.697442 175.638093 611.864934 221.424758 1.0
246 1 537.353197 173.835812 575.628918 207.039585 1.0
246 1 596.160651 174.101430 624.708788 201.899446 1.0
247 1 366.847803 185.269149 493.435992 272.318527 1.0
247 1 559.977259 173.968992 610.662577 220.226237 1.0
247 1 536.377439 172.667388 575.435193 206.171916 1.0
247 1 595.508277 172.778348 624.436304 200.782385 1.0
248 1 362.126253 184.029365 491.345601 272.241737 1.0
248 1 558.221230 172.265329 609.435309 219.002728 1.0
248 1 535.384707 171.477199 575.237657 205.288507 1.0
248 1 594.846925 171.435817 624.159421 199.648416 1.0
249 1 357.262609 184.409758 489.216731 274.292348 1.0
249 1 556.349130 172.255006 608.165328 219.540847 1.0
249 1 534.014964 171.380918 574.310827 205.543033 1.0
249 1 594.511048 171.486563 623.673224 199.932565 1.0
250 1 350.983061 184.146729 486.407261 275.865981 1.0
250 1 554.432546 172.244439 606.865339 220.091752 1.0
250 1 532.616501 171.282622 573.366533 205.802896 1.0
250 1 508.046975 174.231282 534.710294 192.680262 1.0
250 1 594.171105 171.538212 623.177394 200.221328 1.0
251 1 344.443313 184.736693 483.514016 278.628937 1.0
251 1 552.469875 172.233621 605.534264 220.655906 1.0
251 1 531.188405 171.182248 572.404277 206.068267 1.0
251 1 502.797293 174.385669 530.643393 193.646778 1.0
251 1 593.826982 171.590789 622.671701 200.514820 1.0
252 1 337.644437 187.401863 480.546106 284.201947 1.0
252 1 550.459434 172.222542 604.170976 221.233791 1.0
252 1 529.729724 171.079730 571.423541 206.339323 1.0
252 1 497.063965 174.554279 526.225396 194.702407 1.0
252 1 593.078084 171.644316 622.155907 200.813156 1.0
253 1 331.134691 184.107885 478.095059 282.231671 1.0
253 1 548.399455 172.211193 602.774294 221.825915 1.0
253 1 528.239465 170.974997 570.423788 206.616249 1.0
253 1 490.776866 174.739171 521.408841 195.860064 1.0
253 1 592.299892 171.698819 621.629765 201.116458 1.0
254 1 324.364318 184.821837 475.598616 285.629581 1.0
254 1 546.559176 172.193636 601.613336 222.426667 1.0
254 1 526.779553 170.788767 569.513273 206.876640 1.0
254 1 483.851625 174.942820 516.137304 197.135295 1.0
254 1 591.857274 171.502977 621.450248 201.184883 1.0
255 1 317.231216 184.607583 472.995733 287.929476 1.0
255 1 544.672425 172.175640 600.423234 223.042589 1.0
255 1 525.282600 170.597823 568.582115 207.143641 1.0
255 1 476.185819 175.168230 510.343188 198.546966 1.0
255 1 591.406638 171.303596 621.267474 201.254550 1.0
256 1 309.703414 183.213048 470.277903 288.779603 1.0
256 1 542.737420 172.157187 599.202876 223.674265 1.0
256 1 523.747176 170.401982 567.629604 207.417504 1.0
256 1 467.653864 175.419084 503.944799 200.118212 1.0
256 1 590.947762 171.100579 621.081353 201.325491 1.0
257 1 301.841598 186.274705 467.503045 295.765762 1.0
257 1 540.752284 172.138260 597.951095 224.322307 1.0
257 1 522.171779 170.201054 566.654997 207.698499 1.0
257 1 458.100083 175.699945 496.842484 201.877710 1.0
257 1 590.480419 170.893824 620.891794 201.397743 1.0
258 1 294.475613 183.042956 464.433530 293.581593 1.0
258 1 538.715044 172.118841 596.666662 224.987358 1.0
258 1 520.554827 169.994837 565.657518 207.986908 1.0
258 1 447.985176 175.905775 489.735789 203.700324 1.0
258 1 590.004372 170.683229 620.698700 201.471341 1.0
259 1 286.894939 185.040159 461.332715 298.574058 1.0
259 1 536.949997 172.092793 595.673361 225.663467 1.0
259 1 519.089010 169.937157 564.865081 208.451469 1.0
259 1 436.538086 176.138746 481.776368 205.762957 1.0
259 1 589.709635 170.516358 620.699138 201.600542 1.0
260 1 278.972394 185.644598 458.121200 301.781410 1.0
260 1 535.137411 172.066048 594.653472 226.357788 1.0
260 1 517.582320 169.877869 564.053021 208.928983 1.0
260 1 423.477074 176.404606 472.800952 208.116363 1.0
260 1 589.409174 170.346245 620.699584 201.732251 1.0
261 1 270.693238 185.232808 454.798838 303.697724 1.0
261 1 533.275338 172.038580 593.605915 227.071067 1.0
261 1 516.033024 169.816906 563.220601 209.420000 1.0
261 1 408.434938 176.710848 462.601746 210.826690 1.0
261 1 589.102822 170.172795 620.700039 201.866542 1.0
262 1 262.142668 190.164566 451.433585 313.135769 1.0
262 1 531.361723 172.010357 592.529549 227.804090 1.0
262 1 514.439288 169.754195 562.367046 209.925100 1.0
262 1 390.923929 177.067430 450.910145 213.981799 1.0
262 1 588.790404 169.995909 620.700503 202.003492 1.0
263 1 248.466356 185.553517 447.013705 311.800651 1.0
263 1 529.394396 171.981349 591.423170 228.557689 1.0
263 1 512.799172 169.689660 561.491540 210.444899 1.0
263 1 372.084356 178.538667 438.480863 218.753011 1.0
263 1 588.471738 169.815484 620.700976 202.143180 1.0
264 1 238.410688 185.333401 443.820868 315.304165 1.0
264 1 527.541152 171.953603 590.535988 229.408781 1.0
264 1 511.427713 170.788479 560.871281 212.126474 1.0
264 1 349.542976 180.159822 423.928286 224.461919 1.0
264 1 588.081168 169.846500 620.673169 202.537993 1.0
265 1 227.788257 188.522845 440.529531 323.919377 1.0
265 1 525.629394 171.924987 589.620973 230.286746 1.0
265 1 510.016331 171.919290 560.235112 213.856993 1.0
265 1 322.089401 181.995543 406.657852 231.415057 1.0
265 1 587.681707 169.878222 620.644729 202.941792 1.0
266 1 216.447307 189.901665 437.070802 330.269081 1.0
266 1 523.656307 171.895461 588.676795 231.192878 1.0
266 1 508.563258 173.083509 559.582412 215.638625 1.0
266 1 287.921029 184.209257 385.830157 240.068905 1.0
266 2 501.387251 160.611439 536.641021 192.572727 1.0
266 1 587.273047 169.910675 620.615634 203.354888 1.0
267 1 204.326468 189.938314 433.440088 334.990096 1.0
267 1 521.618891 171.864981 587.702040 232.128553 1.0
267 1 507.119355 171.709244 558.925524 214.872637 1.0
267 1 244.230350 186.931137 360.220444 251.134357 1.0
267 2 496.155971 159.955817 533.243701 193.255957 1.0
267 1 586.854867 169.943884 620.585860 203.777607 1.0
268 1 191.436596 193.500895 429.682566 345.240473 1.0
268 1 519.513946 171.833498 586.695197 233.095242 1.0
268 1 505.633711 170.295248 558.251990 214.084508 1.0
268 1 191.957542 188.347273 332.056641 262.487920 1.0
268 2 490.467480 159.242827 529.580314 193.998893 1.0
268 1 586.426831 169.977877 620.555385 204.210287 1.0
269 1 180.869052 192.835225 427.890187 348.381287 1.0
269 1 518.135060 171.764147 586.256007 233.881124 1.0
269 1 504.550414 169.956916 557.923208 214.311168 1.0
269 1 121.302379 190.151756 296.171577 277.832719 1.0
269 2 484.259100 158.464592 525.618328 194.809719 1.0
269 1 586.699642 169.860680 621.147106 204.412903 1.0
270 1 169.713694 192.143914 426.026964 351.696947 1.0
270 1 516.717111 171.692848 585.804454 234.689276 1.0
270 1 503.438831 169.609724 557.586901 214.543747 1.0
270 1 20.499592 192.529712 248.885611 299.722194 1.0
270 2 477.456147 157.611728 521.319687 195.698184 1.0
270 1 586.977597 169.741272 621.749991 204.619340 1.0
271 1 157.919930 191.425439 424.088688 355.202497 1.0
271 1 515.258414 171.619519 585.340012 235.520658 1.0
271 1 502.297839 169.253318 557.242808 214.782478 1.0
271 1 0.000000 195.806170 183.739483 332.013456 1.0
271 2 469.968912 156.672960 516.639577 196.676002 1.0
271 1 587.260845 169.619589 622.364359 204.829706 1.0
272 1 145.431193 190.678157 422.070808 358.914757 1.0
272 1 513.757187 171.544070 584.862121 236.376285 1.0
272 1 501.126255 168.887327 556.890654 215.027608 1.0
272 1 0.000000 200.608988 88.258477 334.254190 1.0
272 2 463.038205 155.736218 512.845078 197.767634 1.0
272 1 587.549538 169.495566 622.990540 205.044116 1.0
273 1 132.184024 189.900288 419.968398 362.852595 1.0
273 1 512.211541 171.466410 584.370190 237.257235 1.0
273 1 499.922832 168.511359 556.530155 215.279400 1.0
273 2 455.368884 154.699200 508.696907 198.975602 1.0
273 1 587.843833 169.369135 623.628878 205.262686 1.0
274 1 127.983618 189.965130 418.696201 365.047463 1.0
274 1 511.648173 170.959181 584.517204 237.396199 1.0
274 1 500.066695 168.403692 557.117274 215.547139 1.0
274 2 446.836208 153.544893 504.143216 200.319549 1.0
274 1 588.655027 168.847632 624.648860 204.950653 1.0
275 1 123.682925 190.030947 417.404307 367.295569 1.0
275 1 511.073631 170.441830 584.667130 237.537920 1.0
275 1 500.212900 168.294272 557.712672 215.819202 1.0
275 2 437.285675 152.252208 499.121505 201.823804 1.0
275 1 589.475735 168.320008 625.680811 204.634960 1.0
276 1 119.278243 190.097761 416.092280 369.598875 1.0
276 1 510.487578 169.914051 584.820056 237.682481 1.0
276 1 500.361505 168.183056 558.316526 216.095693 1.0
276 2 426.523577 150.794671 493.555730 203.518870 1.0
276 1 590.306127 167.786154 626.724944 204.315544 1.0
277 1 114.765684 190.165594 414.759672 371.959438 1.0
277 1 509.889665 169.375526 584.976074 237.829969 1.0
277 1 500.512569 168.070000 558.929019 216.376722 1.0
277 2 414.740211 149.490476 487.079047 205.607485 1.0
277 1 591.146373 167.245960 627.781476 203.992337 1.0
278 1 110.141165 190.234470 413.406020 373.000000 1.0
278 1 509.279526 168.825924 585.135280 237.980473 1.0
278 1 500.666153 167.955058 559.550337 216.662400 1.0
278 2 401.336353 148.006669 479.860653 207.983278 1.0
278 1 591.996652 166.699313 628.850628 203.665272 1.0
279 1 112.690787 189.846636 415.210299 372.944771 1.0
279 1 509.022934 164.904037 585.207818 234.345984 1.0
279 1 500.665716 167.665043 559.879968 216.634491 1.0
279 2 385.953018 146.303401 471.765408 210.709851 1.0
279 1 592.618335 166.553463 629.572626 203.619974 1.0
280 1 115.222410 189.460466 417.005140 371.521815 1.0
280 1 508.801148 164.246511 585.316847 233.988122 1.0
280 1 500.665287 167.371872 560.212687 216.606279 1.0
280 2 368.116738 144.328095 462.623223 213.871081 1.0
280 1 593.243407 166.406818 630.298563 203.574429 1.0
281 1 117.736242 189.075944 418.790613 370.110422 1.0
281 1 508.573587 163.241476 585.423107 233.284318 1.0
281 1 500.664865 167.075493 560.548539 216.577760 1.0
281 2 347.189955 142.009921 452.216975 217.579909 1.0
281 1 593.871896 166.259370 631.028473 203.528635 1.0
282 1 120.232491 188.693056 420.566784 368.710465 1.0
282 1 508.380553 165.479188 585.565644 235.835706 1.0
282 1 500.664452 166.775854 560.887567 216.548930 1.0
282 2 323.456556 140.778690 440.474668 223.093614 1.0
282 1 594.503830 166.111114 631.762386 203.482590 1.0
283 1 122.711358 188.311788 422.333719 367.321819 1.0
283 1 508.190086 168.115904 585.713551 238.790078 1.0
283 1 500.664048 166.472901 561.229817 216.519783 1.0
283 2 295.065483 139.305871 426.967043 229.689118 1.0
283 1 595.139236 165.962041 632.500338 203.436292 1.0
284 1 125.173048 187.932125 424.091485 365.944358 1.0
284 1 508.423030 168.892473 586.083625 239.695539 1.0
284 1 501.209099 167.328329 561.928790 217.521650 1.0
284 2 260.496293 137.512606 411.263738 237.719414 1.0
284 1 595.824798 168.125147 633.288731 205.701443 1.0
285 1 130.425060 188.965589 425.025594 366.212284 1.0
285 1 508.656808 169.671813 586.455020 240.604242 1.0
285 1 501.757402 168.188933 562.631390 218.529450 1.0
285 2 217.485990 135.281530 392.782132 247.709814 1.0
285 1 596.514139 170.300188 634.081473 207.979074 1.0
285 1 474.914521 173.224358 511.027778 198.967217 1.0
286 1 135.603218 189.987647 425.947563 366.475203 1.0
286 1 508.891425 170.453939 586.827742 241.516204 1.0
286 1 502.308984 169.054758 563.337646 219.543237 1.0
286 2 162.512616 132.429991 370.713465 260.477720 1.0
286 1 597.357482 170.180762 635.029145 207.964141 1.0
286 1 468.866100 173.601696 507.224435 200.641012 1.0
287 1 140.709066 190.998498 426.857610 366.733222 1.0
287 1 509.126885 171.238867 587.201799 242.431442 1.0
287 1 502.863875 169.925852 564.047585 220.563063 1.0
287 2 89.016035 127.345124 344.737794 276.588767 1.0
287 1 598.205513 170.060671 635.982090 207.949126 1.0
287 1 462.175957 174.019239 503.048475 202.492394 1.0
288 1 145.744104 191.998336 427.755951 366.986440 1.0
288 1 509.363194 172.026612 587.577198 243.349976 1.0
288 1 503.422105 170.802264 564.761237 221.588982 1.0
288 2 0.000000 120.234002 312.315069 299.004451 1.0
288 1 599.058272 169.939910 636.940353 207.934026 1.0
288 1 452.855890 174.520894 497.006455 204.564722 1.0
289 1 150.709792 192.987352 428.642796 367.234959 1.0
289 1 508.942910 172.132032 587.232948 243.523870 1.0
289 1 503.365981 170.832081 564.905209 221.796763 1.0
289 2 0.000000 109.584110 270.705032 331.751286 1.0
289 1 599.300183 170.106257 637.271503 208.189677 1.0
289 1 443.304721 175.244012 490.390634 206.993618 1.0
290 1 151.981967 190.680972 429.392815 363.264604 1.0
290 1 508.521823 172.237650 586.888051 243.698097 1.0
290 1 503.309462 170.862108 565.050055 222.006005 1.0
290 2 0.000000 112.687295 215.358140 338.672049 1.0
290 1 599.543235 170.273388 637.604217 208.446534 1.0
290 1 432.601816 176.054392 483.051773 209.715421 1.0
291 1 153.297348 190.867191 430.169365 363.148843 1.0
291 1 508.099929 172.343466 586.542506 243.872658 1.0
291 1 503.252544 170.892349 565.195781 222.216725 1.0
291 2 0.000000 116.453536 138.127041 343.569014 1.0
291 1 599.787436 170.441311 637.938505 208.704605 1.0
291 1 420.525443 176.968841 474.864523 212.786511 1.0
292 1 154.628950 192.173620 430.956635 364.760414 1.0
292 1 507.677226 172.449481 586.196310 244.047554 1.0
292 1 503.195223 170.922805 565.342396 222.428937 1.0
292 1 600.032794 170.610031 638.274380 208.963898 1.0
292 1 406.793055 178.008779 465.672784 216.278732 1.0
293 1 155.909906 191.174254 431.715204 362.820097 1.0
293 1 507.253712 172.555697 585.849462 244.222786 1.0
293 1 503.137495 170.953478 565.489909 222.642658 1.0
293 1 600.279317 170.779553 638.611851 209.224422 1.0
293 1 391.038892 179.175206 455.279653 220.285082 1.0
294 1 157.181334 189.968597 432.469252 360.567605 1.0
294 1 506.829385 172.662112 585.501959 244.398354 1.0
294 1 502.714263 171.038485 565.313547 222.928780 1.0
294 1 600.395270 170.880032 638.838114 209.435366 1.0
294 1 372.834507 179.949934 443.148149 224.430803 1.0
295 1 158.530839 193.059781 433.270575 364.920804 1.0
295 1 506.211320 172.784439 585.180295 244.790134 1.0
295 1 502.287719 171.124157 565.136004 223.217142 1.0
295 1 600.511891 170.981091 639.065683 209.647525 1.0
295 1 351.480017 180.840969 429.193958 229.294145 1.0
296 1 159.792481 191.917322 434.021070 362.769607 1.0
296 1 505.588600 172.907680 584.856227 245.184864 1.0
296 1 501.857826 171.210500 564.957269 223.507769 1.0
296 1 600.629187 171.082735 639.294569 209.860911 1.0
296 1 326.079830 181.876633 412.973308 235.079080 1.0
296 1 461.886378 173.195152 507.506564 203.155261 1.0
297 1 161.052237 190.955800 434.771525 360.901171 1.0
297 1 504.961172 173.031845 584.529728 245.582579 1.0
297 1 501.424542 171.297525 564.777328 223.800688 1.0
297 1 600.747163 171.184969 639.524784 210.075534 1.0
297 1 295.363338 183.095261 393.885636 242.074973 1.0
297 1 451.863596 173.707262 500.669940 205.283727 1.0
298 1 162.348379 192.151554 435.544653 362.340607 1.0
298 1 504.328982 173.156946 584.200770 245.983312 1.0
298 1 500.987828 171.385237 564.596170 224.095927 1.0
298 1 600.865826 171.287799 639.756339 210.291405 1.0
298 1 257.465654 184.550044 371.097622 250.706492 1.0
298 1 441.388911 174.216562 493.828493 207.648457 1.0
298 1 574.437664 176.804923 613.338483 208.901663 1.0
299 1 163.577000 190.135980 436.278775 358.866118 1.0
299 1 503.691976 173.282992 583.869326 246.387097 1.0
299 1 500.878252 171.507014 564.656012 224.398290 1.0
299 1 600.761371 171.563582 639.811619 210.727142 1.0
299 1 212.333131 186.072227 346.371450 261.222041 1.0
299 1 429.605152 174.789661 486.225284 210.308676 1.0
299 1 574.118235 176.761010 613.168685 208.988405 1.0
300 1 164.882849 192.393602 437.059879 361.928782 1.0
300 1 503.050098 173.409994 583.535367 246.793969 1.0
300 1 500.767923 171.629626 564.716202 224.702739 1.0
300 1 600.656056 171.841641 639.867354 211.166470 1.0
300 1 153.617158 187.957977 315.741152 274.901341 1.0
300 1 416.250560 175.439350 477.725583 213.323461 1.0
300 1 573.796199 176.716738 612.997653 209.075855 1.0
301 1 166.110459 190.873690 437.795507 359.220263 1.0
301 1 502.403293 173.537963 583.198866 247.203965 1.0
301 1 500.656835 171.753084 564.776742 225.009293 1.0
301 1 600.549870 172.122004 639.923551 211.609433 1.0
301 1 74.099172 190.355213 276.805338 293.424998 1.0
301 1 400.988608 176.182082 468.160902 216.768760 1.0
301 1 573.471526 176.672103 612.825373 209.164021 1.0
302 1 167.373044 191.441462 438.553021 359.701319 1.0
302 1 501.751503 173.666911 582.859791 247.617120 1.0
302 1 500.544980 171.877395 564.837636 225.317975 1.0
302 1 600.442800 172.404699 639.980215 212.056078 1.0
302 1 0.000000 193.504689 225.656092 319.601696 1.0
302 1 383.379241 177.039385 457.317707 220.743881 1.0
302 1 573.144183 176.627101 612.651831 209.252913 1.0
303 1 168.642260 192.629286 439.315568 361.126587 1.0
303 1 501.094671 173.796848 582.518114 248.033470 1.0
303 1 500.432350 172.002568 564.898886 225.628808 1.0
303 1 600.334838 172.689757 640.037352 212.506449 1.0
303 1 0.000000 197.826369 155.477750 343.275730 1.0
303 1 363.964815 177.614082 445.201261 224.986900 1.0
303 1 572.814136 176.581726 612.477015 209.342539 1.0
304 1 169.836849 190.202542 440.034575 357.050163 1.0
304 1 500.432737 173.927787 582.173805 248.453054 1.0
304 1 499.900790 172.550288 564.622060 226.366673 1.0
304 1 600.311824 172.680754 640.205567 212.689087 1.0
304 1 340.992657 178.293743 431.212084 230.007783 1.0
304 1 572.680592 176.511007 612.399284 209.324380 1.0
305 1 171.078745 190.508425 440.782875 357.136411 1.0
305 1 497.935151 174.146207 580.917109 249.798218 1.0
305 1 499.365418 173.101931 564.343543 227.109833 1.0
305 1 600.288588 172.671665 640.375409 212.873491 1.0
305 1 313.385457 179.109987 414.880128 236.042011 1.0
305 1 572.546622 176.440062 612.321333 209.306163 1.0
306 1 172.286972 189.324419 441.512037 354.961133 1.0
306 1 498.898317 174.201046 581.496214 249.505608 1.0
306 1 498.826190 173.657542 564.063322 227.858343 1.0
306 1 600.265127 172.662488 640.546904 213.059687 1.0
306 1 279.582144 179.954968 395.563664 243.430778 1.0
306 1 572.412224 176.368891 612.243161 209.287887 1.0
307 1 173.538050 190.647738 442.267903 356.594209 1.0
307 1 498.019601 174.344198 581.161281 250.143576 1.0
307 1 498.283067 174.217161 563.781379 228.612262 1.0
307 1 600.241436 172.653220 640.720075 213.247701 1.0
307 1 237.231985 180.951780 372.363012 252.687820 1.0
307 1 572.277396 176.297492 612.164766 209.269553 1.0
308 1 174.783122 191.926321 443.021211 358.156922 1.0
308 1 497.129269 174.489229 580.821950 250.789975 1.0
308 1 497.736005 174.780833 563.497700 229.371649 1.0
308 1 600.217513 172.643862 640.894947 213.437561 1.0
308 1 185.026478 182.263953 346.326727 264.333912 1.0
308 1 572.142136 176.225863 612.086148 209.251160 1.0
309 1 176.021619 193.128495 443.771607 359.601552 1.0
309 1 496.227089 174.636177 580.478135 251.444973 1.0
309 1 497.119009 174.735766 563.265922 229.630863 1.0
309 1 600.100116 172.895128 640.994816 213.906437 1.0
309 1 115.978152 183.894259 313.979861 279.735880 1.0
309 1 572.132168 176.185653 612.239893 209.375179 1.0
310 1 177.220589 192.519611 444.499234 358.305569 1.0
310 1 495.312825 174.785081 580.129746 252.108743 1.0
310 1 496.495096 174.690194 563.031938 229.892982 1.0
310 1 599.981458 173.149094 641.095757 214.380344 1.0
310 1 20.368384 185.974351 272.711725 301.059942 1.0
310 1 462.435458 176.194116 509.487651 205.995969 1.0
310 1 572.122102 176.145041 612.395001 209.500436 1.0
311 1 178.434375 192.951363 445.236767 358.584942 1.0
311 1 494.386229 174.935979 579.776691 252.781464 1.0
311 1 495.864151 174.644108 562.795716 230.158055 1.0
311 1 599.861521 173.405803 641.197789 214.859365 1.0
311 1 0.000000 188.720153 218.241237 331.390797 1.0
311 1 453.465972 176.992318 503.695403 208.322409 1.0
311 1 572.111936 176.104020 612.551491 209.626950 1.0
312 1 179.622635 192.299674 445.959890 357.229654 1.0
312 1 493.121944 174.688491 579.010585 252.983678 1.0
312 1 495.226054 174.597500 562.557224 230.426132 1.0
312 1 599.740282 173.665300 641.300928 215.343583 1.0
312 1 0.000000 192.512126 143.026531 340.845198 1.0
312 1 443.525935 177.877005 497.353481 210.900550 1.0
312 1 572.101668 176.062584 612.709381 209.754741 1.0
313 1 180.852225 194.087903 446.708944 359.555928 1.0
313 1 491.842934 174.438120 578.235558 253.188246 1.0
313 1 494.580683 174.550360 562.316429 230.697265 1.0
313 1 599.617720 173.927630 641.405194 215.833082 1.0
313 1 432.318070 178.473623 490.518641 213.563335 1.0
313 1 572.091296 176.020726 612.868690 209.883826 1.0
314 1 177.137863 191.397265 445.806407 356.974647 1.0
314 1 490.829359 174.193396 577.986691 253.638319 1.0
314 1 494.070141 174.523471 562.151804 230.947785 1.0
314 1 599.632685 174.056565 641.652680 216.194932 1.0
314 1 419.613143 179.150047 482.896115 216.581740 1.0
314 1 571.144833 175.978037 612.038320 209.862124 1.0
315 1 173.406050 191.296330 444.923136 358.322977 1.0
315 1 489.797714 173.944314 577.733394 254.096414 1.0
315 1 493.554530 174.496315 561.985795 231.200792 1.0
315 1 599.647818 174.186942 641.902936 216.560829 1.0
315 1 405.089737 179.812536 474.341411 220.032105 1.0
315 1 570.197207 175.935295 611.207054 209.840395 1.0
316 1 169.627144 192.302022 444.041983 361.381532 1.0
316 1 488.747510 173.690759 577.475547 254.562747 1.0
316 1 493.033773 174.468888 561.818387 231.456324 1.0
316 1 599.663120 174.318787 642.156008 216.930840 1.0
316 1 388.327339 180.558713 464.672398 224.014299 1.0
316 1 569.248415 175.892501 610.374892 209.818640 1.0
317 1 165.758401 192.280022 443.138315 362.909483 1.0
317 1 487.678243 173.432608 577.213026 255.037543 1.0
317 1 492.507792 174.441186 561.649560 231.714418 1.0
317 1 599.678596 174.452125 642.411945 217.305035 1.0
317 1 368.764943 181.408872 453.656185 228.661554 1.0
317 1 568.298455 175.849655 609.541832 209.796857 1.0
318 1 161.846604 193.761844 442.240942 366.769076 1.0
318 1 486.589388 173.169735 576.945703 255.521035 1.0
318 1 491.976509 174.413204 561.479297 231.975114 1.0
318 1 599.694248 174.586981 642.670794 217.683485 1.0
318 1 346.116510 181.769251 441.639800 233.191452 1.0
318 1 567.347324 175.806756 608.707872 209.775048 1.0
319 1 159.201778 192.178576 441.730196 365.521892 1.0
319 1 485.480402 172.902010 576.673446 256.013463 1.0
319 1 599.677043 173.930028 642.865475 217.239684 1.0
319 1 319.182677 182.185134 427.772415 238.578421 1.0
319 1 568.028325 174.947122 609.378120 208.994235 1.0
320 1 156.538456 191.504698 441.225496 365.678433 1.0
320 1 484.350722 172.629297 576.396115 256.515077 1.0
320 1 599.659668 173.266566 643.062082 216.791479 1.0
320 1 286.619818 182.670415 411.590806 245.091116 1.0
320 1 568.712339 174.083682 610.050987 208.209967 1.0
321 1 153.801859 188.968252 440.695000 362.973455 1.0
321 1 483.199763 172.351455 576.113569 257.026137 1.0
321 1 599.642120 172.596497 643.260647 216.338803 1.0
321 1 246.457066 183.244045 392.463125 253.123576 1.0
321 1 569.399389 173.216411 610.726489 207.422220 1.0
322 1 151.111250 190.706124 440.209029 366.875301 1.0
322 1 482.026918 172.068339 575.825659 257.546912 1.0
322 1 599.624398 171.919723 643.461197 215.881589 1.0
322 1 195.681881 183.932568 369.504471 263.278036 1.0
322 1 570.089493 172.345284 611.404641 206.630973 1.0
323 1 148.313322 188.927993 439.678174 365.357231 1.0
323 1 481.530805 171.747097 575.469573 257.350511 1.0
323 1 599.606497 171.236142 643.663763 215.419768 1.0
323 1 134.799162 185.009109 343.198597 276.619417 1.0
323 1 570.782673 171.470275 612.085458 205.836201 1.0
324 1 145.542328 190.507071 439.181219 369.060260 1.0
324 1 481.033229 171.424894 575.209713 257.153530 1.0
324 1 599.594508 170.966021 643.753946 215.252548 1.0
324 1 52.486331 186.346721 310.513484 294.655301 1.0
324 1 570.902123 171.448796 612.215541 205.850569 1.0
325 1 142.645473 187.743319 438.629750 366.026958 1.0
325 1 480.534185 171.101726 574.979328 256.955966 1.0
325 1 599.582463 170.694645 643.844547 215.084548 1.0
325 1 0.000000 188.053483 268.809170 320.127680 1.0
325 1 571.021823 171.427272 612.345863 205.864967 1.0
326 1 139.817925 190.535845 438.137308 371.669570 1.0
326 1 480.033665 170.777587 574.748425 256.757817 1.0
326 1 599.570362 170.422005 643.935570 214.915762 1.0
326 1 0.000000 190.306679 213.755909 340.971247 1.0
326 1 571.141774 171.405703 612.476423 205.879394 1.0
327 1 136.860105 188.874113 437.588932 370.376890 1.0
327 1 479.531664 170.452474 574.517003 256.559080 1.0
327 1 599.558205 170.148092 644.027016 214.746185 1.0
327 1 0.000000 193.418750 137.724566 343.053786 1.0
327 1 571.261976 171.384089 612.607222 205.893852 1.0
328 1 133.935681 191.019098 437.079387 373.000000 1.0
328 1 479.028174 170.126383 574.285061 256.359752 1.0
328 1 599.545992 169.872897 644.118890 214.575811 1.0
328 1 571.382430 171.362430 612.738261 205.908341 1.0
329 1 139.059134 187.187031 437.583487 367.890677 1.0
329 1 479.272298 172.200693 573.936068 257.815245 1.0
329 1 599.669420 169.849858 644.191948 214.502418 1.0
329 1 571.450018 171.502968 612.746137 206.005487 1.0
330 1 144.277086 190.822027 438.163421 372.440185 1.0
330 1 479.460851 169.664389 573.553350 254.652216 1.0
330 1 599.792571 169.826871 644.264840 214.429189 1.0
330 1 571.517439 171.643156 612.753996 206.102393 1.0
331 1 149.389455 191.879306 438.704062 372.953799 1.0
331 1 479.685920 170.615915 573.203033 254.998649 1.0
331 1 599.915446 169.803935 644.337567 214.356125 1.0
331 1 571.584694 171.782995 612.761837 206.199060 1.0
332 1 154.401227 190.550231 439.207817 369.743759 1.0
332 1 479.917177 172.380587 572.863244 256.169800 1.0
332 1 600.038045 169.781052 644.410131 214.283225 1.0
332 1 571.651783 171.922487 612.769661 206.295488 1.0
333 1 159.370707 189.726756 439.708073 367.339347 1.0
333 1 480.147733 174.346366 572.528922 257.551200 1.0
333 1 600.160369 169.758219 644.482531 214.210488 1.0
333 1 571.718707 172.061633 612.777468 206.391679 1.0
334 1 165.622162 190.997250 441.763809 365.884095 1.0
334 1 481.387675 171.600841 573.048335 254.138705 1.0
334 1 600.190453 170.504831 644.247017 214.690464 1.0
334 1 571.354741 172.623291 612.297836 206.804279 1.0
335 1 171.584890 189.116967 443.733721 359.681933 1.0
335 1 482.636472 171.387954 573.582235 253.278352 1.0
335 1 600.220178 171.242546 644.014308 215.164724 1.0
335 1 570.993870 173.180151 611.821826 207.213370 1.0
336 1 177.377758 189.534725 445.681932 357.150662 1.0
336 1 483.860598 170.714381 574.106073 251.965931 1.0
336 1 600.249551 171.971522 643.784356 215.633369 1.0
336 1 570.636055 173.732275 611.349398 207.618998 1.0
337 1 182.993302 191.312639 447.599251 356.783329 1.0
337 1 485.076922 171.028165 574.631938 251.653940 1.0
337 1 600.278578 172.691914 643.557111 216.096499 1.0
337 1 570.281258 174.279723 610.880510 208.021205 1.0
338 1 189.890765 191.417125 450.541491 355.398297 1.0
338 1 485.348711 174.889084 575.525732 256.189931 1.0
338 1 600.307266 173.403873 643.332526 216.554210 1.0
338 1 569.929439 174.822554 610.415124 208.420036 1.0
