0 1 602.8372516036034 174.60163682699203 686.2856293916702 238.62938582897186 0.9998437
0 1 424.51597541570663 179.52866479754448 464.7134833931923 206.2767818570137 0.999749
0 1 347.09226018190384 181.83470517396927 392.6913288831711 208.77496898174286 0.99972075
1 1 599.8511450886726 175.0960350036621 679.986578464508 236.97305470705032 0.99986255
1 1 415.937054336071 178.81441488862038 459.6037448644638 208.2463726401329 0.9997613
1 1 337.2753526568413 180.6945987045765 384.1804034113884 209.64373648166656 0.9995789
2 1 405.9776410460472 180.8989718556404 454.08484822511673 211.1590951681137 0.9996588
2 1 324.345008790493 181.2153495848179 375.36584812402725 212.01876550912857 0.9996511
2 1 597.2352944612503 176.13106593489647 677.3494445085526 238.96050453186035 0.99959236
3 1 393.12247359752655 182.41415172815323 445.663460791111 216.35207533836365 0.9998797
3 1 594.2181327939034 178.63044887781143 671.278550863266 240.73979258537292 0.9998518
3 1 311.1512698531151 183.02517011761665 367.1750979423523 217.06174314022064 0.99976677
4 1 377.33946043252945 184.21103060245514 438.0533568263054 221.0778370499611 0.99978644
4 1 591.2864005565643 180.31668663024902 667.7159807682037 242.07358807325363 0.99968076
4 1 296.0444187819958 183.61002579331398 356.22654658555984 219.82023864984512 0.99868494
5 1 357.4003499150276 184.42722782492638 426.8394856452942 224.47677701711655 0.99974936
5 1 588.8427042961121 180.27864396572113 665.5079927444458 241.44011735916138 0.99950075
5 1 276.65682408213615 184.0885542333126 343.7289390563965 221.68122231960297 0.9987903
6 1 254.40689930319786 184.20948833227158 326.9121853709221 225.36179423332214 0.99987113
6 1 332.9914072751999 184.35635045170784 413.6553334593773 229.92081195116043 0.99984217
6 1 587.0371377468109 179.52945828437805 661.5457402467728 241.46412312984467 0.999808
7 1 299.2519459426403 186.95993721485138 394.022961974144 238.74957114458084 0.99980944
7 1 584.9236106872559 180.85165321826935 658.1298215389252 242.87299811840057 0.99972457
7 1 227.04009220004082 186.3648109138012 310.91567265987396 230.76273500919342 0.9994618
8 1 256.4546886384487 189.0769824385643 371.3351558446884 249.19404834508896 0.9998529
8 1 583.0174387693405 182.7535629272461 656.3404673337936 243.99002641439438 0.99955255
8 1 193.07386162877083 186.73018366098404 289.12844744324684 237.45115846395493 0.9995351
9 1 148.93439434468746 185.76448783278465 263.40811863541603 240.21917581558228 0.99981743
9 1 195.10686367750168 189.0331283211708 342.3363431096077 258.6522772908211 0.99975866
9 1 582.1387149095535 181.4594641327858 651.6569505929947 242.2610968351364 0.9996908
10 1 107.64172956347466 191.86563044786453 299.06700307130814 275.8546695113182 0.99989724
10 1 580.5326194167137 180.48756569623947 650.195174574852 241.44013971090317 0.9998018
10 1 92.71459306776524 186.3783672451973 226.2980998456478 250.49717724323273 0.99973184
11 1 577.7581247091293 179.71951514482498 647.3283287286758 241.35223031044006 0.9998913
11 1 3.8655449277721345 189.17906284332275 238.14362320303917 301.730677485466 0.99917406
11 1 20.55144113302231 186.89380958676338 185.4071625173092 259.53537225723267 0.9963528
12 1 4.445399092510343 190.01316279172897 140.8945059478283 312.679722905159 0.9999317
12 1 574.3631191849709 179.59440127015114 643.1230391263962 240.05209654569626 0.9998907
12 1 2.829020802397281 187.2057057917118 125.3832253664732 267.349049448967 0.9976494
13 1 572.3751452565193 179.42224815487862 639.0637346506119 239.957794547081 0.99994206
13 1 3.939576788339764 190.82745909690857 53.27415159344673 271.636962890625 0.688629
14 1 571.4106218218803 178.24428901076317 636.3952124118805 239.0834391117096 0.9999062
15 1 568.651192009449 177.46436968445778 634.1299999952316 237.79557645320892 0.99988866
16 1 567.1534379124641 175.81449821591377 630.2992969751358 234.97306555509567 0.99989426
17 1 564.8227098584175 176.18610709905624 627.4797556400299 234.8012924194336 0.99987197
18 1 563.797889828682 176.30718648433685 626.1858773231506 236.57792061567307 0.9999064
19 1 562.817302107811 176.12381279468536 623.8562597036362 235.80403625965118 0.99984145
20 1 561.3028544783592 176.88170447945595 623.7072393894196 235.63414067029953 0.999863
21 1 561.4641636013985 177.48306691646576 623.0150685310364 236.46057397127151 0.9998994
22 1 562.3240100741386 177.27860435843468 623.1394371986389 236.8464320898056 0.9998697
23 1 562.7715892195702 177.22319439053535 622.6226409673691 238.11060190200806 0.9998122
24 1 563.135589659214 177.62943729758263 622.3839715719223 236.8844747543335 0.9998362
25 1 564.3474808931351 176.54260620474815 622.2001576423645 235.3752851486206 0.999851
26 1 565.1037608385086 175.31071230769157 623.0239520072937 233.30157995224 0.9999355
27 1 565.9096031785011 174.7661679983139 623.9105969667435 234.0809404850006 0.99993753
28 1 566.2603894472122 173.74173179268837 624.7075188159943 232.16553032398224 0.9998927
29 1 567.3653088212013 173.8041378557682 625.6980264186859 232.22529888153076 0.9999193
30 1 567.8664479255676 173.19871857762337 626.2314051389694 231.18048906326294 0.99983096
31 1 568.1904357075691 173.3124442398548 627.3568675518036 231.62119835615158 0.99986994
32 1 570.1467992663383 175.80537870526314 628.8807538747787 232.96382278203964 0.9998666
33 1 572.163903594017 176.58653855323792 629.083963394165 232.52861201763153 0.99990547
34 1 573.1034052371979 176.87523365020752 631.5316572189331 234.73110795021057 0.9999336
35 1 573.9879403710365 177.25170403718948 631.9839001893997 234.13413763046265 0.9999132
36 1 576.2013695240021 176.00861191749573 632.6110736131668 233.80105197429657 0.99991965
37 1 576.8590058684349 175.28418079018593 633.0061662197113 232.50087350606918 0.9999312
38 1 577.3107306361198 175.73238909244537 632.7039059400558 232.24157094955444 0.99994004
39 1 577.596260368824 176.29018798470497 633.6699839830399 232.03347623348236 0.9999213
40 1 578.1328223347664 177.01920121908188 634.1354781389236 232.334665954113 0.99986327
41 1 578.7053623795509 176.55747011303902 634.2171320915222 231.66252672672272 0.9998722
42 1 578.101026892662 177.45208740234375 634.3699278831482 232.48261213302612 0.9998629
43 1 578.2613366246223 176.52538418769836 635.2751541137695 232.64099657535553 0.9998041
44 1 579.226008117199 177.9058836400509 634.4284847974777 233.60169678926468 0.99983513
45 1 579.5286755561829 178.3023253083229 634.0946881771088 233.88221114873886 0.99989915
46 1 578.8717424869537 178.40885370969772 633.0790847539902 233.85628312826157 0.9998223
47 1 579.3882796168327 177.80855298042297 632.6742943525314 232.8023761510849 0.9997547
48 1 578.1159437298775 176.52727290987968 632.2475173473358 231.2491536140442 0.9998754
49 1 578.495157122612 177.1850623190403 631.771437048912 232.67322778701782 0.9997938
49 2 893.4540699720383 177.40968614816666 941.1231737136841 205.819733440876 0.4397567
50 1 577.8841960430145 179.70598116517067 630.5979298353195 233.63104462623596 0.9998185
51 1 576.6951427459717 180.17955869436264 630.5004336833954 233.32688212394714 0.9998369
52 1 575.8366658091545 179.55851554870605 629.7718405723572 232.60317742824554 0.9998945
53 1 575.754382610321 178.31427231431007 628.8568425178528 230.94018548727036 0.99982387
54 1 574.8747333884239 177.44219675660133 627.7114663124084 229.98518496751785 0.9998485
55 1 574.0698534250259 176.60076543688774 626.783957362175 228.9295569062233 0.99962914
56 1 572.3729614019394 175.73940753936768 625.7502908706665 228.4058779478073 0.9995054
57 1 571.2120761275291 176.07374489307404 623.7980729341507 228.21474820375443 0.9978551
58 1 569.9463288187981 177.3461401462555 623.2053970098495 231.3041165471077 0.9998105
59 1 568.2422930002213 181.18948861956596 622.2857351303101 234.22231525182724 0.99982506
60 1 568.9583011865616 183.66903439164162 620.112059533596 236.53337359428406 0.9994666
60 1 534.1253024339676 184.5042072236538 551.0696820616722 195.7499384880066 0.83207357
61 1 566.1624861359596 181.97191134095192 619.0106565356255 234.9051833152771 0.9998859
61 1 531.8239638805389 181.6842332482338 545.0075238347054 193.5829594731331 0.9361736
62 1 564.9951603412628 174.16385561227798 618.0332520604134 226.57569497823715 0.99989164
62 1 528.4008273482323 173.93426969647408 545.2579638361931 186.3764449954033 0.9928678
63 1 525.3306609392166 170.9238812327385 541.9509047269821 184.37961861491203 0.999726
63 1 565.5109941959381 170.37134617567062 617.7822568416595 223.67846220731735 0.99871576
64 1 564.6559596061707 171.79718613624573 617.4355421662331 223.16665202379227 0.9994148
64 1 521.7879676222801 172.73390293121338 540.0266697406769 187.42873147130013 0.99910706
65 1 565.5333139300346 176.4283999800682 616.3350645303726 228.04194688796997 0.99968934
65 1 517.5088341236115 179.93618175387383 538.1027308702469 195.1139196753502 0.9982821
65 2 1075.746260046959 167.37907379865646 1158.1280654668808 203.21202278137207 0.35648003
66 1 563.67192953825 180.9607744216919 616.2297213077545 230.83336651325226 0.99944633
66 1 514.8688870668411 182.4696622788906 536.0233311653137 197.8856921195984 0.9946905
66 1 1086.4634338617325 157.6431356370449 1179.9591343402863 201.22374594211578 0.7826535
66 5 403.12493473291397 183.03026631474495 414.24549239873886 207.9363763332367 0.6731891
67 1 564.2083434462547 178.14350500702858 616.1897086501122 230.816088616848 0.9997893
67 1 510.6063360571861 181.88520893454552 531.6712051033974 198.13363999128342 0.97705746
67 1 555.3309745788574 178.29519510269165 572.2964894771576 192.89731979370117 0.95686734
67 5 393.2468422651291 184.67850610613823 406.3156943321228 208.54827761650085 0.82199025
67 2 1106.5262467861176 153.22591736912727 1216.1940937042236 209.8553404211998 0.44270918
68 1 563.4565052390099 175.847589969635 615.9857218265533 227.46998816728592 0.9995988
68 1 552.2539234757423 177.74660512804985 571.0974422693253 192.7652209997177 0.9976931
68 1 505.71213287115097 180.8723509311676 529.128643155098 197.86202162504196 0.9976871
68 5 382.5831543803215 178.9945252239704 398.91053956747055 209.94962006807327 0.63494253
69 1 564.0594341754913 174.64857548475266 614.9554236531258 225.4721000790596 0.99980694
69 1 499.8472988605499 179.39946055412292 526.3564803600311 197.78957962989807 0.9987716
69 1 550.6346138119698 176.53078213334084 568.6781755685806 191.8424740433693 0.9980149
69 5 371.1734025478363 174.88529160618782 389.39703977108 208.5256353020668 0.83582574
70 1 564.5844476222992 173.0719618499279 616.3132259845734 223.51019829511642 0.9995714
70 1 494.7204966545105 178.5886399447918 521.3215851187706 197.63173162937164 0.9994518
70 1 548.3212085366249 174.5579168200493 567.9305199980736 191.07002019882202 0.99600524
70 5 359.4981458187103 174.51078817248344 379.6449075937271 208.00021290779114 0.98894614
71 1 564.2369556427002 173.1048971414566 616.4990386962891 223.15536439418793 0.9998047
71 1 487.9408126473427 178.90402302145958 517.2999243736267 198.72289896011353 0.9983748
71 1 544.792173564434 175.02054199576378 566.3583667874336 191.6642189025879 0.98982847
71 5 345.935520529747 174.08481985330582 367.19886124134064 209.828183054924 0.9487907
72 1 564.8396995067596 174.4147315621376 615.2796335220337 225.47681629657745 0.99982965
72 1 481.20861822366714 179.507777094841 512.1132697463036 203.6740779876709 0.9996561
72 1 541.9272154569626 177.1663762629032 564.6596980690956 195.57034224271774 0.99917173
72 5 331.38297986984253 176.4041930437088 353.9413833618164 213.53264898061752 0.9425327
73 1 565.3919926285744 174.97948184609413 616.1055747270584 225.5648374557495 0.9998553
73 1 472.45880126953125 180.95489591360092 507.563967525959 205.93354851007462 0.9993573
73 1 538.5392796993256 176.551915705204 563.0618568062782 196.49919122457504 0.99924433
73 5 313.87871915102005 176.05209723114967 340.8385519981384 219.36524659395218 0.9732895
74 1 565.5589279532433 174.1759367287159 616.8467527627945 224.55140948295593 0.999835
74 1 464.47514712810516 181.6195361316204 501.7248585820198 208.15960317850113 0.9996413
74 1 535.5803788304329 176.61137133836746 563.0295801758766 197.9609727859497 0.9986437
74 5 297.26933911442757 179.00751158595085 324.4159655570984 221.53960168361664 0.9705161
75 1 566.5790101289749 175.02544820308685 617.3577377200127 224.48287904262543 0.99984944
75 1 453.32486683130264 184.43718552589417 494.1883394122124 211.74752712249756 0.9995751
75 1 530.6993157863617 178.30383405089378 560.8606794476509 200.83339512348175 0.99885213
75 5 276.9588252604008 182.41649866104126 304.7769499719143 226.65508836507797 0.8686882
76 1 526.4522368311882 178.23387309908867 557.6741024851799 202.26024091243744 0.9998785
76 1 565.5965346693993 174.172081053257 616.253225505352 223.93671423196793 0.99975795
76 1 438.60716754198074 183.84050577878952 484.8315959572792 214.72182869911194 0.99959975
76 5 245.00076001882553 179.90562692284584 281.96325758099556 231.43871873617172 0.98714465
77 1 567.7709505558014 174.5995357632637 616.9250013828278 224.88147765398026 0.9998115
77 1 520.002388894558 178.09324711561203 554.2927182912827 204.45676892995834 0.999683
77 1 422.82093411684036 184.48682874441147 473.65503537654877 219.23837810754776 0.9996773
77 5 217.6333051621914 183.42654034495354 256.6297301352024 235.14177650213242 0.9857041
77 6 775.7991635799408 161.22768446803093 826.2330272197723 187.37854063510895 0.3405329
78 1 567.3892942070961 178.79026383161545 617.000140786171 228.72432321310043 0.9998872
78 1 402.7211067080498 189.0811175107956 461.94650262594223 227.99373418092728 0.99973494
78 1 512.5849083065987 182.24499374628067 550.1577191948891 210.88962256908417 0.9997323
78 5 178.54401084780693 183.3931915462017 227.1943500638008 244.53990161418915 0.9934495
79 1 568.3711404204369 184.05726179480553 617.7305846214294 233.02482068538666 0.99993575
79 1 375.9577097296715 195.11177390813828 446.8180165886879 240.79998582601547 0.9998846
79 1 505.0637501478195 189.13471698760986 546.945306122303 221.09542787075043 0.99970067
79 5 136.6689786761999 193.86541843414307 190.64374968409538 259.6327140927315 0.9824554
80 1 568.7767821550369 183.96325036883354 618.088440656662 232.9365536570549 0.9999391
80 1 345.983713388443 196.76513224840164 428.78859436511993 248.82439523935318 0.9998654
80 1 493.9664005637169 189.37182426452637 542.3115368485451 224.65838491916656 0.99972814
80 5 77.46406564861536 193.09086352586746 144.44042877852917 266.41369611024857 0.98829824
80 2 800.7680983543396 166.22084006667137 847.493999004364 192.51658022403717 0.3216864
81 1 569.5722974538803 182.80094861984253 618.5683704614639 231.48217052221298 0.99992085
81 1 301.82080668210983 197.31659442186356 404.1735920906067 257.34639912843704 0.9998528
81 1 481.8974577784538 187.50295042991638 534.6932156682014 228.92940044403076 0.9997788
81 5 8.496066469699144 193.2450234889984 91.93958379328251 280.6011736392975 0.9829177
82 1 241.87390592694283 199.28057491779327 373.68187415599823 272.46809005737305 0.9998838
82 1 570.027464568615 182.29372054338455 619.478408575058 231.0110405087471 0.99984586
82 1 463.78153270483017 188.80970031023026 526.7559406757355 233.74059051275253 0.9995345
82 2 790.5569125413895 171.6625615954399 823.2418867349625 192.78015196323395 0.9353424
83 1 145.5952436774969 203.41533422470093 326.85958778858185 293.70827972888947 0.9999007
83 1 569.5155912637711 181.58062174916267 619.6328700184822 229.71276193857193 0.9998266
83 1 442.05395632982254 187.41478398442268 517.2642424106598 241.58542603254318 0.9998062
83 2 794.0729924440384 169.87914964556694 828.8571320772171 191.0642758011818 0.60976064
83 6 820.7083933353424 161.54935956001282 870.4908020496368 192.47891753911972 0.49181366
84 1 2.9213982559740543 202.6681825518608 267.2423565387726 326.7546594142914 0.9999162
84 1 409.2506838440895 185.61451882123947 501.5644378066063 251.40126049518585 0.99986947
84 1 570.3277260661125 178.1054511666298 619.2054637670517 227.5325283408165 0.99950254
84 3 830.3232017755508 159.09647941589355 886.1657699346542 194.2264884710312 0.9537299
84 2 800.0753352642059 167.47154295444489 834.6142169237137 191.11374020576477 0.59548223
85 1 360.33619076013565 185.91223284602165 484.06043618917465 266.771525144577 0.99991894
85 1 569.5153691768646 176.33986473083496 619.472930431366 225.08932650089264 0.99987495
85 1 0.0 209.73893254995346 155.26778545975685 369.7948604822159 0.999653
85 2 804.3371829986572 164.95783254504204 839.7890639305115 188.6458843946457 0.97197175
85 3 834.087944984436 159.146748483181 892.6967536211014 195.79759240150452 0.9054537
85 2 775.113507270813 168.57321560382843 802.2956861257553 186.57507374882698 0.7642835
86 1 280.6331976056099 187.9037618637085 453.6735432744026 296.0450202226639 0.9999331
86 1 570.137545645237 176.41857638955116 620.0783023238182 225.31411796808243 0.9997228
86 3 840.6868132352829 158.22507441043854 901.8349635601044 193.98826360702515 0.9635322
86 2 806.4222829341888 165.64522683620453 847.7354815006256 189.3262043595314 0.951337
86 2 768.2481347322464 167.44360327720642 805.0418647527695 188.4298101067543 0.8578079
87 1 570.0960524082184 177.401315420866 620.4417105317116 226.4285758137703 0.99977607
87 1 121.51895020902157 192.0490264892578 408.2463698387146 357.35853016376495 0.99971884
87 2 808.6828315258026 167.44877770543098 851.2888720035553 191.0656839609146 0.9732621
87 3 851.6342171430588 158.38417410850525 914.1070418357849 193.35895031690598 0.86641407
88 1 570.1043436527252 177.93570086359978 620.3094207644463 227.08113491535187 0.9998727
88 1 0.0 196.56063616275787 331.89770328998566 375.0 0.9992619
88 3 856.5408571958542 157.66898542642593 925.0218729972839 193.746417760849 0.9829096
88 2 783.0790983438492 170.66938430070877 814.787482380867 189.80082124471664 0.95901895
88 2 814.6338722705841 164.96336460113525 859.8942954540253 190.10388851165771 0.9057632
89 1 570.6657053232193 177.6319183409214 620.2011533975601 226.59672796726227 0.99979573
89 3 860.8748091459274 155.62982484698296 939.0679074525833 192.98844784498215 0.9871116
89 2 789.1157165765762 170.07889598608017 819.7919887304306 189.47341293096542 0.9779838
89 1 0.0 207.98074454069138 134.37766179442406 368.64160001277924 0.43842393
90 1 570.8504076004028 176.8597662448883 620.3657568097115 226.47180408239365 0.9996933
90 3 867.3997224569321 154.74415943026543 945.0906082391739 193.86783242225647 0.9700106
90 2 823.9959458112717 164.40054774284363 873.1642102003098 190.20605832338333 0.95769125
90 2 792.8215327262878 168.57880353927612 824.3062012195587 189.52953815460205 0.95087385
91 1 571.1487813591957 176.16184428334236 620.1149836778641 225.8516326546669 0.99959236
91 2 831.122344493866 162.46633976697922 879.7127387523651 189.60410356521606 0.9914681
91 3 878.5760979652405 152.89287641644478 956.0258713960648 194.7818398475647 0.96884334
91 2 797.4918723106384 167.4415022134781 831.9647941589355 188.7117326259613 0.82188845
92 1 571.0245977640152 175.40142685174942 618.958947300911 224.26964342594147 0.9997893
92 2 837.3550654649734 160.53490340709686 889.1404759883881 190.11390209197998 0.9750234
92 3 888.1339781284332 153.47440168261528 970.933454990387 192.2568529844284 0.9040663
92 2 794.0204318761826 164.42520171403885 837.4077000617981 187.2423179447651 0.8628843
93 1 570.804879784584 175.34960433840752 619.002402305603 223.8311916589737 0.99951136
93 3 897.5822213888168 149.19094741344452 980.335282087326 192.80719757080078 0.98332256
93 2 846.7660721540451 160.92537716031075 898.4186006784439 189.0150010585785 0.981448
94 1 569.6448088288307 176.2693226337433 618.5959092378616 224.7372642159462 0.9996195
94 3 905.6524894237518 147.07384631037712 998.4813369512558 193.80571693181992 0.9985898
94 2 804.421872138977 163.79881650209427 845.6181789636612 187.00231611728668 0.98367465
94 2 848.2622716426849 160.91825813055038 907.4830037355423 189.12184238433838 0.9780059
95 1 569.3059412240982 177.45912820100784 617.7813314795494 226.21504962444305 0.9996126
95 2 807.599861741066 164.21526297926903 850.5187486410141 187.24622949957848 0.9746991
95 3 907.7874848842621 144.8245793581009 1011.1415491104126 193.2559758424759 0.95339066
95 2 858.7938548326492 158.68188813328743 917.5211098194122 189.45948779582977 0.9012346
96 1 568.265908241272 177.78265848755836 617.411075592041 227.21819579601288 0.9997173
96 2 811.4989675283432 163.59833255410194 858.4716067314148 187.3757243156433 0.98389924
96 2 864.173614025116 160.16670316457748 923.206830739975 192.21767038106918 0.922953
96 2 928.5476506948471 149.70165118575096 1031.8397526741028 193.2889223098755 0.6747564
96 3 937.6055392026901 148.48732575774193 1030.57659637928 195.03095000982285 0.5460755
97 1 567.9969609975815 177.20962688326836 617.0696539878845 227.42076963186264 0.99947923
97 2 872.2316672801971 157.46654570102692 941.3687278032303 191.50402396917343 0.9776642
97 2 821.9987922906876 163.06888684630394 866.1165783405304 186.82171404361725 0.9361476
97 3 938.7822296619415 141.5775865316391 1042.3746671676636 190.88391959667206 0.65269554
97 2 940.3346911668777 141.9212892651558 1044.096655011177 189.93832916021347 0.480552
98 1 567.0999519824982 176.47283524274826 615.4298012852669 226.64697468280792 0.9986504
98 3 952.0713919401169 135.8114518225193 1070.8968443870544 192.2297403216362 0.9955877
98 2 828.3856415748596 159.43097323179245 871.5015195608139 184.67983603477478 0.97910327
98 1 810.0269755125046 168.32125559449196 842.7140225172043 185.21509319543839 0.9704659
98 2 879.4765123128891 153.5114161670208 947.1438757181168 189.99219685792923 0.80566716
99 1 565.552154302597 176.24996602535248 614.8621471524239 224.23450648784637 0.9990607
99 1 812.801655292511 167.78695955872536 847.0128107070923 184.24681574106216 0.98823637
99 3 967.0815056562424 132.3106661438942 1096.0483345985413 191.10661000013351 0.9832065
99 2 885.2687609195709 151.7377272248268 957.3974801301956 188.651405274868 0.98178375
99 2 835.1193906068802 157.81818330287933 878.7355563640594 183.12302604317665 0.9734736
100 1 564.8250047564507 176.07749998569489 614.061745941639 224.9392345547676 0.99846447
100 2 898.583907365799 151.71688422560692 972.7613042593002 189.61136788129807 0.97916734
100 1 817.2151883840561 168.10493543744087 852.8277121782303 186.30276247859 0.97755915
100 2 841.6306085586548 160.1588912308216 882.4828287363052 183.80791693925858 0.9388031
100 3 985.26131772995 130.57077303528786 1121.235506772995 191.77251309156418 0.90704393
100 2 979.9705413579941 132.71928951144218 1125.1612629890442 190.2092546224594 0.36957765
101 1 563.5773945450783 177.4817705154419 613.8442858457565 227.68501192331314 0.9997335
101 1 823.1475738286972 170.5450527369976 856.8433395624161 187.77287006378174 0.98535144
101 2 908.6760545969009 153.90320867300034 987.4663445949554 191.47270917892456 0.9833378
101 2 845.4863333702087 160.4667752981186 892.5508425235748 186.13086640834808 0.97179824
101 2 1000.9141509532928 133.5819773375988 1152.7276521921158 192.3942267894745 0.84095323
101 3 1007.0310906171799 130.36608695983887 1149.4597914218903 191.69895350933075 0.40380687
102 1 562.8864821791649 178.373035043478 613.8311457037926 227.88868099451065 0.99971575
102 2 847.8870928287506 161.395613104105 905.7279989719391 188.06415796279907 0.9711061
102 2 921.7865849733353 154.33192625641823 1008.1458188295364 193.33116710186005 0.9704406
102 1 829.551375746727 171.10978066921234 865.1837393045425 188.7752115726471 0.9699089
102 2 1020.0992023944855 128.67110967636108 1184.8497841358185 195.01373916864395 0.7452633
102 3 1025.9029995203018 126.38886272907257 1179.4130226373672 196.77840918302536 0.47038057
103 1 563.3888057470322 177.52617225050926 612.8173189759254 227.4578958749771 0.9993216
103 1 835.5171482563019 171.18408903479576 871.8394618034363 190.04501402378082 0.9941533
103 2 858.3676700592041 159.95419397950172 913.3977702856064 188.46070021390915 0.99278533
103 2 932.032786488533 153.93473580479622 1023.2086411714554 193.39189678430557 0.98565465
103 2 1045.0785012245178 122.15638160705566 1229.8627284765244 197.24846631288528 0.75273365
103 3 1045.4817370176315 119.06164884567261 1225.2459118366241 198.2010304927826 0.47000623
104 1 563.5148770809174 177.2402599453926 612.0950183272362 226.95504873991013 0.99749595
104 1 842.5515289306641 169.8029413819313 882.8270634412766 189.1120970249176 0.9955869
104 1 532.5986770391464 179.5969381928444 551.4148051142693 196.67049497365952 0.9948719
104 2 866.1774301528931 158.179622143507 926.0655333995819 188.54621797800064 0.9925216
104 2 942.8365741968155 150.27480572462082 1049.4585732221603 195.60286402702332 0.9497508
104 2 1061.9375624656677 123.8190159201622 1239.9814521074295 199.2054507136345 0.77485645
104 3 1065.8972979784012 117.10630729794502 1234.7744765281677 203.56019586324692 0.37393832
105 1 851.3729689121246 168.98182779550552 893.0529810190201 190.466970205307 0.999342
105 1 530.803215444088 179.51838299632072 549.6887826919556 196.20618224143982 0.99847585
105 2 876.9612300395966 157.980065792799 940.0296918153763 188.33139538764954 0.99183875
105 2 957.431015253067 147.8111408650875 1068.8470562696457 195.8785057067871 0.99032825
105 3 1099.9663177728653 116.61097034811974 1238.0351564884186 200.20966976881027 0.9874756
106 1 858.6988016366959 168.61675679683685 903.7436524629593 191.19874387979507 0.99859303
106 1 564.3891592025757 176.80411040782928 614.477973818779 226.39784216880798 0.99682486
106 1 527.725164949894 178.95153164863586 548.1837737560272 196.14891707897186 0.9926843
106 2 886.9406311511993 156.52913600206375 951.790452003479 190.04298001527786 0.98637486
106 3 1133.7096101045609 114.76505175232887 1241.9999259710312 199.82819259166718 0.9831843
106 2 974.9162875413895 146.18103951215744 1094.7762207984924 197.87659496068954 0.95899487
107 1 867.1354390382767 168.32180321216583 912.8956317901611 190.72238355875015 0.9991387
107 1 563.6618615984917 176.85944214463234 614.9760037064552 226.81740671396255 0.99907184
107 1 524.9400470852852 179.865550249815 545.3217397928238 197.00713455677032 0.99818534
107 2 897.195864200592 157.35192596912384 962.165463924408 190.42184203863144 0.9871023
107 2 991.8451581001282 145.917858928442 1122.352011680603 197.90390878915787 0.98634017
107 3 1169.1329898834229 118.70535090565681 1241.1787966489792 208.18376541137695 0.96030325
108 1 874.8499978780746 168.7149815261364 925.7745995521545 191.32114201784134 0.9988972
108 1 520.6397413015366 178.49459499120712 543.443550825119 198.12606275081635 0.9987698
108 2 910.052697300911 156.9385528564453 982.4428128004074 192.01046973466873 0.9855516
108 2 1207.9339413642883 117.0269027352333 1241.302276968956 203.4674808382988 0.9525378
108 2 1011.5012558698654 143.4907503426075 1153.079363822937 200.9163424372673 0.857468
108 1 564.2425818443298 176.18704587221146 615.8482130169868 226.011224091053 0.7922091
108 1 1008.5185546875 144.8485627770424 1158.6911298036575 199.26343113183975 0.39679104
109 1 564.64603972435 176.24319344758987 616.2775810360909 226.66644304990768 0.99971205
109 1 883.5130158662796 167.649295181036 937.19149518013 192.17562675476074 0.99938226
109 1 516.9753813743591 178.31897735595703 540.6037625670433 198.59638810157776 0.99918824
109 2 922.4725373983383 156.1155505478382 997.6227489709854 191.798597574234 0.9949234
109 2 1032.7235845327377 142.3022635281086 1184.4050921201706 202.14997977018356 0.99319917
110 1 892.4811072349548 167.15604811906815 952.1436442136765 193.2399943470955 0.99972945
110 1 510.6269161105156 177.7333840727806 538.2400916218758 200.43636113405228 0.9996861
110 1 565.8558581471443 176.38565227389336 616.5606678128242 226.8117517232895 0.9991923
110 2 1058.6088498830795 139.35772329568863 1228.2004820108414 204.98505234718323 0.9955889
110 2 937.3849328756332 153.45724672079086 1017.6374430656433 191.74184650182724 0.9906376
111 1 506.61347258090973 178.80499362945557 535.2272606492043 201.65560394525528 0.9994161
111 1 904.4547007083893 165.99829494953156 965.6537829637527 190.9535899758339 0.9990583
111 1 566.6084366440773 175.96102505922318 617.4974303841591 227.36962884664536 0.9988462
111 2 1086.3567581176758 138.1680965423584 1235.004336476326 205.24779707193375 0.9955557
111 2 948.4973473548889 153.00509333610535 1040.9546434879303 192.11608171463013 0.9853617
111 1 541.9069685339928 176.17476359009743 558.6470652222633 189.90042060613632 0.36870125
112 1 916.2073917388916 166.32933542132378 980.6026006937027 193.1849867105484 0.99975175
112 1 566.4822912812233 176.63760110735893 618.3066780567169 227.91945934295654 0.9995521
112 1 540.5222936868668 177.90276557207108 557.0831662416458 192.03557074069977 0.9988356
112 1 499.613182246685 179.3944537639618 531.3927821516991 204.56859469413757 0.9988299
112 2 1114.313872218132 134.14738699793816 1237.6849254369736 206.64487034082413 0.99552417
112 2 969.3765517473221 152.09515392780304 1063.5203758478165 193.51013749837875 0.9392174
113 1 927.4663095474243 167.95049607753754 997.7480800151825 194.84446942806244 0.99965525
113 1 493.01746022701263 180.88337033987045 526.4359874725342 208.33638310432434 0.9996146
113 1 566.8116091489792 178.14137041568756 618.5691477656364 228.87269407510757 0.9994727
113 1 538.1498132944107 179.67569455504417 556.6188195347786 194.18341666460037 0.9991233
113 2 1152.7850986719131 139.15646821260452 1239.4902698993683 211.58558875322342 0.9957838
113 1 980.9529798030853 151.94182097911835 1089.3180649280548 197.09593802690506 0.83320117
114 1 942.7817187309265 168.71270164847374 1014.5718294382095 197.16712832450867 0.9998234
114 1 485.8271005153656 181.13943189382553 521.3259898424149 209.83515679836273 0.9997111
114 1 568.0374178290367 177.98001319169998 619.0128403902054 229.49731349945068 0.9991755
114 1 536.5953159928322 179.4082671403885 555.5433636903763 194.96391713619232 0.9990841
114 1 995.9347404241562 152.2970013320446 1117.3376594781876 200.9577378630638 0.93530035
114 2 1182.6746649742126 123.82759898900986 1237.5002971887589 218.4213325381279 0.6942938
115 1 567.053017616272 176.11177638173103 617.8476614356041 227.25199162960052 0.9996902
115 1 533.1927965283394 178.39954420924187 554.1210080981255 193.68434697389603 0.99958926
115 1 476.73886013031006 179.76892367005348 515.3512228131294 210.05979180335999 0.9995359
115 1 959.0922253131866 165.92008620500565 1037.9690551757812 195.60201466083527 0.99737525
115 2 1016.7023091316223 149.49780330061913 1147.055700659752 198.8311931490898 0.89184517
116 1 568.276864528656 173.75866323709488 619.4389511346817 225.15007853507996 0.9997676
116 1 466.48351603746414 177.94229462742805 507.55748999118805 211.31372451782227 0.999713
116 1 530.5363039970398 176.22729018330574 551.9695782065392 192.46038794517517 0.9995958
116 1 972.4351326227188 162.13785856962204 1056.6450093984604 193.8009113073349 0.9995353
116 2 1039.7863183021545 145.30519768595695 1177.7002884149551 196.75055891275406 0.9184986
117 1 989.3176610469818 160.06218641996384 1082.6645632982254 193.40799003839493 0.99984574
117 1 568.688613653183 174.50155690312386 619.740100979805 225.757397711277 0.99973947
117 1 451.6400045156479 179.16186153888702 500.02189618349075 217.18519181013107 0.9996643
117 1 527.5799201130867 176.67444795370102 551.2729656100273 194.24928724765778 0.9994848
117 2 1062.7626153230667 139.3030509352684 1211.828531384468 196.25155627727509 0.7404839
117 1 1059.5137799978256 138.85650783777237 1217.6427665948868 196.818508207798 0.38534036
118 1 1008.9055781364441 160.52119061350822 1107.1265476942062 194.73550468683243 0.999843
118 1 568.0356411337852 176.0680004954338 620.5211066007614 228.50310802459717 0.9997551
118 1 524.4482726454735 179.1921816766262 548.5254174470901 197.93665409088135 0.9995041
118 1 436.09554970264435 181.59287050366402 489.82174068689346 223.84406626224518 0.99901843
118 2 1090.3026502132416 141.14579558372498 1238.8599132299423 200.0197246670723 0.9729846
119 1 519.5254942774773 182.53616988658905 546.8532140851021 202.65495032072067 0.9998524
119 1 1028.1021780967712 167.21699014306068 1137.869223833084 204.45504784584045 0.99980265
119 1 414.7319367527962 186.84076890349388 477.63842314481735 233.33711922168732 0.9997371
119 1 569.4434130191803 179.23105135560036 622.1719526052475 230.3987815976143 0.99966
119 2 1121.4753606319427 143.73452961444855 1238.7451683282852 206.81825280189514 0.96582806
120 1 568.703308403492 178.0908666551113 621.5473701953888 230.8373674750328 0.9997131
120 1 384.8969668149948 187.31680512428284 461.9383224248886 241.4509356021881 0.9996245
120 1 514.5655533671379 183.35110321640968 542.2649356126785 203.8760706782341 0.9991572
120 1 1052.725249528885 164.74972665309906 1172.9266784191132 206.15608245134354 0.99859613
120 2 1154.874418258667 144.5361189544201 1238.5347039699554 210.34696698188782 0.98613006
121 1 1078.4908100366592 165.12323543429375 1203.2824051380157 205.79832047224045 0.9998807
121 1 349.6633602976799 181.3798025250435 440.6979677081108 246.17242813110352 0.9995097
121 1 569.2699261307716 175.76748132705688 623.0554883480072 229.08025234937668 0.9993772
121 1 508.8471116423607 177.98182368278503 538.5228822827339 200.40448755025864 0.99922156
121 2 1192.9089478254318 139.6537832915783 1240.454867362976 207.50442892313004 0.9887553
122 1 297.8848159611225 179.6485148370266 412.96138590574265 256.7327991127968 0.99989057
122 1 1102.1990314722061 161.84525191783905 1241.918123960495 204.93321865797043 0.9998066
122 1 501.9054152369499 174.49235916137695 535.3049910664558 198.2192024588585 0.9993362
122 1 570.0031830668449 171.93179950118065 623.0752540826797 225.34923255443573 0.9987717
122 1 633.7171404361725 171.44231870770454 648.602663397789 186.3672137260437 0.95472443
123 1 218.19635099172592 185.29144674539566 374.7718766927719 279.9830362200737 0.99984956
123 1 1131.6650780439377 154.8544317483902 1239.479387640953 204.02146875858307 0.99969673
123 1 494.9110842347145 175.6458319723606 530.246887743473 201.14808529615402 0.99953425
123 1 634.2796865701675 171.37747630476952 649.8070406913757 186.0780157148838 0.9911317
123 1 570.1719691157341 173.14613610506058 622.6734988689423 227.311871945858 0.9906747
124 1 1169.3492285013199 151.67146548628807 1241.9999259710312 202.34743505716324 0.9998753
124 1 89.26538908481598 190.3114691376686 318.5508354306221 319.47822868824005 0.9997638
124 1 486.42255252599716 177.9678426682949 524.5627584457397 204.55245673656464 0.9994056
124 1 634.9573477506638 171.15122079849243 650.8044329881668 185.78729778528214 0.99679947
124 1 570.5662103891373 174.5229922235012 623.0129216909409 229.00892794132233 0.9950305
125 1 474.72819632291794 180.19749596714973 518.5903973579407 209.9379077553749 0.9997365
125 1 570.8539609909058 175.55082589387894 624.0167545080185 228.6524400115013 0.9993678
125 1 2.999721772503108 199.64173436164856 224.2325620651245 375.0 0.9988305
125 1 636.0169243812561 171.62924632430077 652.3392015695572 187.1279776096344 0.9930419
125 1 1206.4793461561203 151.22313424944878 1241.179610967636 201.27826184034348 0.9706233
126 1 569.9884142875671 176.03504285216331 624.0225287675858 230.47985136508942 0.9998946
126 1 462.80061185359955 184.0597540140152 510.8270534276962 216.92372113466263 0.9986792
126 1 636.1801582574844 175.56309700012207 653.5512778759003 190.94650447368622 0.97863764
127 1 569.7273881435394 177.03695967793465 624.2015308141708 230.46007007360458 0.99973613
127 1 447.1747992038727 186.55332550406456 502.5668640732765 222.38150238990784 0.99946994
127 1 637.5474733114243 177.00473964214325 654.913929104805 192.27779656648636 0.998221
128 1 569.9920787215233 176.91297456622124 624.3771275281906 230.66767305135727 0.9997482
128 1 427.09954941272736 187.79359012842178 491.52696096897125 229.05854880809784 0.9993919
128 1 637.9372358322144 177.73966491222382 655.9412291049957 193.60361248254776 0.99869746
129 1 569.2716287970543 176.6277216374874 623.7243400812149 230.38463294506073 0.9998455
129 1 403.73993039131165 188.1890371441841 478.0957741141319 233.70587825775146 0.9995161
129 1 639.0309398174286 177.3396134376526 657.0281224250793 193.61619651317596 0.99772674
130 1 569.5510141253471 175.54865777492523 624.0524364709854 229.1773483157158 0.99965155
130 1 372.8987957239151 187.24244087934494 460.9843481183052 241.86104536056519 0.9996265
130 1 639.5496608018875 176.58483982086182 657.3059531450272 193.33769381046295 0.99681866
131 1 329.7793273329735 189.3058642745018 439.4560577273369 251.97813659906387 0.99986756
131 1 568.790847659111 175.81768333911896 623.6533463001251 228.9748415350914 0.999551
131 1 639.6648498773575 174.44172129034996 658.5881348848343 191.39239937067032 0.99351805
132 1 273.8125940859318 192.69955158233643 413.0491102337837 269.1374570131302 0.9998801
132 1 568.567946434021 176.21244862675667 623.332134604454 229.01896387338638 0.9998504
132 1 810.970178604126 163.16011548042297 841.996829867363 184.5933012664318 0.9980894
132 1 640.4836843013763 176.54705420136452 659.5671679973602 194.07349079847336 0.9926845
133 1 568.9923915266991 176.20384320616722 623.9482036828995 230.81307113170624 0.999894
133 1 185.82662916183472 197.21657037734985 373.7325839996338 296.5850830078125 0.9997234
133 1 641.1324741840363 176.48256942629814 660.7995282411575 194.4456249475479 0.9974567
134 1 27.298783734440804 205.5298089981079 319.7062055468559 343.5937911272049 0.9998363
134 1 568.4955461025238 178.0608929693699 623.936655163765 231.3145324587822 0.9996112
134 1 641.5305279493332 178.6142773926258 662.4025515317917 196.71162217855453 0.99782926
134 1 804.7413071393967 171.32923007011414 833.4016964435577 188.63175809383392 0.9331985
134 1 825.2260111570358 164.57165032625198 855.7138055562973 187.24476546049118 0.59397787
135 1 566.9364960193634 178.89730632305145 622.6463302373886 233.82646590471268 0.9998926
135 1 3.0040900600142777 211.85702830553055 231.91180908679962 372.5072890520096 0.9995951
135 1 642.8102667331696 180.85943162441254 663.826498746872 198.6645832657814 0.99363554
135 1 810.3256824016571 172.9794591665268 840.5348317623138 189.9692416191101 0.9837429
135 1 828.2688978910446 166.15930572152138 861.9191358089447 189.01900202035904 0.9593607
136 1 567.4272710680962 180.2130527794361 622.6784588098526 236.17321997880936 0.99989855
136 1 642.6476250886917 181.6585399210453 665.7536208629608 200.920969247818 0.9849851
136 1 816.7887815237045 172.4974885582924 851.0733736753464 191.1640539765358 0.4498836
137 1 568.4020105004311 178.93141508102417 623.5094339847565 233.47440361976624 0.99957734
137 1 644.276040315628 180.33092468976974 667.3587909936905 200.47073811292648 0.9991572
137 1 820.4518089294434 172.18857631087303 853.1846058368683 191.02703779935837 0.99558336
137 1 840.7500339746475 168.0384837090969 878.6812191009521 193.09528917074203 0.98627245
138 1 569.2167363166809 177.64824628829956 624.7988705635071 231.99134320020676 0.9996867
138 1 645.9480586051941 178.53868380188942 669.2534884214401 199.3997097015381 0.99839056
138 1 850.329974770546 167.10766777396202 887.8264617919922 192.53361225128174 0.9047072
138 1 823.2080554962158 170.70871219038963 862.6787470579147 191.01163744926453 0.775424
139 1 569.9766806960106 175.58319121599197 625.1261526346207 230.35680502653122 0.9998779
139 1 855.0088276863098 165.75416922569275 888.0746809244156 188.45374882221222 0.984387
139 1 830.5714209079742 169.7816513478756 868.8537994623184 187.59919703006744 0.952211
139 1 648.086311340332 176.62052437663078 671.3492485284805 197.3828449845314 0.9514583
140 1 570.7466189861298 173.71906712651253 626.6909029483795 228.98148000240326 0.99977773
140 1 860.6502052545547 161.14740818738937 904.3202641010284 188.7342631816864 0.998887
140 1 837.124095082283 168.58933120965958 874.3418630361557 187.95327097177505 0.99824995
140 1 649.8671522140503 174.9613657593727 674.4393657445908 197.01900333166122 0.9980088
141 1 572.1805971264839 172.70229756832123 628.2387006282806 229.2977124452591 0.99980026
141 1 651.5464993715286 174.54776912927628 677.0507376194 197.65770435333252 0.9936982
141 1 869.0125175714493 161.58458590507507 913.3554997444153 188.8544037938118 0.9931686
141 1 843.2192702293396 167.97775402665138 881.9220592975616 187.5550076365471 0.9930167
142 1 573.6990793347359 173.96614328026772 628.2183426618576 228.80183905363083 0.999746
142 1 653.8198549747467 175.80154538154602 681.1517204046249 199.35292750597 0.9994735
142 1 850.394602060318 168.01605373620987 893.4420032501221 188.564233481884 0.99348336
142 1 877.277999997139 160.7910543680191 925.4507228136063 190.3892084956169 0.9847447
143 1 575.4864717721939 175.15286430716515 630.3456391096115 231.31520301103592 0.9999126
143 1 657.1607823371887 176.06643587350845 684.4936841726303 201.1721134185791 0.99860054
143 1 886.9955606460571 161.40539199113846 935.060719370842 190.4240995645523 0.99529296
143 1 857.9662109613419 168.7210276722908 899.1257994174957 189.65475261211395 0.9915392
144 1 577.4429463744164 175.820454955101 633.5036408901215 232.57841169834137 0.9999156
144 1 896.3713295459747 160.43101251125336 947.400756239891 191.83360040187836 0.99932563
144 1 658.1877862215042 176.42515897750854 688.1271740198135 202.45950669050217 0.99921954
144 1 864.6622792482376 168.66005212068558 910.6362676620483 190.54213911294937 0.99762636
145 1 578.8407613635063 176.47361755371094 634.9554970264435 232.79327899217606 0.9997495
145 1 906.949921131134 161.42719611525536 960.4761228561401 192.71104037761688 0.9996427
145 1 659.8033944368362 177.50202119350433 691.7795412540436 204.52015846967697 0.9992187
145 1 874.2961871623993 169.22229900956154 920.1741600036621 192.30160117149353 0.99808455
145 2 824.8286236524582 161.55408695340157 867.4189699888229 186.20943278074265 0.36585677
146 1 579.8845328092575 176.44400149583817 636.4405921697617 233.04708302021027 0.99975854
146 1 917.4846875667572 161.12905740737915 974.8241955041885 193.91347467899323 0.99974984
146 1 662.9778306484222 177.8111346065998 694.56791639328 204.35620844364166 0.99934524
146 1 883.1046720743179 169.60110515356064 929.8093264102936 193.29140335321426 0.9981888
147 1 580.8121528029442 175.79613626003265 639.1741858720779 232.4119135737419 0.9995757
147 1 665.3894723653793 177.42636054754257 698.7387825250626 205.99032193422318 0.99928063
147 1 928.2348783016205 161.8349477648735 989.2132802009583 195.49564272165298 0.9990308
147 1 889.9252570867538 169.95317861437798 942.0606025457382 195.10958343744278 0.9977431
148 1 581.3314660191536 176.20987817645073 639.983544588089 232.5843796133995 0.99958235
148 1 667.2435278892517 178.72396856546402 702.4846483469009 207.96968042850494 0.9994843
148 1 941.1147344112396 162.1074713766575 1001.0763484239578 197.99353927373886 0.9989184
148 1 900.9101936817169 170.64200341701508 953.4028029441833 195.65168023109436 0.9979729
149 1 583.6794798374176 176.45666375756264 641.8050273656845 233.21939259767532 0.9998265
149 1 952.6647341251373 163.30742463469505 1018.5980429649353 199.9671533703804 0.99940395
149 1 669.6260021924973 179.81069907546043 706.4709602594376 210.42432636022568 0.9989743
149 1 908.8163394927979 171.8028523027897 964.9032032489777 197.4089965224266 0.99861956
150 1 585.9515029191971 178.06928604841232 643.5239059925079 236.5831732749939 0.99992037
150 1 964.8468672037125 166.5680967271328 1035.5317994356155 203.68335396051407 0.99931335
150 1 918.5850541591644 176.64719000458717 979.8649020195007 203.66721600294113 0.9988341
150 1 672.9342087507248 181.36263638734818 711.855531334877 214.3373340368271 0.99851936
151 1 587.3882201313972 177.5599904358387 645.1723830699921 235.18290370702744 0.9998988
151 1 978.9718905687332 164.31663930416107 1053.5752501487732 203.2182365655899 0.99979514
151 1 929.6643776893616 172.87787050008774 995.6063479185104 201.55493170022964 0.99898034
151 1 673.8808912038803 180.64260855317116 715.0428485870361 214.6541029214859 0.9983565
151 2 851.3635672330856 166.6037254035473 901.3251260519028 191.4403662085533 0.3347182
152 1 587.7078031897545 175.24965852499008 644.9503701925278 232.35885053873062 0.99973375
152 1 939.7344642877579 169.157512485981 1009.5075817108154 197.14484363794327 0.99912614
152 1 993.3994703292847 157.2960466146469 1072.9538133144379 199.95398819446564 0.99871635
152 1 676.7646896839142 175.90882256627083 720.4055811166763 211.5856558084488 0.9981488
153 1 588.8331915736198 174.15772005915642 648.169371843338 231.58646374940872 0.9998678
153 1 954.1910634040833 164.59490731358528 1027.4564974308014 195.94073295593262 0.9996604
153 1 1010.2131518125534 155.35953640937805 1097.7949000597 199.0632712841034 0.99964726
153 1 680.7974917888641 174.28846657276154 727.774720788002 212.81661093235016 0.99884284
154 1 591.3348895311356 175.30229687690735 649.0714888572693 233.00280421972275 0.99990165
154 1 1027.8877902030945 153.52169796824455 1121.1069184541702 200.49992948770523 0.99960464
154 1 966.1273462772369 164.34450075030327 1043.8692380189896 196.04285806417465 0.9995696
154 1 682.7733249664307 177.17161774635315 733.8166691064835 215.74533730745316 0.9983183
155 1 592.8812436461449 177.14031413197517 650.4700441360474 233.7971180677414 0.999894
155 1 1048.8183706998825 152.9255546629429 1152.0706450939178 202.467642724514 0.9995546
155 1 979.2934724092484 165.50100222229958 1063.9293118715286 197.45032489299774 0.99918586
155 1 687.6958072185516 178.7744164466858 740.567666888237 221.115343272686 0.99676126
155 3 1136.22385597229 123.94282221794128 1231.4889968633652 207.4134796857834 0.4458416
156 1 593.456115603447 177.01221629977226 651.366164803505 234.37030613422394 0.9998977
156 1 1069.9931727647781 151.5684463083744 1180.5740929841995 203.55185866355896 0.99973625
156 1 995.4397087097168 165.57373479008675 1084.891132593155 199.05929267406464 0.999671
156 1 691.1619175672531 179.986160248518 746.4523776769638 224.02703762054443 0.99876165
157 1 595.0077998042107 175.53551495075226 652.902636051178 232.19624161720276 0.9999248
157 1 1010.2258847951889 165.28558731079102 1107.7905135154724 200.36112517118454 0.9997335
157 1 1093.8002228736877 152.12718397378922 1216.3143907785416 205.75779676437378 0.9996588
157 1 695.4189534187317 180.09842187166214 756.9610859155655 227.87334769964218 0.99905044
158 1 596.2123621702194 175.63316971063614 655.2355849742889 234.65430736541748 0.99988186
158 1 1118.1824040412903 150.08652582764626 1238.2742700576782 208.4955945611 0.99986374
158 1 1028.5227366685867 164.06387463212013 1131.2204600572586 201.264850795269 0.9992908
158 1 700.6639798879623 180.21588027477264 766.321234703064 230.79628497362137 0.99922395
158 2 899.3809032440186 155.05005419254303 959.4001117944717 188.06424736976624 0.40102068
159 1 598.4292336702347 174.93273317813873 656.0741851329803 232.28880017995834 0.99988353
159 1 1148.3544648885727 148.06892350316048 1240.2244151830673 209.34918522834778 0.99984753
159 1 707.1408483982086 181.0329146683216 778.2417494058609 234.4806343317032 0.9967167
159 1 1046.4451500177383 163.29698637127876 1158.3428235054016 203.29465717077255 0.989986
159 4 722.111060500145 169.67153549194336 737.4675557613373 224.66066479682922 0.878958
159 2 910.5782289505005 151.2669324874878 970.303468465805 190.62796980142593 0.87667274
160 1 598.2416072487831 175.68391934037209 658.4649506807327 232.92703181505203 0.99993646
160 1 713.557753443718 180.42293563485146 793.134083032608 239.34848606586456 0.99826115
160 1 1181.2686327695847 144.2849077284336 1237.9831881523132 211.09921485185623 0.9955323
160 1 1069.2605080604553 162.58396580815315 1200.5406682491302 203.37791740894318 0.99281704
160 3 919.2961024045944 149.49997141957283 988.3583936691284 191.50127470493317 0.44395328
161 1 601.1958813071251 176.16434767842293 660.2189930677414 234.71159487962723 0.99984837
161 1 1095.6833717823029 161.9965396821499 1223.592326760292 204.8579379916191 0.99960643
161 1 718.0961734056473 182.32815340161324 806.3418874740601 244.62872743606567 0.9995714
161 1 1215.76968562603 153.49628403782845 1240.488180398941 207.95459300279617 0.9662693
161 4 742.8346560001373 172.01542854309082 760.1679468154907 249.3872568011284 0.95587534
162 1 601.2113533616066 175.60669407248497 660.8582332134247 235.945925116539 0.9998846
162 1 1119.5357276201248 161.5108698606491 1241.7189120054245 208.77230912446976 0.9997514
162 1 727.3540881872177 182.75480344891548 826.0519523620605 253.5252347588539 0.9988298
163 1 602.9287143945694 175.59198662638664 661.2746461629868 234.41804945468903 0.9998579
163 1 1144.8185452222824 160.27384623885155 1240.4471683502197 208.4982991218567 0.9997888
163 1 735.2014549970627 182.6433576643467 849.301194190979 259.21692699193954 0.99966145
163 4 767.1817474365234 173.95742610096931 790.8397032022476 260.1647526025772 0.81837904
164 1 602.6825680732727 176.1496178805828 662.5979880094528 235.08234322071075 0.9999125
164 1 747.4788633584976 182.58457258343697 877.0130503177643 269.502617418766 0.99947566
164 1 1179.4271621704102 157.0144258439541 1240.7645305395126 206.44913613796234 0.9979869
164 4 785.6712226867676 172.97789454460144 812.9090713262558 273.0424404144287 0.9601243
165 1 602.9034335017204 178.298681974411 662.6724611520767 237.59648948907852 0.9998636
165 1 762.7791706323624 185.2361485362053 910.9962705373764 284.70198065042496 0.9990496
165 1 1210.479723572731 157.02300891280174 1239.851605296135 203.4846916794777 0.9853077
165 4 809.1371473073959 174.47460070252419 840.5279470682144 289.2116904258728 0.91361517
166 1 602.9132793545723 178.80234494805336 662.3364436626434 237.45198547840118 0.9998179
166 1 773.0912579298019 186.56185269355774 957.9749060869217 306.39226734638214 0.99807954
166 4 836.8816502094269 178.9652444422245 874.3064031600952 301.69397592544556 0.9054178
167 1 602.9957846403122 178.02156507968903 662.9197919368744 238.33921551704407 0.99988854
167 1 789.587503194809 187.24751472473145 1020.9252916574478 328.81294190883636 0.9989459
167 4 880.2474499940872 177.51602455973625 920.341095328331 313.0152225494385 0.72727686
168 1 602.103624522686 177.64444649219513 662.4853899478912 237.50276863574982 0.99976915
168 1 816.5860902070999 189.89181518554688 1108.6191197633743 361.1418530344963 0.9986206
168 4 939.9586240053177 170.54665088653564 989.0278376340866 372.36227095127106 0.9943943
169 1 602.2927685379982 177.33635008335114 662.6013933420181 236.3421767950058 0.9998348
169 1 846.1280905008316 191.26325100660324 1230.4001787900925 372.5171685218811 0.9995635
169 4 1022.5066244602203 178.60853299498558 1119.4563685655594 375.0 0.99290997
170 1 602.5168172121048 178.7349320948124 662.8395445346832 239.23245817422867 0.9998385
170 1 905.2981127500534 186.10403314232826 1241.9999259710312 372.12129682302475 0.9994728
170 4 1199.0785220861435 172.3266988992691 1236.7399456501007 369.5191740989685 0.9859169
171 1 601.8250164985657 179.66105416417122 663.5887176990509 239.9863377213478 0.99984705
171 1 963.9459346532822 191.67029857635498 1241.9999259710312 375.0 0.99758565
172 1 602.7262451648712 180.13685569167137 664.0388878583908 241.3795441389084 0.99972004
172 1 1106.2131042480469 207.87497609853745 1235.6990983486176 373.2425719499588 0.9992982
173 1 602.6531785726547 180.1850013434887 664.8267041444778 241.05048179626465 0.9997775
174 1 602.4622578620911 179.76170405745506 665.452693104744 241.60610139369965 0.99984765
175 1 602.3004675507545 178.96146699786186 665.7248976230621 241.53631925582886 0.9998198
176 1 601.7029427289963 178.66412177681923 665.5642547607422 241.63305759429932 0.99970055
177 1 602.8256660699844 177.78363078832626 667.1355936527252 240.13931304216385 0.99976903
178 1 602.0159742236137 177.61141061782837 666.0697245597839 238.97981643676758 0.99986374
179 1 600.461736023426 176.67360976338387 665.5824658870697 240.3189316391945 0.99979466
180 1 599.8023229837418 177.18900740146637 666.0768313407898 240.22042751312256 0.99984205
181 1 599.9223979711533 176.92791670560837 665.4903738498688 240.7047674059868 0.9998142
182 1 599.189326107502 175.84197968244553 665.1880395412445 239.40785229206085 0.99980885
183 1 599.5788295269012 173.5152080655098 665.1425117254257 237.52091825008392 0.99965656
184 1 598.6897416114807 172.65211790800095 663.0320198535919 236.90097033977509 0.9997416
185 1 598.1204218268394 171.6567613184452 662.5040452480316 233.95901173353195 0.9998424
185 6 698.8150323629379 149.51560646295547 721.9910595417023 176.9755594432354 0.35973865
186 1 597.6054763197899 172.00110107660294 662.8366574048996 236.54036968946457 0.9996444
187 1 597.3036602139473 172.54377901554108 663.2569938898087 236.4059016108513 0.9998386
188 1 596.710058927536 172.85547405481339 661.4754867553711 236.82604730129242 0.99979526
188 6 699.3911998271942 149.86850693821907 736.3793299198151 180.18635362386703 0.52168804
189 1 596.6370293498039 172.65312373638153 663.0361654758453 237.0501458644867 0.9998053
189 6 698.379371881485 147.3623737692833 733.7245770692825 184.55658853054047 0.62190294
189 5 492.24885445833206 165.7717153429985 504.4987610578537 189.31500613689423 0.5269939
190 1 596.8279130458832 173.2015237212181 662.5167042016983 237.8326579928398 0.9998265
190 6 698.7615834474564 148.4798826277256 735.238543510437 186.04637682437897 0.97337633
191 1 597.3988244533539 174.33569580316544 664.241727232933 238.19875717163086 0.9998766
191 6 697.2200042009354 149.28063377738 732.399458527565 185.456033796072 0.760759
192 1 596.8722193837166 175.17143860459328 665.1041647195816 242.02709645032883 0.9999137
192 6 697.0351538658142 150.90646594762802 723.1565716266632 184.89870429039001 0.9653098
193 1 596.7769811153412 175.64421147108078 664.3053921461105 241.83954298496246 0.9998584
193 6 699.3243516683578 151.1627957224846 728.5277434587479 188.68917971849442 0.9905944
194 1 596.9407702088356 175.60860514640808 663.9962471723557 241.5512055158615 0.999877
194 6 699.0981191396713 150.01724660396576 725.7871910333633 187.15901300311089 0.996443
195 1 597.087310552597 175.2798669040203 664.3019127845764 241.49340391159058 0.9999038
195 6 701.6061465740204 149.760190397501 725.591828584671 184.91419404745102 0.99569345
196 1 596.9480250477791 175.38616061210632 663.9884001016617 241.69110506772995 0.9999114
196 6 703.1124140024185 146.9905637204647 728.2682719230652 186.68460845947266 0.9934441
197 1 597.1436465978622 175.73168501257896 664.3325607776642 240.87542295455933 0.9998956
197 6 702.8929181098938 147.63928949832916 731.3760080337524 186.94379925727844 0.9963257
198 1 596.9808198809624 175.110574811697 664.5487253665924 240.51931500434875 0.9998975
198 6 704.3499562740326 146.5058997273445 733.6108685731888 187.6797303557396 0.994978
199 1 596.8984996676445 175.0842109322548 664.6371159553528 240.664042532444 0.999895
199 6 704.4453055858612 145.4748697578907 736.2890145778656 188.5429322719574 0.9962882
200 1 598.1636177301407 174.25434663891792 664.4663311243057 239.71065133810043 0.99991655
200 6 705.7849338054657 141.81708544492722 737.94992852211 188.8004019856453 0.99613625
201 1 598.4117998480797 174.4576133787632 665.3799226284027 240.75601994991302 0.9998746
201 6 708.584339261055 140.82469046115875 744.0533949136734 190.3739646077156 0.9952527
201 4 424.70593374967575 174.1466335952282 437.597301363945 205.51123470067978 0.96555203
202 1 597.7700797319412 174.21871796250343 664.7568207979202 240.40840566158295 0.9999045
202 6 707.9758951663971 137.69371435046196 747.9869241714478 192.56839156150818 0.95762813
202 4 418.45307689905167 175.7572777569294 429.2718924880028 205.66239953041077 0.95016426
203 1 598.0970286726952 174.8870350420475 663.8997133970261 241.43057316541672 0.99993896
203 4 409.6269360780716 176.04780569672585 422.13779479265213 206.07074350118637 0.9832413
203 6 711.2966126203537 137.56078854203224 753.1149108409882 194.78827714920044 0.98269916
204 1 597.864984869957 174.81383308768272 664.0507324934006 240.9025803208351 0.9998605
204 4 399.6386885046959 176.26384645700455 412.27843165397644 209.0231403708458 0.99424213
204 6 711.9882652759552 135.56844368577003 759.7393190860748 196.14502787590027 0.97484076
205 1 597.3275345563889 175.34985020756721 664.3360401391983 240.65621942281723 0.99989045
205 6 713.4251675605774 135.03358885645866 766.5996576547623 199.64030385017395 0.982444
205 4 390.06755715608597 179.12103608250618 401.4674631357193 211.11376583576202 0.9822172
206 1 597.8298211097717 175.33859610557556 663.9168140888214 240.51182717084885 0.99989617
206 6 714.7202303409576 132.9001933336258 774.6264706850052 199.7912898659706 0.96891004
206 4 377.528456389904 177.94274166226387 391.241841673851 213.61076831817627 0.9272341
207 1 597.1759602427483 175.28820410370827 663.3304306268692 240.44372141361237 0.99992085
207 6 722.2049292325974 126.85689702630043 774.1056028604507 205.55225014686584 0.9927108
207 6 707.9526500701904 138.67227360606194 743.8283468484879 201.78037136793137 0.98741174
207 4 363.89635491371155 179.83217909932137 378.29935705661774 216.83889627456665 0.86963475
208 1 597.0012148618698 175.87053403258324 662.4790234565735 240.65425246953964 0.999946
208 4 349.160703599453 179.12256717681885 365.3465083837509 218.76197308301926 0.99222624
208 6 713.5715968608856 139.40191268920898 753.0596852302551 197.65231758356094 0.9878956
208 6 724.1516690254211 127.14684382081032 787.9566450119019 204.52896505594254 0.9742877
208 6 716.111234664917 133.19120183587074 766.7326136827469 202.8712034225464 0.7844712
209 1 596.5066273212433 175.30129104852676 662.4001826047897 240.44515192508698 0.9999225
209 6 713.2689664363861 135.75392961502075 760.640695810318 198.17977398633957 0.98646533
209 4 336.34321689605713 179.271150380373 352.710836827755 221.99347615242004 0.97245604
209 6 731.337809085846 117.46325343847275 814.1049352884293 212.55525201559067 0.9404618
210 1 595.5996984243393 175.6872832775116 661.3389773368835 240.25386571884155 0.99993515
210 6 713.4393070936203 133.82011279463768 768.412034869194 205.4295390844345 0.9874418
210 4 318.9500366449356 182.0589154958725 334.6378115415573 224.8871773481369 0.9786347
210 6 735.2993953227997 111.86381801962852 831.9898899793625 215.26944637298584 0.9762246
211 1 594.647463798523 175.45050010085106 659.3051054477692 239.42439258098602 0.99994147
211 6 717.042445063591 127.96270474791527 777.6641753911972 206.62694424390793 0.9922794
211 4 297.3172173500061 181.90794065594673 314.78242778778076 227.31131315231323 0.98581123
211 6 739.8199002742767 103.8493886590004 846.4082161188126 222.52030670642853 0.92871416
212 1 592.4791553020477 175.06495490670204 657.4908775091171 239.24106359481812 0.9999274
212 6 713.5827752351761 127.76709347963333 774.1349183320999 204.73294705152512 0.99831533
212 4 268.65619879961014 181.15723505616188 290.14216312766075 230.16875982284546 0.9679887
212 6 746.779807806015 95.83528339862823 886.1355661153793 225.3873199224472 0.86674243
212 6 708.1913194656372 139.81003314256668 747.6175936460495 195.57897001504898 0.38880017
213 1 591.6143118739128 175.06781592965126 655.9538140296936 239.27675932645798 0.99993813
213 4 244.8523319363594 182.27875605225563 265.83802700042725 234.2970371246338 0.9963869
213 6 725.5979729890823 121.78796902298927 797.3190146684647 208.72680097818375 0.98992187
213 6 754.469270825386 84.64589528739452 929.0931701660156 233.68435353040695 0.93532604
213 6 713.2123342752457 133.0759897828102 768.0666157007217 202.59587466716766 0.9260317
213 6 707.710723400116 140.10755717754364 752.7274432182312 193.7813088297844 0.30642825
214 1 590.3093662261963 175.96812173724174 654.6340996026993 239.30074274539948 0.9999403
214 4 213.07580423355103 180.91021478176117 235.91444438695908 237.62433975934982 0.9972799
214 6 729.9966262578964 114.66434597969055 812.6234675645828 213.63893151283264 0.9897859
214 6 708.8653532266617 140.11390507221222 745.7527298927307 199.75720345973969 0.9707909
214 6 712.6745138168335 134.7840204834938 759.8751622438431 205.3702175617218 0.9598143
214 6 761.6165456771851 72.0069408416748 983.6192811727524 250.62793493270874 0.8389838
214 6 718.0028228759766 125.79464167356491 788.549320936203 208.81962776184082 0.59766686
214 3 765.6206985712051 68.92036646604538 976.3326097726822 236.3588735461235 0.34860268
214 6 706.242802977562 144.04507353901863 736.8806540966034 193.7793418765068 0.33122906
215 1 588.7548319101334 175.77072232961655 652.3657779693604 239.1999587416649 0.99993086
215 4 175.8677155673504 181.2061406672001 205.48533645272255 245.2990785241127 0.9978542
215 6 738.4525852203369 112.23047599196434 822.6184887886047 214.90531414747238 0.9777434
215 6 715.4674787521362 129.13447245955467 773.1834239959717 205.90860396623611 0.9756939
215 6 777.6857178211212 42.8728312253952 1071.119967699051 270.04994451999664 0.9542224
215 6 708.1513438224792 139.24186304211617 747.9696754217148 199.24680143594742 0.9350111
215 6 727.1385898590088 118.6806745827198 796.0726629495621 203.93056422472 0.41893637
216 1 587.2363867163658 174.60066452622414 650.5143134593964 238.38724941015244 0.9999515
216 4 129.59105971455574 182.57971107959747 165.1142120361328 250.53461641073227 0.9969472
216 6 712.1798522472382 127.32571363449097 782.1059135198593 205.2880972623825 0.9946169
216 6 805.4756004810333 15.267935581505299 1219.3184863328934 299.1044372320175 0.9815724
216 6 746.2130420207977 106.01210966706276 845.8552197217941 216.9482409954071 0.9286166
216 6 706.0259721279144 139.93392884731293 748.7162575721741 194.96995210647583 0.41321585
217 1 585.642431974411 175.05038157105446 648.9208399057388 237.81676590442657 0.9999356
217 4 82.54409542679787 183.55672806501389 118.04203163087368 259.2654302716255 0.997472
217 6 725.688584446907 115.46571180224419 800.1451445817947 212.94862031936646 0.987727
217 6 829.8072938919067 0.0 1237.3338060379028 323.94547015428543 0.9870162
217 6 707.3334717750549 135.15698164701462 757.2957708835602 201.54628157615662 0.974002
217 6 755.8559814691544 85.02889797091484 888.7974997758865 231.8088859319687 0.95889807
217 6 713.3985911607742 125.14038383960724 772.6575962305069 206.02340251207352 0.7508685
218 1 584.9241659045219 175.42381212115288 647.8118859529495 236.99860274791718 0.9999411
218 4 24.86984931305051 182.7966570854187 56.12724655866623 266.7320519685745 0.9960388
218 6 707.3249584436417 131.17452710866928 761.2012431621552 203.39613407850266 0.99199873
218 6 848.9622895717621 0.0 1241.9999259710312 346.31073474884033 0.96750915
218 6 732.4042704105377 111.00263893604279 810.8365563154221 212.46329694986343 0.95124906
218 6 760.6309239864349 72.90052436292171 934.9906879663467 245.9964081645012 0.8831025
219 1 583.433888733387 175.58050900697708 646.6418581008911 237.85018175840378 0.99993396
219 6 849.1383304595947 0.0 1228.5997202396393 350.9434908628464 0.98402035
219 6 727.1582075357437 103.31273451447487 845.4331805706024 224.06673431396484 0.9678472
219 6 707.6497235298157 141.27634093165398 740.908496260643 199.4183510541916 0.96465343
219 6 710.5409989356995 136.29070669412613 752.7313667535782 203.07999104261398 0.8715944
219 6 719.554396033287 129.0930211544037 770.5492511987686 208.3873450756073 0.7319631
219 6 717.6205372810364 115.33474177122116 802.6456210613251 213.91502022743225 0.4671111
219 6 762.6642036437988 53.48515883088112 998.8533325195312 262.52223551273346 0.4249613
220 1 582.7125874757767 175.27775466442108 646.1890969276428 237.57988214492798 0.99993706
220 6 850.1856182813644 0.0 1219.6405123472214 345.9666967391968 0.9865578
220 6 711.0239639282227 137.28521391749382 746.4206192493439 201.72301679849625 0.9829214
220 6 722.7346065044403 124.30533394217491 786.8151183128357 209.49018001556396 0.9780281
220 6 750.3399349451065 96.97284176945686 856.8601441383362 228.13651710748672 0.8904307
220 6 737.618870973587 86.77075803279877 896.5727623701096 235.32414436340332 0.67581755
220 6 781.8501434326172 29.053115285933018 1106.2860968112946 277.70398557186127 0.42566428
221 1 582.6600269079208 175.13218894600868 644.8410294055939 236.4935427904129 0.99989283
221 6 705.3176629543304 140.180055052042 745.7117918729782 201.59894227981567 0.9938425
221 6 722.0989937782288 122.51362949609756 794.3680719137192 208.48781615495682 0.9808568
221 6 834.5042098760605 0.0 1235.9749302864075 318.5736760497093 0.9482522
221 6 752.9447182416916 80.03055676817894 913.5876545906067 243.48563700914383 0.74964595
221 6 749.2570391893387 68.38809885084629 991.7844543457031 254.07566875219345 0.4697072
221 6 713.6942628622055 129.95589897036552 771.8043383359909 206.96787536144257 0.45472986
222 1 582.5215557217598 175.54952949285507 644.3457015752792 236.86449229717255 0.99989843
222 6 703.2071710824966 139.4924931228161 748.3781672716141 199.6423378586769 0.99130404
222 6 846.6770893335342 0.0 1241.9999259710312 327.72233337163925 0.9713127
222 6 718.9766739606857 118.0572509765625 808.528703212738 211.54126524925232 0.8906045
222 6 745.8480792045593 70.18985040485859 979.5810009241104 252.1187961101532 0.5723076
223 1 582.3415542840958 176.15747451782227 644.8425840139389 236.79278790950775 0.9999292
223 6 706.3518476486206 136.38344407081604 757.2748206853867 202.77737081050873 0.9958549
223 6 863.4859589338303 0.0 1221.0227072238922 353.0505448579788 0.9825441
223 6 725.8513001203537 115.29810726642609 835.035219669342 211.70371770858765 0.85803735
223 6 760.3401381969452 31.391660682857037 1066.6992537975311 267.6231935620308 0.43480164
224 1 582.9766488075256 176.63811519742012 644.075865983963 237.72639781236649 0.9999169
224 6 705.8571860790253 138.72183859348297 741.2909299135208 201.43262296915054 0.99374866
224 6 810.5801939964294 0.0 1226.9706387519836 321.83171063661575 0.9855526
224 6 709.5562655925751 132.4828416109085 764.1366398334503 205.35430312156677 0.9812382
224 6 733.117539525032 103.81961613893509 858.5457097291946 218.93173456192017 0.9498809
224 6 926.875262260437 0.0 1202.3622250556946 364.63142931461334 0.6690971
224 6 714.8212058544159 118.4048093855381 803.2200118303299 210.3041410446167 0.53384084
225 1 582.9664328098297 176.37484520673752 643.722895860672 237.12430894374847 0.9998963
225 6 716.9117839336395 126.0746419429779 777.712442278862 207.57367461919785 0.9978787
225 6 810.6210579872131 0.0 1233.9032295942307 341.9819623231888 0.98970664
225 6 748.5324436426163 92.76468493044376 882.9451396465302 232.3581576347351 0.9612483
225 6 703.0821361541748 132.9386942088604 754.3386837244034 201.42196118831635 0.96086437
225 6 929.3799583911896 0.0 1208.7159093618393 372.4067732691765 0.54573095
226 1 582.4708458781242 176.25895142555237 642.8533515930176 237.04160749912262 0.999907
226 6 858.3060779571533 0.0 1233.899602174759 375.0 0.9806758
226 6 724.1039943695068 121.44911661744118 786.1427131891251 211.84824407100677 0.97725666
226 6 704.1739894151688 137.29020953178406 752.3845410346985 199.79895651340485 0.9754665
226 6 745.3049286603928 81.33368007838726 928.5452817678452 242.09605157375336 0.9711322
227 1 582.0060920119286 176.84027552604675 641.6897642612457 236.99983209371567 0.9999471
227 6 717.1817675828934 118.93589794635773 792.7224819660187 210.05342155694962 0.99053055
227 6 918.9685242176056 0.0 1241.9887475967407 356.8551018834114 0.98241735
227 6 705.7310407161713 131.54162093997002 761.5397036075592 203.85539531707764 0.97231144
227 6 758.3863656520844 67.98616424202919 997.8964340686798 265.2309760451317 0.9333035
228 1 580.914460837841 178.15573140978813 641.43110704422 238.70526999235153 0.99989223
228 6 732.6604846715927 107.8171357512474 823.5092053413391 222.45021164417267 0.98943794
228 6 708.2003509998322 130.90788200497627 768.8628712892532 205.77029138803482 0.98686814
228 6 764.0029435157776 47.9530468583107 1082.6603436470032 287.05955296754837 0.9791286
228 6 854.7346243858337 0.0 1158.7099331617355 354.5265644788742 0.95361674
228 6 978.4542800188065 0.0 1225.5227801799774 375.0 0.9375577
228 6 724.6116850376129 115.48075452446938 798.1271148920059 214.04584497213364 0.4655142
229 1 580.2717413306236 179.07306924462318 640.8570864200592 238.52650076150894 0.9999244
229 6 712.2412222623825 124.62569028139114 786.6548455953598 213.43649178743362 0.99121714
229 6 740.3513542413712 108.20318385958672 839.5593520402908 222.92299568653107 0.9865682
229 6 803.0329406261444 0.0 1241.9999259710312 324.087917804718 0.94410205
229 6 926.0828561782837 0.0 1218.1807351112366 343.53288263082504 0.38119733
230 1 580.3106065392494 178.72653901576996 639.7451713085175 238.40298503637314 0.9999069
230 6 714.4292964935303 118.35595965385437 795.1536673307419 216.45717322826385 0.99729025
230 6 805.4697521924973 0.0 1241.9999259710312 375.0 0.98251814
230 6 754.6553056240082 91.21610596776009 878.2945657968521 238.50314319133759 0.90447426
230 6 736.7556191682816 102.52049937844276 844.3758248090744 229.1000336408615 0.4236354
231 1 579.3590751886368 179.16958406567574 638.9430674314499 237.77230829000473 0.9999298
231 6 719.4202555418015 113.49338293075562 813.4428201913834 221.14717215299606 0.98349816
231 6 883.1809219121933 0.0 1235.757655262947 366.19019508361816 0.97426414
231 6 743.4066038131714 72.6374164223671 939.7033721208572 251.77571922540665 0.86145294
232 1 578.5348736643791 178.78993973135948 638.3923659324646 237.5662699341774 0.99994564
232 6 723.5861617326736 106.9364994764328 832.6607404947281 227.42801159620285 0.9896299
232 6 858.7619483470917 0.0 1220.4329924583435 375.0 0.9858991
232 6 780.2866516113281 57.65887163579464 973.2213943004608 264.02398198843 0.8077531
232 6 731.5052626132965 88.52056972682476 868.3892676830292 236.3426461815834 0.5230867
233 1 578.417389690876 178.451556712389 637.7459449768066 236.26895248889923 0.9999467
233 6 838.6091161966324 0.0 1203.172620177269 362.66013979911804 0.99005324
233 6 727.7080206871033 94.11433339118958 853.6229313611984 235.4038953781128 0.9814432
233 6 777.7383524179459 0.0 1137.298904657364 315.83359837532043 0.88700515
233 6 947.3772150278091 0.0 1224.1140829324722 375.0 0.48027638
233 6 727.8654062747955 112.11676150560379 800.213991522789 222.97315299510956 0.47618166
234 1 577.8283411860466 178.6748506128788 637.4231786727905 236.2275794148445 0.9999429
234 6 823.604850769043 0.0 1233.3725159168243 349.550798535347 0.9901743
234 6 742.0787461996078 82.8199703246355 911.5145473480225 244.50523406267166 0.9663638
234 3 953.856600522995 0.0 1233.207357287407 375.0 0.31490216
235 1 577.8158302903175 178.81958931684494 636.9718980789185 235.98363250494003 0.99994636
235 6 867.5574781894684 0.0 1239.7456698417664 343.95112842321396 0.9851538
235 6 738.5123265981674 55.78880198299885 970.2838507890701 260.42206585407257 0.8786847
236 1 577.4816635251045 178.50428447127342 636.0633405447006 235.64616590738297 0.99995327
236 6 750.1816610097885 40.51036946475506 1041.5053449869156 281.185582280159 0.95725876
236 6 932.1051127910614 0.0 1236.6537019014359 367.7426129579544 0.9278155
236 6 794.2531049251556 5.392751656472683 1118.9886535406113 310.28663367033005 0.42598674
237 1 577.9377189874649 178.13219502568245 636.0032290220261 235.36153882741928 0.99994683
237 6 790.8946326971054 0.0 1221.8875136375427 338.0613774061203 0.98982215
237 6 919.3978182077408 0.0 1206.0260667800903 372.4414184689522 0.6624102
237 3 926.0964775085449 0.0 1228.1616168022156 375.0 0.46541396
238 1 578.5646703243256 177.88925394415855 635.36665391922 234.33201760053635 0.99993324
238 6 808.3235689401627 0.0 1241.9999259710312 372.85347282886505 0.984443
239 1 577.9274659752846 177.6709444820881 635.4490481615067 233.54675620794296 0.99995375
239 6 874.7876654863358 0.0 1237.5411611795425 375.0 0.90318984
240 1 577.530448615551 177.38693207502365 635.1693667173386 232.63221234083176 0.9999473
240 6 884.4433379173279 0.0 1238.268051624298 375.0 0.955259
241 1 577.9035546183586 177.06959322094917 635.5270746946335 232.35607892274857 0.9999033
241 6 977.5209968090057 0.0 1231.2529925107956 375.0 0.95198756
241 3 953.9252994060516 0.0 1241.9999259710312 330.65731823444366 0.31501612
242 1 578.7111366391182 177.39534750580788 635.7005985975266 233.02564769983292 0.9998921
243 1 578.8811811804771 177.3032806813717 636.4250460863113 232.45373368263245 0.99991405
244 1 578.4720970988274 176.20594426989555 635.2693058252335 230.08214682340622 0.99993014
245 1 579.4785579442978 175.7616251707077 635.3505156040192 229.34889793395996 0.9998914
246 1 579.6953887939453 175.67984014749527 636.2142856121063 229.49746996164322 0.999882
247 1 579.9820289611816 175.1173473894596 637.8671303987503 229.90094125270844 0.9998197
248 1 580.4226863980293 175.18004402518272 638.1868615150452 229.3931543827057 0.9998543
249 1 581.839822947979 175.02550408244133 640.7316073179245 229.64365035295486 0.9999126
250 1 582.7036669850349 175.47771334648132 641.2804580926895 230.30570894479752 0.9998877
251 1 584.0086866617203 175.1595139503479 641.8337506055832 229.48430478572845 0.9998424
252 1 584.9036598801613 174.86557736992836 641.9953558444977 228.38853299617767 0.9998373
253 1 586.3548867702484 175.38181319832802 642.8338079452515 228.6287024617195 0.999853
254 1 587.8177732229233 176.23449862003326 643.2888640165329 231.02637380361557 0.999622
255 1 589.3985137939453 176.57015472650528 643.9990239143372 231.12311214208603 0.9996251
256 1 589.9519173502922 176.75307020545006 646.500092625618 230.7882159948349 0.99948335
257 1 591.7211356759071 176.04542523622513 647.6417673826218 230.25749623775482 0.9991652
258 1 592.6348012089729 175.68718269467354 650.1024162769318 229.9610897898674 0.9995828
259 1 594.4071657657623 175.8624091744423 651.1794637441635 229.44903373718262 0.9996209
260 1 595.8671280741692 175.2770058810711 650.733069062233 229.5157089829445 0.99977523
261 1 597.2047575116158 176.6393892467022 651.6417006254196 229.73113507032394 0.9999273
262 1 598.086701631546 175.83730816841125 652.2511811256409 229.4912114739418 0.9998306
263 1 600.1825357675552 176.2184165418148 653.8525017499924 228.1942069530487 0.9993724
263 1 594.8363487124443 176.34174227714539 615.6057681441307 190.45467674732208 0.97994
264 1 600.8340647220612 177.52373591065407 655.1648873090744 230.8424413204193 0.9994849
264 1 590.9452750682831 178.12242731451988 608.8259730935097 191.5689781308174 0.9835946
265 1 600.6769752502441 176.91048234701157 656.9928106069565 229.8559918999672 0.99922574
265 1 585.3783336281776 178.1001314520836 606.1722566485405 192.21501052379608 0.9955622
266 1 601.6833250522614 176.93693563342094 658.5732550621033 229.62073981761932 0.9997254
266 1 580.5097444653511 178.16007882356644 601.219607591629 193.1687369942665 0.9995701
266 1 605.1823782920837 176.30403488874435 627.9188214540482 192.79783219099045 0.99293184
267 1 602.6733144521713 176.79337039589882 660.1151304244995 229.78028655052185 0.99951136
267 1 598.0937713980675 176.88268795609474 625.2041791677475 193.44889372587204 0.9986909
267 1 574.0478668212891 178.3727891743183 596.8272097706795 193.93770396709442 0.99570763
268 1 569.744599878788 178.65757271647453 593.050844013691 195.07690519094467 0.999777
268 1 602.7899841070175 176.8035963177681 660.9696468114853 229.6915054321289 0.9996069
268 1 596.3429862856865 177.15950310230255 621.2329691648483 194.2894086241722 0.9993604
269 1 604.2657145857811 176.32359266281128 660.3028678894043 229.28501665592194 0.9998267
269 1 562.3570640087128 179.26502600312233 588.8871957063675 196.14093750715256 0.9958177
269 1 590.2127584218979 177.59094759821892 617.2056822180748 195.8095282316208 0.99527776
270 1 605.1674984693527 176.23087763786316 661.4878495931625 229.37574237585068 0.99988973
270 1 555.637084364891 178.6384955048561 582.784543633461 197.04265147447586 0.999501
270 1 583.8200238347054 177.61562392115593 611.523699760437 197.20085710287094 0.9986719
271 1 606.1535273194313 176.28147080540657 661.8111340999603 230.08033633232117 0.99989307
271 1 548.4807409644127 178.49911004304886 577.0672863721848 198.03737103939056 0.9995358
271 1 578.2542298436165 177.8295524418354 607.6344028115273 198.20179045200348 0.99824226
272 1 606.5158991217613 176.08826234936714 661.929950594902 229.67319935560226 0.9999349
272 1 571.549241065979 177.5910034775734 602.840138733387 199.60802793502808 0.9990227
272 1 540.5983214378357 179.28791418671608 570.8999699950218 199.48697090148926 0.99793833
273 1 606.4551583528519 176.29700526595116 662.1464112997055 229.82646524906158 0.99992
273 1 565.1889311671257 177.86315828561783 597.8656881451607 200.79819113016129 0.99925524
273 1 532.4426239728928 179.17868122458458 564.7284339666367 200.49002766609192 0.998708
274 1 607.6712692379951 176.26742273569107 662.2623406648636 230.31458258628845 0.99993694
274 1 555.8070918917656 177.67858877778053 593.0320776700974 202.46102660894394 0.99936086
274 1 521.9110037684441 179.1079379618168 557.9466031193733 201.99543982744217 0.9984862
275 1 608.6470450758934 175.73637887835503 662.2418346405029 228.67023199796677 0.9998976
275 1 546.2635363340378 177.97716334462166 586.153861105442 205.40593564510345 0.99866545
275 1 510.7643138766289 179.40670251846313 549.6518052220345 204.0535882115364 0.99816704
276 1 610.6781408786774 174.64717850089073 663.4743429422379 227.82323509454727 0.9998796
276 1 534.8897625803947 178.00115793943405 578.5207341313362 207.52336084842682 0.998944
276 1 497.8480355143547 179.42127585411072 540.0613152980804 205.75325936079025 0.9980083
277 1 611.8027149438858 173.96870255470276 664.5428770780563 227.0234003663063 0.99988186
277 1 525.0157417058945 178.503580391407 571.1538893580437 210.17490327358246 0.99946386
277 1 483.3779261112213 179.35102432966232 530.2977086305618 207.72425830364227 0.99698526
278 1 612.0863569378853 174.19804260134697 666.0423338413239 226.7201989889145 0.99985886
278 1 512.4508418440819 179.67985197901726 563.7669457197189 214.323028922081 0.9993494
278 1 467.7261663079262 180.59927970170975 518.9878588914871 211.47188544273376 0.99728715
279 1 611.5071172714233 173.88924211263657 665.8289083242416 226.76045447587967 0.9998791
279 1 449.8138949275017 180.86593598127365 504.74661004543304 215.05028754472733 0.99955505
279 1 496.20873802900314 179.59023267030716 554.7825309634209 219.72224861383438 0.9995011
280 1 613.2136330604553 173.871461302042 666.118287563324 226.44314914941788 0.99981374
280 1 475.04692804813385 180.53483963012695 543.3224024176598 226.23907774686813 0.9997162
280 1 428.0452324748039 181.70765787363052 489.6906723976135 219.87855434417725 0.9993538
281 1 614.0091853737831 174.04179275035858 667.1680183410645 226.77583247423172 0.9998977
281 1 450.3023010492325 181.4078539609909 528.3294634222984 235.2452427148819 0.99976414
281 1 399.27357763051987 183.02824348211288 471.536696434021 226.2037843465805 0.9996203
282 1 614.7026887536049 174.0601547062397 668.7728923559189 227.34323143959045 0.9999231
282 1 414.61160266399384 184.28579717874527 511.08334171772003 245.9881827235222 0.9998217
282 1 364.91610395908356 184.8619468510151 447.64155185222626 233.16024988889694 0.9997663
283 1 319.1036837697029 185.46698614954948 422.252243578434 244.010791182518 0.9998877
283 1 363.5861365199089 184.08037349581718 491.1113993525505 263.7647017836571 0.9998646
283 1 616.5664790868759 174.3369922041893 668.3866832256317 227.06667333841324 0.99985373
283 1 341.1866732239723 184.2724084854126 455.1370959877968 253.33292037248611 0.39539623
284 1 247.06589064002037 186.4442154765129 414.36427187919617 263.5577917098999 0.99991333
284 1 616.8480482697487 174.84207451343536 669.8746654987335 226.80989652872086 0.99989355
284 1 283.51409044861794 186.7869235575199 458.30653524398804 289.4575148820877 0.9998863
285 1 617.8883403539658 174.84555020928383 670.4372116327286 226.72981023788452 0.9998988
285 1 157.23423546552658 188.3806362748146 411.5421025156975 333.63381028175354 0.99983215
285 1 150.640595510602 187.20882385969162 334.79960185289383 278.6237820982933 0.9982811
286 1 618.7477796673775 173.95882308483124 670.4754105806351 226.61874443292618 0.99983394
286 1 1.0613555669551715 191.80554896593094 329.2294031381607 375.0 0.999795
287 1 619.2371111512184 174.51078817248344 672.4925519227982 226.5748456120491 0.9997149
287 1 1.995411381823942 195.49664855003357 176.29543644189835 359.51144993305206 0.9968997
288 1 620.5567885637283 174.13265258073807 673.3723121881485 226.60794854164124 0.99987507
289 1 620.8903260827065 173.84054884314537 673.4525595903397 225.5089357495308 0.9998447
290 1 620.7597389817238 173.8644428551197 673.5070449113846 225.39585828781128 0.99983513
291 1 619.965186059475 174.31991547346115 673.3206399679184 226.54064744710922 0.99986887
291 6 753.7259459495544 158.32830592989922 772.2251189947128 180.2693009376526 0.36131832
292 1 619.4480566978455 175.05861818790436 671.5997625589371 225.99204629659653 0.9997272
293 1 619.0602929592133 175.78384280204773 671.1552186012268 226.87938809394836 0.9998534
