0 1 300.14371740818024 182.5861930847168 529.2534559965134 289.4497141242027 0.9998921
1 2 216.06997990608215 183.75906720757484 484.9067723751068 299.94090646505356 0.9997286
2 1 137.26846526563168 187.68846988677979 434.5671846270561 312.534436583519 1.0
3 1 42.089082308113575 184.00471284985542 377.97610956430435 325.4777267575264 1.0
4 1 0.7369306236505508 187.24830821156502 314.19726580381393 340.63927084207535 1.0
5 1 2.4272118019871414 194.3056806921959 245.80841606855392 340.84881842136383 1.0
5 1 1177.5289113521576 178.72394621372223 1241.9158290624619 216.81801974773407 0.9999807
6 1 2.10567203653045 198.4117180109024 157.31455689668655 347.34921902418137 1.0
6 1 1138.9073320627213 179.41927537322044 1241.9999259710312 218.0652916431427 0.99999964
7 1 1107.7229990959167 176.1004887521267 1240.5211973190308 219.80901807546616 1.0
7 1 0.0 197.98198342323303 65.10391140729189 350.07011890411377 1.0
8 1 1076.1412045955658 177.09234729409218 1213.053192615509 219.46169435977936 1.0
9 1 1046.5751448869705 177.23971232771873 1182.678810596466 215.89221060276031 1.0
10 1 1016.2274873256683 176.6647920012474 1143.9624742269516 217.10168570280075 1.0
11 1 989.8251296281815 177.09799110889435 1112.4510072469711 216.30587428808212 1.0
12 1 962.07692527771 177.24870890378952 1081.9165745973587 215.76811373233795 1.0
13 1 939.071534872055 176.43141746520996 1052.7365019321442 213.98187428712845 1.0
14 1 922.4683917760849 178.65683510899544 1028.1263855695724 210.24931222200394 0.99999416
15 1 901.7499042749405 179.66163530945778 996.1791100502014 209.37509089708328 0.99999714
16 1 877.4886864423752 179.2452111840248 969.340129494667 209.9248766899109 0.9999993
17 1 856.2895288467407 175.21457746624947 953.7926394939423 208.91891419887543 1.0
18 1 838.4366286993027 174.8749203979969 931.7336354255676 207.3298618197441 1.0
19 1 823.9808439016342 174.6429093182087 912.8180494308472 206.29361271858215 1.0
20 1 808.9965662956238 174.23786222934723 894.1857722997665 205.51208406686783 1.0
21 1 795.1926805973053 173.94108697772026 877.1648837327957 204.44615185260773 1.0
22 1 781.4895483255386 174.55151304602623 854.5588796138763 202.4253085255623 1.0
23 1 769.76713514328 173.8564744591713 845.342865228653 202.8312385082245 1.0
24 1 757.860759973526 173.86387288570404 828.8259658813477 202.2523507475853 1.0
25 1 747.3091149330139 174.26613718271255 815.5235524177551 201.47307962179184 1.0
26 1 737.862944483757 174.14215207099915 803.4960658550262 200.79830288887024 1.0
27 1 729.1005796194077 173.99965971708298 792.5937455892563 199.9720260500908 1.0
28 1 720.5067046880722 173.86091127991676 780.1933751106262 199.6142417192459 1.0
29 1 713.3418109416962 173.91855642199516 769.9354770183563 199.28236305713654 1.0
30 1 706.7953552007675 173.78468066453934 759.5598728656769 198.68756085634232 1.0
31 1 701.4463920593262 173.84884133934975 750.5016142129898 197.78640568256378 1.0
32 1 695.2363979816437 173.81064221262932 742.2242871522903 197.2779706120491 1.0
33 1 690.57745885849 173.65866154432297 734.6691126823425 196.57480716705322 1.0
34 1 685.7609860897064 173.6770123243332 728.2117137908936 195.81370800733566 1.0
35 1 681.2538803815842 173.62819612026215 721.0921998023987 195.24554908275604 1.0
36 1 1152.3828992843628 183.4232322871685 1240.1945074796677 375.0 1.0
36 1 678.0963968038559 173.59228804707527 715.8419172763824 194.0479874610901 1.0
37 1 1070.257234096527 204.89823818206787 1241.1344532966614 374.4026944041252 1.0
37 1 675.1076992750168 173.55326190590858 710.382132768631 194.3933665752411 1.0
38 1 1007.3607416152954 198.6154317855835 1241.9999259710312 375.0 1.0
38 1 670.8284547328949 173.5767424106598 703.8156151771545 193.0561065673828 1.0
39 1 959.8460623025894 194.04233247041702 1241.9999259710312 375.0 1.0
39 1 669.2377942800522 173.34265261888504 700.3272961378098 192.98741966485977 1.0
40 1 915.746931552887 195.10352611541748 1241.6418478488922 373.5218569636345 1.0
40 1 666.5136762857437 173.41671511530876 697.7943949699402 192.84848123788834 1.0
41 1 885.0691047906876 193.41525435447693 1237.0858830213547 373.24952334165573 1.0
41 1 663.9430943727493 173.39498922228813 694.1639403104782 192.18329340219498 1.0
42 1 854.7415090799332 190.78689068555832 1180.185292840004 372.78270721435547 1.0
42 1 662.6310049295425 173.56077209115028 689.2152518033981 191.5367692708969 1.0
42 1 1154.4879870414734 199.77734237909317 1241.9891917705536 317.3350319266319 0.9999994
43 1 831.8602652549744 189.2847865819931 1110.5996907949448 352.77409851551056 1.0
43 1 659.763122677803 173.45978692173958 687.1497695446014 191.5450394153595 1.0
43 1 1131.8677693605423 187.15939298272133 1240.4362860918045 318.4038922190666 1.0
44 1 814.3786944150925 188.65196406841278 1049.7319622039795 331.8048119544983 1.0
44 1 1088.224212884903 190.34260511398315 1241.9999259710312 313.2830411195755 1.0
44 1 658.4807928800583 173.9405058324337 683.6219930648804 191.0438910126686 1.0
45 1 798.9908849000931 186.19034439325333 1004.7279753684998 313.42586874961853 1.0
45 1 656.6800382137299 173.32443594932556 681.4904769659042 190.79820066690445 1.0
45 1 1060.0994971990585 186.68606132268906 1240.1067091226578 317.7567422389984 1.0
46 1 1027.668960571289 184.64874476194382 1241.1174266338348 307.2923272848129 1.0
46 1 784.8135230541229 186.19093671441078 966.0196341276169 301.4407977461815 1.0
46 1 655.089451789856 173.485916107893 678.4521059989929 190.62358886003494 1.0
47 1 991.8782490491867 185.67166104912758 1240.438877105713 293.5439273715019 1.0
47 1 771.5335403680801 184.7320944070816 935.9680924415588 293.28594356775284 1.0
47 1 654.2272363901138 172.97964915633202 675.2613093852997 189.6112784743309 0.9985464
48 1 972.231330871582 182.9235479235649 1191.520830631256 283.82568061351776 1.0
48 1 761.4032682180405 185.2717660367489 908.3641705513 282.5353369116783 1.0
49 1 944.4440392255783 181.98753520846367 1142.7374428510666 274.614617228508 1.0
49 1 750.9677746295929 183.79276245832443 883.7301428318024 273.40203523635864 1.0
50 1 740.8629684448242 183.72128158807755 863.6323882341385 268.16609501838684 1.0
50 1 928.3506596088409 180.16719818115234 1104.4549902677536 265.50811529159546 1.0
51 1 734.8931243419647 183.10267478227615 843.6616673469543 259.71056520938873 1.0
51 1 911.2990490198135 179.59673702716827 1073.0872875452042 261.03436946868896 1.0
52 1 726.5354018211365 182.9829476773739 826.5689706802368 254.1584149003029 1.0
52 1 894.0269801616669 181.25972896814346 1037.7499294281006 255.29129058122635 1.0
53 1 878.8696228265762 180.73421716690063 1011.3359491825104 249.81551617383957 1.0
53 1 719.7425036430359 182.73260816931725 810.7734096050262 250.19285827875137 1.0
54 1 865.8876067399979 180.6250847876072 986.5118891000748 245.24494260549545 1.0
54 1 1158.0979356765747 188.97201865911484 1240.5821231603622 319.08852607011795 1.0
54 1 711.4226839542389 181.63640052080154 796.3571562767029 243.31875890493393 1.0
55 1 850.743648648262 179.29264158010483 964.893283367157 240.72307348251343 1.0
55 1 706.2989909648895 181.3056617975235 784.2594162225723 239.51569944620132 1.0
55 1 1101.0227851867676 179.2583093047142 1241.9999259710312 317.91749596595764 0.9999999
56 1 840.2199125289917 179.9069456756115 944.5421276092529 238.08711022138596 1.0
56 1 1083.997084736824 234.60184782743454 1239.6079759597778 375.0 1.0
56 1 1077.6379222869873 184.38169732689857 1241.1994507312775 321.75057381391525 1.0
56 1 699.1296554803848 180.4046519100666 773.4745799303055 235.1987287402153 1.0
57 1 828.2731175422668 180.2169866859913 927.2186086177826 233.78464579582214 1.0
57 1 1016.9343899488449 183.31582099199295 1238.8634666204453 363.8240620493889 1.0
57 1 693.9425936937332 179.60038036108017 761.6212095022202 232.21790045499802 1.0
57 1 1037.4631412029266 186.9058459997177 1241.7674750089645 299.8618483543396 0.9999994
58 1 1019.8837040662766 185.78827008605003 1237.8008548021317 313.8621971011162 1.0
58 1 966.0380673408508 211.21571213006973 1240.2286348342896 374.2984011769295 1.0
58 1 819.6255716085434 178.81165444850922 910.8284468650818 231.30715638399124 1.0
58 1 689.0552011728287 179.33567985892296 753.4275351762772 228.59497368335724 1.0
59 1 808.0050222873688 178.0259795486927 894.40223300457 228.95653545856476 1.0
59 1 683.3009294271469 178.6433458328247 744.4284256696701 225.69313645362854 1.0
59 1 920.107978105545 203.6774754524231 1241.9999259710312 375.0 1.0
59 1 988.6392595767975 188.3469521999359 1238.3830186128616 287.47375309467316 0.9999999
60 1 965.5516970157623 182.81234800815582 1234.9673960208893 289.46323692798615 1.0
60 1 887.0412365198135 203.629732131958 1241.9999259710312 371.6922774910927 1.0
60 1 680.3140826225281 178.9260171353817 737.4335024356842 222.99892455339432 1.0
60 1 799.6525558233261 178.08577045798302 880.192298412323 226.27631574869156 1.0
61 1 935.4546275138855 181.05850741267204 1192.8114516735077 289.32812064886093 1.0
61 1 859.4434590339661 191.49338454008102 1236.447605252266 373.4765723347664 1.0
61 1 675.8354040384293 179.49901521205902 730.5163836479187 221.67393565177917 1.0
61 1 791.6691237688065 178.0443862080574 868.5270355939865 223.98611158132553 1.0
62 1 917.5311037302017 183.13885107636452 1134.5956628322601 272.8405147790909 1.0
62 1 829.111421585083 197.00194895267487 1236.4007449150085 373.12576174736023 1.0
62 1 783.9280625581741 178.13755944371223 854.2813450098038 221.06865048408508 1.0
62 1 672.8824625015259 178.60477790236473 723.7571686506271 218.34176033735275 1.0
63 1 668.7235890626907 178.50639671087265 716.6129289865494 216.45672619342804 1.0
63 1 775.9184982776642 177.81046405434608 843.36991918087 219.3877324461937 1.0
63 1 813.3299260139465 195.61687856912613 1143.5792262554169 374.57413226366043 1.0
63 1 896.4682334661484 181.74368888139725 1091.8055123090744 265.8231630921364 1.0
64 1 795.2623418569565 194.10529732704163 1080.67496073246 360.6237843632698 1.0
64 1 768.8702741861343 177.5154210627079 832.302292227745 216.7820781469345 1.0
64 1 881.4618952274323 181.43800646066666 1058.2965216636658 256.4515918493271 1.0
64 1 664.694636464119 178.4232147037983 711.1766856908798 214.17193114757538 1.0
65 1 776.0884687900543 191.08262658119202 1021.4206194877625 339.2714783549309 1.0
65 1 762.0123785734177 177.53459885716438 822.8978741168976 215.5134603381157 1.0
65 1 866.1072506904602 181.404959410429 1028.3726799488068 251.85412913560867 1.0
65 1 662.1353809833527 177.91902646422386 705.4076821804047 212.49789744615555 1.0
66 1 761.7258124351501 189.76959586143494 975.221657037735 319.892093539238 1.0
66 1 658.8795129060745 177.4069480597973 700.5574522018433 210.50776541233063 1.0
66 1 853.0118222236633 179.52748015522957 997.7523736953735 247.0850721001625 1.0
66 1 754.3307626247406 177.50908434391022 811.8509012460709 214.13632482290268 1.0
67 1 837.7970184087753 179.6208769083023 971.1696074008942 242.286778986454 1.0
67 1 748.2749708890915 176.87612771987915 801.9728457927704 211.51162683963776 1.0
67 1 751.1241238117218 188.61747533082962 937.9590275287628 307.5253665447235 1.0
67 1 656.4924488067627 177.47820541262627 695.4307980537415 208.99752527475357 1.0
68 1 826.1903125047684 179.2587898671627 946.6101268529892 237.9523292183876 1.0
68 1 740.6917394399643 188.12667578458786 905.9532691240311 294.0478250384331 1.0
68 1 653.7130311727524 177.49721556901932 691.1701347827911 207.66690373420715 1.0
68 1 741.7609398365021 176.730215549469 793.2363170385361 209.878608584404 1.0
69 1 814.8827576637268 178.4304901957512 925.7874805927277 234.24290120601654 1.0
69 1 736.1296302080154 176.3644851744175 784.9257509708405 208.53645354509354 1.0
69 1 1137.4214226007462 200.01270622015 1241.6229704618454 373.8931640982628 1.0
69 1 730.0857571363449 187.78996914625168 877.8377330303192 283.3787575364113 1.0
69 1 651.1405245065689 177.01200395822525 686.8773429393768 206.05487376451492 1.0
69 3 1153.7145323753357 25.46297013759613 1241.9999259710312 352.6448830962181 0.99965954
70 1 809.5089948177338 177.92414501309395 907.1364741325378 230.71689158678055 1.0
70 1 732.3243191242218 175.41206628084183 776.7700535058975 207.74739235639572 1.0
70 1 649.3907757997513 177.6164285838604 683.3466793298721 204.67159152030945 1.0
70 1 721.5277862548828 185.2964088320732 857.4780639410019 275.03467351198196 1.0
70 1 1050.6184591054916 182.4193373322487 1241.9999259710312 375.0 0.9999968
70 2 1087.9117366075516 23.524646647274494 1241.9999259710312 375.0 0.99800557
71 1 794.7836705446243 177.5989942252636 888.2274026870728 226.88736766576767 1.0
71 1 999.3898944854736 194.96726989746094 1238.8738306760788 375.0 1.0
71 1 724.7832101583481 175.91873556375504 771.102247595787 206.46652579307556 1.0
71 1 714.2414109706879 184.88121405243874 835.0889647006989 267.3916965723038 1.0
71 1 646.1172888278961 176.78818479180336 679.0658801794052 203.3439204096794 1.0
71 3 1055.820918917656 0.7591819739900529 1240.6990149021149 344.1182076931 0.9999778
72 1 719.5513608455658 175.50062388181686 763.947939991951 204.9219086766243 1.0
72 1 706.8089025020599 185.2702796459198 817.7883946895599 260.34488528966904 1.0
72 1 947.2381145954132 195.777028799057 1241.9999259710312 372.0820024609566 1.0
72 1 785.0539691448212 177.82917246222496 873.4890493154526 224.20285642147064 1.0
72 1 643.9178881645203 176.4681302011013 675.0752005577087 202.3402377963066 1.0
72 3 1028.5975799560547 5.4096415406093 1234.1892775297165 342.0833721756935 0.9999982
73 1 700.1090587377548 184.3302994966507 800.8382778167725 255.06321340799332 1.0
73 1 910.9015874862671 189.00326639413834 1237.0284365415573 372.9593753814697 1.0
73 1 641.7594995498657 176.8648736178875 672.4342911243439 201.28832012414932 1.0
73 1 713.913462638855 175.83854869008064 756.7380366325378 202.78450101613998 1.0
73 1 775.4826157093048 177.47828364372253 858.5918297767639 220.9099531173706 1.0
73 3 998.5140577554703 0.7498931663576514 1237.5714390277863 353.81993651390076 0.99998605
74 1 693.4781359434128 183.98544564843178 787.6586043834686 249.73386526107788 1.0
74 1 880.9106014966965 186.32789701223373 1238.631237745285 373.6834153532982 1.0
74 1 640.1060625314713 176.4708235859871 669.0108954906464 200.20278543233871 1.0
74 1 709.6234838962555 175.44664442539215 749.3044177293777 202.17856764793396 1.0
74 1 767.995621919632 176.96816101670265 844.8797399997711 219.07105296850204 1.0
74 3 965.2295969724655 0.0 1241.9999259710312 340.06089717149734 0.99999917
75 1 851.0085983276367 185.1755976676941 1236.5138611793518 373.00584465265274 1.0
75 1 705.6027485132217 175.5499541759491 743.2998540401459 200.9880244731903 1.0
75 1 759.8252667188644 176.45471915602684 831.1625422239304 216.2206918001175 1.0
75 1 688.491322517395 182.98880383372307 775.661987900734 244.86013501882553 1.0
75 1 637.9790621995926 175.9447306394577 666.4239531755447 199.39479231834412 1.0
75 3 936.9074460268021 0.09017944466904737 1241.2645221948624 335.64430475234985 0.9999901
76 1 684.450303196907 182.7872134745121 764.8264417648315 240.3564602136612 1.0
76 1 636.6961401700974 176.00186169147491 663.3296903371811 198.2043832540512 1.0
76 1 834.6423479318619 184.11705270409584 1229.4780739545822 375.0 1.0
76 1 700.7830924987793 175.1892864704132 737.3095779418945 199.5236948132515 1.0
76 1 752.2463289499283 176.038920879364 819.4578219652176 214.03918415308 1.0
76 3 923.3013657331467 0.0 1241.9999259710312 338.268980383873 0.99999833
77 1 809.805480837822 183.25672298669815 1151.3706271648407 372.11181968450546 1.0
77 1 679.7469466924667 181.89789354801178 754.1759680509567 236.6074025630951 1.0
77 1 697.3168340921402 174.86383393406868 731.461955666542 199.24532622098923 1.0
77 1 745.6445735692978 176.2806549668312 809.8196943998337 212.60306239128113 1.0
77 1 635.0846035480499 175.860196352005 660.9680181741714 197.71981984376907 1.0
77 3 903.7722276449203 0.0 1241.9999259710312 324.51512664556503 0.9999995
78 1 739.366546869278 176.5211932361126 800.207328915596 210.83226799964905 1.0
78 1 675.1587792634964 180.99617958068848 745.4273725748062 232.8731194138527 1.0
78 1 785.3886541128159 183.12859162688255 1076.8669846057892 348.35489094257355 1.0
78 1 633.3086485862732 175.5709871649742 658.40409886837 197.60330021381378 1.0
78 3 885.3969790935516 9.551239432767034 1241.9999259710312 320.40470838546753 1.0
79 1 775.3147920370102 182.55802989006042 1024.9508389234543 326.4739215373993 1.0
79 1 632.4900362491608 175.65608024597168 655.831444144249 195.86116075515747 1.0
79 1 733.5625276565552 176.19676887989044 791.0234431028366 209.39288288354874 1.0
79 1 671.4443017244339 180.96798285841942 737.124875664711 229.69577461481094 1.0
79 3 869.4516574144363 19.871989265084267 1237.9418799877167 301.20621621608734 0.9999999
80 1 759.9647372961044 181.6493645310402 977.92793405056 310.526579618454 1.0
80 1 630.590304851532 175.33627152442932 653.8334763050079 195.27263939380646 1.0
80 1 667.7746857404709 180.2443005144596 728.8730885982513 226.5990972518921 1.0
80 1 729.447553396225 176.2217916548252 783.590416431427 207.67099410295486 1.0
80 3 846.3784564733505 31.42736479640007 1240.9358335733414 293.4044525027275 0.99999714
81 1 724.4700676202774 175.83222314715385 775.9954884052277 206.58791810274124 1.0
81 1 664.1526703834534 180.30336499214172 722.2854727506638 224.30312633514404 1.0
81 1 750.8968548774719 181.37894198298454 940.4790476560593 296.7454567551613 1.0
81 3 831.9624992609024 37.88322675973177 1201.709807753563 282.68055617809296 1.0
81 1 629.6497668027878 175.2883940935135 651.5407991409302 194.67658549547195 0.9999924
82 1 719.3951597213745 175.52011460065842 769.2385683059692 204.8335075378418 1.0
82 1 739.6784309148788 181.20695650577545 909.0305052995682 285.33533960580826 1.0
82 1 660.7896083593369 180.298313498497 715.7784744501114 221.97074443101883 1.0
82 3 821.7194809913635 49.185678362846375 1158.3625152111053 272.27065712213516 1.0
83 1 655.836922287941 180.39478361606598 710.9027044773102 220.2843502163887 1.0
83 1 731.0548703670502 180.83494529128075 880.6478726863861 275.6897136569023 1.0
83 1 715.5295890569687 175.6545715034008 760.4985601902008 204.71343398094177 1.0
83 3 816.1352537870407 60.62271259725094 1114.3323794603348 266.8013423681259 1.0
84 1 711.1182028055191 175.69103837013245 754.54374396801 202.50049978494644 1.0
84 1 723.7729368209839 179.52854186296463 858.8267977237701 267.02526211738586 1.0
84 1 654.7558032274246 179.96713891625404 704.5047508478165 217.99365431070328 1.0
85 1 716.1563923358917 179.179385304451 837.918203830719 260.8480453491211 1.0
85 1 986.5028575658798 179.28561195731163 1084.4274891614914 213.8107270002365 1.0
85 1 706.0692790746689 175.38944631814957 747.8408650159836 201.30673795938492 1.0
85 1 652.0947579145432 179.75164577364922 699.0283838510513 216.42842888832092 1.0
85 1 1155.8564125299454 168.35300624370575 1239.5286169052124 375.0 0.9999999
85 3 795.8340675830841 77.18623615801334 1041.1962740421295 254.0757805109024 0.9999994
86 1 706.7887666225433 178.56917157769203 819.8125687837601 254.5347958803177 1.0
86 1 649.8255479335785 179.50189858675003 695.5769312381744 213.80183100700378 1.0
86 1 701.6496756076813 174.87219348549843 750.1393904685974 200.60435682535172 1.0
86 1 991.1562445163727 177.68385261297226 1070.4795430898666 211.62374317646027 1.0
86 1 1073.1295580863953 189.82037901878357 1235.6521639823914 375.0 0.9999999
86 3 788.0994468927383 81.47817850112915 1008.1541100740433 249.1261437535286 0.9999999
87 1 1007.5313783884048 166.79096594452858 1241.712841629982 374.8379945755005 1.0
87 1 698.21406519413 175.17386376857758 734.6452013254166 199.4858756661415 1.0
87 1 964.6120473146439 179.21574041247368 1054.2290740013123 212.00870722532272 1.0
87 1 700.3736382722855 178.91638353466988 804.4501512050629 248.88959527015686 1.0
87 1 648.3385280370712 178.6859929561615 691.4089522361755 212.44919300079346 1.0
87 3 777.6515904664993 87.04902604222298 983.3493715524673 244.30078268051147 0.9999999
88 1 696.4882278442383 178.2860979437828 791.339842915535 243.21339279413223 1.0
88 1 645.9393231868744 178.8053959608078 687.4342628717422 210.96206456422806 1.0
88 1 960.8130286931992 163.35544735193253 1241.9999259710312 375.0 1.0
88 1 949.5524822473526 178.17657440900803 1043.0487749576569 211.36169135570526 1.0
88 1 694.2435954809189 175.15484243631363 730.1876209974289 198.53626191616058 1.0
88 3 767.1952947378159 93.24518591165543 962.3524610996246 238.83779346942902 0.99999964
89 1 918.858295083046 164.21353071928024 1236.4467169046402 374.87733364105225 1.0
89 1 643.8629586696625 179.01531234383583 683.396870970726 209.99126136302948 1.0
89 1 940.468165397644 177.95132473111153 1029.5719492435455 210.35756170749664 1.0
89 1 691.8703747987747 177.961528301239 778.7791256904602 239.17684704065323 1.0
89 3 762.8508306741714 97.84762188792229 939.1713999509811 234.91452634334564 1.0
90 1 887.1348091363907 161.36638820171356 1241.9999259710312 374.64094161987305 1.0
90 1 687.6844807863235 177.1641969680786 766.4843205213547 233.01956802606583 1.0
90 1 920.1069416999817 180.0759918987751 1016.4577914476395 209.98089015483856 1.0
90 1 641.7376610040665 178.5293072462082 678.7491842508316 207.9625278711319 1.0
90 3 755.8833721876144 103.89049351215363 921.7722233533859 233.44413936138153 0.9999987
90 1 938.2082090377808 181.0697615146637 1046.8185521364212 212.1644988656044 0.9999976
91 1 856.1602742671967 159.99529883265495 1240.513646364212 373.63889068365097 1.0
91 1 918.9520157575607 177.6316501200199 1007.0655881166458 209.8483219742775 1.0
91 1 681.1622325181961 177.3678995668888 756.0971678495407 230.81792145967484 1.0
91 1 640.5164791345596 178.20749804377556 676.6845163106918 207.1482315659523 1.0
91 3 749.5280592441559 106.85409978032112 899.7523806095123 228.10669988393784 0.99977297
92 1 831.6936260461807 161.83346137404442 1240.1308425664902 373.9681765437126 1.0
92 1 677.0809414386749 177.37766727805138 746.8717517852783 228.37619483470917 1.0
92 1 911.2946813106537 176.6068898141384 997.4957892894745 209.63142067193985 1.0
92 1 638.7149101495743 177.85683274269104 673.9279736280441 206.07735961675644 1.0
92 3 743.1575703620911 108.4497794508934 884.4665089845657 223.4375774860382 0.99994993
93 1 814.4593859910965 162.13203594088554 1152.8808921575546 371.1855411529541 1.0
93 1 902.503075003624 177.07502469420433 987.115891456604 208.63844454288483 1.0
93 1 636.6937712430954 177.7145080268383 670.4403208494186 205.41031658649445 1.0
93 1 673.3146436214447 176.90645903348923 738.0103361606598 225.013867020607 1.0
93 3 737.4146990776062 112.95950040221214 870.5025726556778 223.75383228063583 0.99999046
94 1 635.1020003557205 177.7258962392807 668.0048418045044 204.0925920009613 1.0
94 1 669.4663217067719 176.9493855535984 730.3022178411484 222.08187729120255 1.0
94 1 796.2351565361023 165.26520252227783 1085.3786133527756 347.7601781487465 1.0
94 1 894.817905664444 177.6312254369259 975.9440317153931 208.2318440079689 1.0
94 3 730.9553014039993 115.05778133869171 857.2746323347092 220.78384459018707 0.9999963
95 1 779.2039779424667 164.3284633755684 1032.1842834949493 326.1509835720062 1.0
95 1 665.8295745849609 176.81866139173508 723.5215344429016 219.5262908935547 1.0
95 1 634.1280012130737 177.45423316955566 665.0647072792053 202.9053121805191 1.0
95 1 886.1879045963287 176.53925344347954 966.6462893486023 208.33151042461395 1.0
95 3 725.2774275541306 117.26447939872742 844.3416974544525 218.923419713974 0.9999993
96 1 767.9961401224136 167.10851714015007 984.8009315729141 310.15726178884506 1.0
96 1 1140.4801515340805 221.02676331996918 1241.9999259710312 373.1566295027733 1.0
96 1 877.1773946285248 176.89869180321693 958.4085677862167 207.16778934001923 1.0
96 1 632.3353157043457 177.3662231862545 662.7073287963867 201.69974863529205 1.0
96 1 663.0887260437012 176.6473799943924 716.1830427646637 216.68453514575958 1.0
96 3 721.0309038162231 117.9565116763115 833.0400649309158 215.04472196102142 0.99999857
97 1 1049.5918253660202 211.17344498634338 1240.974772810936 374.32900071144104 1.0
97 1 870.2670124769211 176.70147120952606 949.1989939212799 206.71764761209488 1.0
97 1 630.8063213825226 177.51262709498405 660.3089382648468 201.08254998922348 1.0
97 1 754.5652123689651 166.6312851011753 947.0068480968475 299.2846369743347 1.0
97 1 659.8333021402359 176.25609040260315 711.7568507194519 214.73170816898346 1.0
97 3 717.3370063304901 122.56484851241112 822.1853452920914 214.1939252614975 0.9999759
98 1 746.7280615568161 167.94724389910698 916.2014694213867 287.4814197421074 1.0
98 1 656.7765719890594 176.34208872914314 705.7724229097366 212.95635402202606 1.0
98 1 988.3389980792999 202.51701772212982 1241.9999259710312 373.0146512389183 1.0
98 1 629.3985865116119 177.00279504060745 658.1430727243423 200.2774402499199 1.0
98 1 863.7803721427917 176.5459142625332 942.1947430372238 206.76346868276596 1.0
98 3 712.9430909156799 124.16505441069603 813.63729429245 212.87034451961517 0.9998449
99 1 857.6874178647995 176.27064138650894 934.7078232765198 206.19995892047882 1.0
99 1 737.8639808893204 168.56752708554268 889.0175138711929 276.48749202489853 1.0
99 1 930.092783331871 197.97619432210922 1241.9999259710312 374.0167021751404 1.0
99 1 653.6326357126236 175.97852647304535 700.5405735969543 210.97487211227417 1.0
99 1 628.3322732448578 176.68286338448524 656.0266585350037 199.1378366947174 1.0
99 3 709.2445296049118 126.61991268396378 804.4528162479401 211.32706850767136 0.99999917
100 1 851.4036909341812 176.1341169476509 928.6502548456192 205.78517764806747 1.0
100 1 651.5638221502304 175.7691241800785 695.2774840593338 209.67616885900497 1.0
100 1 893.8749986886978 193.45586746931076 1241.9999259710312 374.03878569602966 1.0
100 1 726.4955742359161 168.54450479149818 864.3294450044632 269.95785534381866 1.0
100 1 627.0030090808868 176.7490804195404 652.9288423061371 198.2186660170555 1.0
100 3 704.7389044761658 126.87599658966064 797.1066255569458 210.69969981908798 1.0
101 1 649.015967130661 176.10516026616096 690.1986526250839 207.7847644686699 1.0
101 1 846.5245896577835 175.84999278187752 922.031916975975 205.6340128183365 1.0
101 1 859.5801165103912 194.04009729623795 1240.5264533758163 373.32024425268173 1.0
101 1 719.138353228569 168.869499117136 846.4509308338165 263.7338787317276 1.0
101 1 625.8429011106491 176.8491379916668 651.7392708063126 198.08949530124664 1.0
101 3 701.9481604099274 129.0760114789009 788.7802913188934 208.13705027103424 0.9999999
101 1 1187.2806733846664 189.3496736884117 1240.1584553718567 328.9080932736397 0.99999964
102 1 838.6157788038254 175.69009959697723 915.2392408847809 204.30372655391693 1.0
102 1 837.2511287927628 191.40972197055817 1155.7148691415787 374.19864535331726 1.0
102 1 712.1114494800568 169.43733394145966 830.0256793498993 257.8647583723068 1.0
102 3 698.8442738056183 131.24966248869896 782.4322332143784 204.60815727710724 1.0
102 1 1126.0405790805817 205.33494651317596 1241.9999259710312 325.1618295907974 0.9999999
102 1 647.8831758499146 175.97069218754768 685.2599580287933 205.8601900935173 0.9999995
103 1 1077.4790561199188 185.71384996175766 1241.9999259710312 323.5197812318802 1.0
103 1 707.0346908569336 171.30085453391075 813.8826262950897 250.68142265081406 1.0
103 1 815.1830191612244 190.04783034324646 1085.1297279596329 347.921647131443 1.0
103 3 694.4157128334045 132.78483599424362 774.5415594577789 206.31466805934906 1.0
103 1 836.7924453020096 176.0387308895588 911.6848139762878 205.09352535009384 0.9999999
104 1 797.6457785367966 188.34279477596283 1025.2667945623398 325.07485896348953 1.0
104 1 831.5050002336502 176.1811338365078 905.4660104513168 205.22508770227432 1.0
104 1 700.5177726745605 171.17083445191383 800.1115354299545 245.69803476333618 1.0
104 1 1036.0380095243454 184.41235274076462 1241.9999259710312 323.7836882472038 1.0
104 3 691.0479129552841 133.5444264113903 767.9968804121017 205.02278208732605 1.0
105 1 1000.9275501966476 182.93224275112152 1240.0452650785446 315.5905678868294 1.0
105 1 694.1777837276459 169.55507174134254 786.4162502288818 241.38906598091125 1.0
105 1 780.6747854948044 186.61724030971527 976.718966960907 308.2122802734375 1.0
105 3 688.8154953718185 134.35407355427742 761.7337335348129 202.13967561721802 1.0
105 1 827.249370932579 176.0825179517269 900.854153752327 204.65753227472305 0.9999993
106 1 970.2916978597641 183.15403908491135 1240.6661460399628 299.5460629463196 1.0
106 1 689.0996185541153 170.02109438180923 775.346994638443 237.8026619553566 1.0
106 1 824.5783317089081 175.70297420024872 895.558343410492 204.7550305724144 1.0
106 1 767.9418768882751 186.95839494466782 938.8635874986649 295.7185059785843 1.0
106 3 686.1398663520813 135.93076542019844 756.9404318332672 202.08292454481125 1.0
107 1 944.3338841199875 181.91347271203995 1210.3198210000992 288.53320330381393 1.0
107 1 685.1562434434891 170.49013450741768 764.3102377653122 233.356811106205 1.0
107 1 754.4985862970352 184.43681672215462 908.4544858932495 285.15878319740295 1.0
107 1 821.132431268692 175.7046952843666 890.8594286441803 203.62050086259842 1.0
107 3 683.3141065835953 136.83365285396576 751.2085168361664 200.5911022424698 1.0
107 1 635.706298828125 175.01236125826836 667.5405321121216 200.0596672296524 0.99999976
108 1 924.227764248848 181.6185973584652 1154.627235531807 277.8313010931015 1.0
108 1 681.1161124706268 170.5133467912674 755.6182004213333 230.94769567251205 1.0
108 1 816.7134200334549 175.37497356534004 886.8854055404663 203.98883521556854 1.0
108 1 634.3553441762924 174.61467906832695 664.626825928688 198.85405898094177 1.0
108 1 743.9659667015076 183.78392234444618 880.470055103302 273.9809453487396 1.0
108 3 681.2967431545258 138.53774964809418 744.4661804437637 199.36001300811768 0.9999764
109 1 815.3875612020493 175.29602721333504 883.5682414770126 203.57052236795425 1.0
109 1 734.716343164444 182.7663816511631 857.6748329401016 265.7555043697357 1.0
109 1 676.3826261758804 171.35097831487656 746.8684204816818 227.94578969478607 1.0
109 1 901.3082474470139 180.67726492881775 1108.2293572425842 269.2207396030426 1.0
109 1 633.339296579361 174.78279769420624 661.8420782089233 198.29296320676804 1.0
109 3 678.6983263492584 138.56728747487068 739.9717336893082 200.54610818624496 0.9999999
110 1 727.0057818889618 182.56664648652077 838.9828884601593 258.65254551172256 1.0
110 1 884.6650546789169 181.0765117406845 1067.9546370506287 261.93154603242874 1.0
110 1 673.2744458913803 170.48902809619904 738.9673826694489 225.33052414655685 1.0
110 1 812.3682156801224 175.14143139123917 880.0794042348862 202.93638110160828 1.0
110 3 674.9871060848236 138.78365233540535 735.6528096199036 199.31289553642273 0.9999999
111 1 719.2365156412125 182.94022232294083 821.7333984375 252.48894095420837 1.0
111 1 870.6282738447189 180.4368831217289 1033.9616450071335 255.0339326262474 1.0
111 1 669.1127593517303 171.24611511826515 732.5923780202866 223.0808660387993 1.0
111 1 629.4807586669922 174.42280054092407 656.1328901052475 196.4993253350258 1.0
111 1 809.0848088264465 175.1103289425373 877.5576074123383 202.96382904052734 1.0
111 3 673.1471160650253 139.86580073833466 730.8395200967789 198.3173042535782 1.0
112 1 806.6855299472809 175.29252916574478 874.5970408916473 202.67904549837112 1.0
112 1 853.3503566980362 179.12910506129265 1004.9707163572311 249.10984933376312 1.0
112 1 666.6718761920929 171.14433646202087 726.2275893688202 220.07661312818527 1.0
112 1 712.5419279336929 182.3374181985855 805.5372666120529 247.48990684747696 1.0
112 1 627.7303436994553 174.17966946959496 653.7704776525497 195.66676765680313 1.0
112 3 669.8614143133163 141.40742272138596 725.611446261406 197.1755549311638 1.0
113 1 839.9457832574844 179.267730563879 979.6397058963776 243.08475852012634 1.0
113 1 706.2090457677841 181.42973631620407 792.9555991888046 242.03981459140778 1.0
113 1 625.9662333726883 173.92301559448242 651.8101165294647 195.07433474063873 1.0
113 1 663.2361917495728 171.2222322821617 719.7102270126343 218.05167943239212 1.0
113 1 805.0954617261887 175.09077116847038 872.0340099334717 202.52227038145065 1.0
113 3 668.2524687051773 142.73322746157646 723.2183117866516 196.1609646677971 1.0
114 1 830.5125678777695 178.3123053610325 954.9195824861526 240.35652726888657 1.0
114 1 699.9159911870956 180.49877509474754 781.1322104930878 237.56680637598038 1.0
114 1 802.0083796977997 175.1345470547676 869.6533123254776 202.68472284078598 1.0
114 1 659.6836895942688 171.57654091715813 713.8269968032837 216.3645252585411 1.0
114 3 666.5768970251083 143.78150179982185 719.1804757118225 196.81676477193832 1.0
114 1 625.1055725812912 174.1984561085701 649.328221321106 194.59868967533112 0.9999999
115 1 800.3849984407425 175.3137856721878 873.8577876091003 202.05183327198029 1.0
115 1 657.1652981042862 171.24275118112564 709.7232749462128 214.35128152370453 1.0
115 1 818.8228014707565 179.02648821473122 934.7181133031845 236.02940887212753 1.0
115 1 694.3855090141296 180.21124228835106 769.7079859972 233.18633437156677 1.0
115 3 663.9227364063263 143.60668882727623 715.1307209730148 197.38250970840454 0.9999999
115 1 625.2216500043869 173.7995557487011 647.9286296367645 193.9406543970108 0.9998274
116 1 802.3768218755722 175.29859766364098 869.4401829242706 202.1390050649643 1.0
116 1 655.0132759809494 171.7074103653431 704.1675488948822 212.81748265028 1.0
116 1 807.798481464386 177.42235958576202 915.8806278705597 231.9849729537964 1.0
116 1 690.2425518035889 180.54887652397156 760.0021959543228 230.59462755918503 1.0
116 3 662.0140475034714 144.75105330348015 711.9747179746628 194.90544497966766 1.0
117 1 801.5015773773193 175.73898285627365 868.3743138313293 202.50794291496277 1.0
117 1 652.7294082641602 172.14586213231087 699.5596897602081 211.60203963518143 1.0
117 1 685.0401660203934 180.23720383644104 751.1484793424606 228.47145795822144 1.0
117 1 799.0877888202667 177.72987484931946 898.8284990787506 229.2613685131073 1.0
117 3 659.9282072782516 146.05391398072243 708.7434275150299 195.13747841119766 1.0
118 1 650.158752322197 172.61266708374023 694.9281413555145 209.80947464704514 1.0
118 1 789.1972224712372 177.520751953125 883.4571980237961 225.82970559597015 1.0
118 1 680.5693345069885 179.45949733257294 742.6716442108154 225.08065402507782 1.0
118 1 802.3794128894806 175.07769539952278 867.7472144365311 203.02999019622803 1.0
118 3 658.2069597244263 146.57475426793098 704.8762282133102 194.0431371331215 1.0
119 1 647.689071893692 171.68831080198288 691.2406103610992 209.0364396572113 1.0
119 1 676.7563244104385 179.4348992407322 735.4170273542404 222.4346548318863 1.0
119 1 802.9084239006042 175.1307137310505 867.7619462013245 203.0480057001114 1.0
119 1 785.0077750682831 177.9814213514328 867.7564680576324 222.0892310142517 1.0
119 3 655.7459406852722 146.47908881306648 702.158698797226 192.3525407910347 0.99999976
120 1 801.6824301481247 174.84556138515472 867.3561193943024 202.29457318782806 1.0
120 1 645.4185293912888 172.12118580937386 687.8203979730606 208.17502588033676 1.0
120 1 673.1499291658401 179.1914440691471 728.2470256090164 220.22225707769394 1.0
120 1 773.5869559049606 176.34513974189758 855.3743827342987 221.4484065771103 1.0
120 3 654.4801933765411 147.02418074011803 699.3227970600128 192.65169650316238 0.99999857
121 1 801.2334444522858 174.74649846553802 866.9845679998398 202.61701941490173 1.0
121 1 670.4113014936447 178.91865223646164 722.1100981235504 218.167282640934 1.0
121 1 767.7246758937836 176.57242342829704 845.9373918771744 219.53286230564117 1.0
121 1 644.051584482193 172.2658909857273 684.3667985200882 206.95175975561142 1.0
121 3 652.9141105413437 147.7707177400589 696.4355192184448 191.32543355226517 0.999998
122 1 800.9905554056168 175.11656507849693 867.194069981575 202.64071226119995 1.0
122 1 666.672616481781 178.51551622152328 716.5192083120346 215.7929688692093 1.0
122 1 641.738253235817 171.8735173344612 681.0000350475311 205.66771924495697 1.0
122 1 760.2789902687073 176.2775033712387 834.5895652770996 216.804139316082 1.0
122 3 651.7944964170456 148.44943955540657 693.712733745575 190.8598467707634 0.99999976
123 1 639.7561275959015 172.07375541329384 679.7927706241608 205.00152558088303 1.0
123 1 663.8437474966049 177.6423342525959 711.5773304700851 213.56438845396042 1.0
123 1 755.581111907959 176.09290033578873 823.3745466470718 215.415358543396 1.0
123 1 804.5210709571838 175.25572702288628 867.0792510509491 202.09691673517227 1.0
123 3 650.0306081771851 148.34009483456612 689.544754743576 191.6367933154106 1.0
123 2 1159.141892194748 172.2976304590702 1239.4941934347153 342.12879091501236 0.99590695
124 1 801.7701544761658 174.7860610485077 867.1582399606705 202.39419490098953 1.0
124 1 638.8443868160248 172.59249463677406 674.816543340683 203.1683698296547 1.0
124 1 747.9403599500656 176.28315836191177 814.5471103191376 213.74999731779099 1.0
124 1 661.1946948766708 177.99532413482666 706.1287243366241 212.32232451438904 1.0
124 2 1110.2589354515076 131.68158754706383 1239.6569831371307 336.1326679587364 1.0
124 3 648.143535733223 149.2164172232151 688.10311460495 190.8823549747467 1.0
125 1 801.1954675912857 175.04005506634712 867.1475797891617 202.62466371059418 1.0
125 1 742.844575881958 176.17622762918472 805.85810816288 212.27893978357315 1.0
125 1 637.496245265007 172.25437983870506 672.2125743627548 202.50984281301498 1.0
125 1 659.2986649274826 177.52104252576828 701.6567083597183 211.1431360244751 1.0
125 2 1061.729837179184 130.90133294463158 1240.7685281038284 336.28372102975845 1.0
125 3 646.2875554561615 149.68664199113846 685.0161066055298 190.31061977148056 1.0
126 1 800.1273776292801 175.00582337379456 867.0913918018341 202.38550007343292 1.0
126 1 656.1855247020721 177.02221870422363 697.5991805791855 209.28414165973663 1.0
126 1 737.9149868488312 176.10661312937737 797.5288127660751 210.72965115308762 1.0
126 1 635.4463831186295 172.88334667682648 667.9478394985199 202.22756266593933 1.0
126 2 1018.7552804946899 128.2287798821926 1241.9999259710312 336.24932169914246 1.0
126 3 644.9742075204849 150.23233741521835 682.387708067894 189.2874464392662 0.9999995
127 1 800.1786797046661 175.06294324994087 866.959398150444 202.34309881925583 1.0
127 1 653.5176687240601 177.35246568918228 693.1557397842407 207.9417183995247 1.0
127 1 633.6111309528351 172.5980043411255 666.2847046852112 201.12305134534836 1.0
127 1 732.0054023265839 175.52124336361885 789.9226323366165 209.5847725868225 1.0
127 2 983.4089648723602 129.8220008611679 1241.9999259710312 330.62227070331573 1.0
127 3 644.5659377574921 150.36537498235703 680.3289624452591 189.00903314352036 1.0
128 1 800.125452876091 175.0624179840088 867.2789071798325 202.4696320295334 1.0
128 1 727.4576547145844 175.94656348228455 782.7079911231995 207.84301310777664 1.0
128 1 632.236487030983 172.56831005215645 663.1681591272354 200.40357112884521 1.0
128 1 652.013326048851 177.21092328429222 690.0017355680466 206.78696036338806 1.0
128 2 953.5673693418503 131.2035731971264 1241.760590314865 310.4315623641014 1.0
128 3 643.5167992115021 151.2148752808571 677.7568259239197 188.47167491912842 1.0
129 1 800.0687466859818 175.14633759856224 866.9918228387833 202.5434821844101 1.0
129 1 723.3579304218292 175.83255842328072 774.9721119403839 206.81270956993103 1.0
129 1 650.1976915597916 176.82909965515137 687.0043766498566 205.46577125787735 1.0
129 1 630.4888851642609 172.41813987493515 660.8956178426743 199.30802285671234 1.0
129 2 928.6677256822586 137.12068274617195 1223.152002453804 299.3655055761337 1.0
129 3 641.9672988653183 152.23318710923195 675.4642968177795 187.6320093870163 1.0
130 1 800.137223482132 174.92018267512321 866.7117712497711 202.51256972551346 1.0
130 1 647.8058896064758 177.36762017011642 683.41841340065 204.3760120868683 1.0
130 1 629.3905173540115 171.85551300644875 658.6923676729202 198.6929029226303 1.0
130 1 719.3215749263763 176.01604387164116 769.4494028091431 205.6512013077736 1.0
130 2 906.7237626314163 139.57909494638443 1162.3978343009949 285.6481522321701 1.0
130 3 641.1289207935333 152.39547193050385 673.2457966804504 187.63048946857452 0.9998242
131 1 799.8420699834824 174.7526451945305 866.9047647714615 202.25011557340622 1.0
131 1 645.3647103309631 177.228145301342 679.6131023168564 203.92359048128128 1.0
131 1 628.7990258932114 171.67605087161064 656.732080578804 197.64990359544754 1.0
131 1 715.0795669555664 176.32009461522102 762.8602323532104 205.04828542470932 1.0
131 2 886.9542524814606 142.7173689007759 1114.095634818077 275.03639459609985 1.0
131 3 639.2733846902847 151.6924649477005 672.0234303474426 187.00676411390305 0.9999552
132 1 799.9179496765137 174.85662549734116 866.7548561096191 202.09700614213943 1.0
132 1 643.5251644849777 177.26333811879158 676.5240955352783 203.15945148468018 1.0
132 1 627.8357609510422 172.2579561173916 654.6711140871048 197.11017608642578 1.0
132 1 711.4236463308334 176.39940977096558 757.2154494524002 203.97410541772842 1.0
132 2 869.4582459926605 146.53904736042023 1072.976836323738 265.651099383831 1.0
132 3 638.0880328416824 152.96195447444916 669.437672495842 186.87748163938522 0.9999993
133 1 799.7783310413361 175.07843300700188 865.5903064012527 202.09327340126038 1.0
133 1 707.7620995044708 175.82013085484505 751.526397228241 203.11611145734787 1.0
133 1 642.0940364599228 176.9450604915619 674.2957495450974 202.41422206163406 1.0
133 1 626.8904850482941 172.26140946149826 653.2615284919739 196.2372064590454 1.0
133 2 851.034730553627 147.1482217311859 1035.2744007110596 258.4901824593544 1.0
133 3 637.0309731960297 153.5302922129631 667.4547325372696 186.41982972621918 0.9999932
134 1 799.6443386077881 174.59508776664734 865.3876150846481 201.71961933374405 1.0
134 1 626.3521463871002 171.75710946321487 651.9156078100204 195.45713067054749 1.0
134 1 704.7187685966492 175.72513595223427 746.0037621259689 202.285073697567 1.0
134 1 640.2957247495651 176.51712521910667 671.0677163600922 201.25215500593185 1.0
134 2 837.3891187906265 149.47843551635742 1002.3308433294296 251.90699100494385 1.0
134 3 635.3751672506332 153.78674492239952 665.5086590051651 186.20402365922928 0.99999714
135 1 798.8669604063034 174.29709434509277 864.4355285167694 201.6887068748474 1.0
135 1 639.0691387653351 176.5894778072834 668.8201228380203 200.43323189020157 1.0
135 1 625.5795060396194 171.6918647289276 650.6348326206207 195.05486637353897 1.0
135 1 700.8508290052414 175.40163919329643 741.4056007862091 201.41858607530594 1.0
135 2 824.237132191658 151.7176441848278 973.4306001663208 246.5958148241043 1.0
135 3 635.2348823547363 154.2358584702015 664.0150505304337 185.61379238963127 0.99999905
136 1 799.2898879051208 174.09103363752365 865.1533133983612 201.17423683404922 1.0
136 1 697.1412373781204 175.31241104006767 736.8900557756424 200.51736384630203 1.0
136 1 637.1202521324158 176.39463767409325 666.6675825119019 199.2032825946808 1.0
136 2 812.5677977800369 152.56822854280472 950.4257279634476 242.50886589288712 1.0
136 3 634.3825128078461 154.5635238289833 662.5809613466263 186.11858412623405 0.99999976
137 1 636.4041699171066 175.9227029979229 664.070942401886 198.16135615110397 1.0
137 1 694.6542341709137 175.275307148695 733.149297952652 199.43967461585999 1.0
137 1 797.9630666971207 174.23420771956444 865.3788796663284 201.84780657291412 1.0
137 2 802.8941363096237 154.36667203903198 928.0585412979126 237.31859028339386 1.0
137 3 633.8917007446289 154.61160242557526 660.636368393898 185.41724234819412 0.99998856
138 1 635.4723672866821 176.15822330117226 662.1400448083878 197.7889984846115 1.0
138 1 691.8093749284744 175.32453685998917 729.1096111536026 198.88164103031158 1.0
138 2 792.8784610033035 155.93048930168152 909.0426460504532 233.51819068193436 1.0
138 1 797.8272235393524 174.65991899371147 867.8278319835663 201.73843950033188 0.9999987
138 3 632.981218457222 155.02968057990074 659.5592468976974 185.8886405825615 0.99980205
139 1 688.9859100580215 174.95039105415344 724.9484428167343 198.203444480896 1.0
139 2 784.5178513526917 157.15349838137627 891.5291687250137 230.74518889188766 1.0
139 1 800.1304128170013 174.72318559885025 868.3739436864853 202.11774855852127 0.99988043
140 1 686.4044458866119 174.8189628124237 721.5994462966919 197.42515683174133 1.0
140 2 774.0374962091446 157.5647033751011 877.664283156395 227.81116515398026 0.99999976
140 1 798.5753602981567 174.10162836313248 865.5520334243774 203.4476324915886 0.99999964
141 1 683.6815123558044 175.08666962385178 717.3105779886246 196.61441445350647 1.0
141 1 800.745593547821 173.87080192565918 866.5657861232758 202.0152434706688 1.0
141 2 766.0240824222565 158.72681513428688 863.0950119495392 225.64903646707535 0.9999994
142 1 800.8994997739792 174.05623197555542 866.8503534793854 201.69619470834732 1.0
142 1 681.3783971071243 174.7230738401413 713.7835417985916 196.1088851094246 1.0
142 2 760.7181301116943 159.32491421699524 847.4219688177109 222.08630293607712 0.9999999
143 1 798.9181884527206 174.38339442014694 866.5183335542679 201.40881836414337 1.0
143 1 679.0926786661148 174.7681125998497 710.843629360199 195.41434943675995 1.0
143 2 753.6924848556519 159.76133197546005 835.979755282402 219.80318427085876 1.0
144 1 799.3308999538422 174.37319085001945 866.7969045639038 201.957106590271 1.0
144 1 676.5028492212296 174.8107708990574 707.6337332725525 195.0339451432228 1.0
144 2 747.2990469932556 159.91558134555817 825.796330332756 217.6261469721794 0.9999999
145 1 803.5825316905975 174.68061670660973 866.6084268093109 203.1584456562996 1.0
145 1 674.017326593399 174.47197437286377 704.7782878875732 194.37233358621597 1.0
145 2 739.2348493337631 160.30746325850487 814.4106749296188 215.82459658384323 1.0
146 1 799.642783999443 174.75607618689537 866.8428765535355 202.39104330539703 1.0
146 1 672.0791741609573 174.39377680420876 701.7366596460342 193.7604546546936 1.0
146 2 736.3963565826416 160.79755872488022 805.7253742218018 213.43810111284256 0.9999999
147 1 799.0411505699158 174.8570278286934 866.4045510292053 202.42897421121597 1.0
147 1 671.4431172609329 174.2766760289669 698.5471215248108 193.46487522125244 1.0
147 2 730.6189877986908 162.52072155475616 796.8887583017349 213.0821943283081 1.0
148 1 799.1294671297073 175.14631524682045 866.0850419998169 202.28350907564163 1.0
148 1 668.439465880394 174.33596402406693 696.0233999490738 192.77063012123108 1.0
148 2 726.4899480342865 161.35435178875923 788.555983543396 210.62734723091125 0.9999999
149 1 798.9739322662354 175.27273669838905 865.6876544952393 202.26359367370605 1.0
149 1 666.4307638406754 174.33161661028862 694.2598078250885 193.0011659860611 1.0
149 2 721.169634103775 163.06034848093987 781.656705737114 209.00588482618332 1.0
150 1 798.588981628418 175.60837045311928 864.5247334241867 202.54799723625183 1.0
150 1 664.8567599058151 174.10266771912575 690.7517230510712 191.94652140140533 1.0
150 2 717.289257645607 162.4160259962082 774.132919549942 207.37237483263016 0.9999999
151 1 798.2679920196533 175.2432882785797 864.102694272995 202.3157849907875 1.0
151 1 662.9729447364807 173.78554120659828 688.613174200058 191.97363406419754 1.0
151 2 712.2928204536438 163.11899945139885 768.2038654088974 206.80884271860123 1.0
152 1 797.6448901891708 174.83599483966827 862.7672116756439 202.20977067947388 1.0
152 1 661.4748945236206 173.9845722913742 686.2873320579529 191.0509541630745 0.9999999
152 2 709.3450609445572 163.62129896879196 762.0828541517258 205.29670268297195 0.9999999
153 1 796.4555407762527 174.42778497934341 861.3331224918365 201.74630731344223 1.0
153 2 705.0946877002716 163.83126005530357 757.3524030447006 203.84171605110168 0.9999994
153 1 659.9094039201736 174.7039407491684 684.1596654653549 190.99945574998856 0.99110705
154 1 795.9897505044937 174.21281710267067 860.3363964557648 201.49842649698257 1.0
154 2 702.0202646255493 163.86953741312027 750.490954041481 203.06291431188583 1.0
155 1 794.2612481117249 174.57561939954758 860.7382997274399 201.49417966604233 1.0
155 2 699.8325605392456 163.33017870783806 746.7134038209915 203.04632931947708 1.0
156 1 792.3951998949051 175.25221779942513 857.0736436843872 202.0917311310768 1.0
156 2 695.0252673625946 164.57707062363625 741.3580741882324 201.55437290668488 0.9999994
157 1 790.5449938774109 175.30981823801994 855.9635792970657 202.0626738667488 1.0
157 2 691.9308564662933 164.63810205459595 736.9879220724106 201.35269314050674 0.9999999
158 1 788.8165655136108 175.0628650188446 853.2135511636734 201.6204446554184 1.0
158 2 690.2658709287643 164.76792097091675 731.8276587724686 200.4251629114151 1.0
159 1 787.5099542140961 175.3166802227497 851.214176774025 201.86995714902878 1.0
159 2 686.4407941102982 164.8462861776352 729.2834311723709 200.17484575510025 0.9999999
160 1 784.9156830310822 175.3729060292244 848.5495780706406 201.7473354935646 1.0
160 2 683.7548750638962 165.02708941698074 724.1968266963959 199.3272453546524 0.99999857
161 1 781.7583475112915 175.41420087218285 845.2800146341324 201.37584954500198 1.0
161 2 683.2036553621292 165.48758000135422 720.623152256012 197.94610887765884 0.9999995
162 1 779.0497015714645 175.10660737752914 841.6491898298264 201.68837159872055 1.0
162 2 679.3630324602127 165.83692654967308 716.0686680078506 197.30760902166367 0.9999999
163 1 776.8148410320282 175.27659237384796 839.2672337293625 201.3612985610962 1.0
163 2 677.2921460866928 165.64220935106277 712.0159521102905 196.48656249046326 0.99998116
164 1 773.2641896009445 174.85500499606133 834.5928225517273 200.99933445453644 1.0
164 2 675.3579171895981 166.50953516364098 709.5724779367447 196.21092081069946 0.9999989
165 1 769.5141041278839 175.38223788142204 832.0022528171539 201.40285044908524 1.0
165 2 671.8921029567719 165.75544327497482 706.1237643957138 195.17192244529724 0.9999999
166 1 767.2987872362137 175.0592328608036 826.8738960027695 200.6041556596756 1.0
166 2 670.3494873046875 166.68875142931938 703.5124665498734 194.89652663469315 0.9999993
167 1 763.7404367923737 175.0183291733265 823.0576286315918 200.38146525621414 1.0
167 2 668.5453273057938 166.50912165641785 700.8328399658203 194.00453567504883 0.9999999
168 1 760.4916754961014 175.03151670098305 819.0528835058212 200.38651674985886 1.0
168 2 666.9314957857132 167.0631431043148 698.1205666065216 194.14300471544266 0.9999999
169 1 757.7774773836136 174.86952245235443 814.2606922388077 200.19952207803726 1.0
169 2 664.8366980552673 166.4702631533146 695.8212268352509 193.5187205672264 0.9999995
170 1 753.6735334396362 174.88684505224228 809.9179308414459 200.25835186243057 1.0
170 2 663.383805513382 167.30501130223274 692.8522950410843 192.99685209989548 1.0
171 1 750.2972942590714 175.0440113246441 805.7586132287979 200.10316371917725 1.0
171 2 661.7627931833267 167.27814450860023 690.0819829702377 192.6659345626831 0.99999917
172 1 746.1504135131836 174.7005321085453 800.2695132493973 199.86699521541595 1.0
172 2 660.0981777906418 167.14289411902428 688.0104303359985 192.35694408416748 1.0
173 1 741.4053786993027 175.12920498847961 796.3451635837555 199.6220424771309 1.0
173 2 657.8038719892502 166.99844598770142 687.2065497636795 191.19134545326233 0.99999714
174 1 738.7892689704895 174.69198256731033 790.6886100769043 199.03863966464996 1.0
174 2 657.1094062328339 167.30845347046852 683.6475330591202 191.59968942403793 1.0
175 1 735.4530794620514 174.50306564569473 787.0266931056976 198.88566434383392 1.0
175 2 655.5130455493927 167.58304461836815 681.2043550014496 191.55585765838623 1.0
176 1 731.5151084661484 174.56668987870216 781.4370617866516 198.60034435987473 1.0
176 2 654.3225116729736 167.5054170191288 678.9375139474869 190.6517744064331 0.9999995
177 1 727.550635099411 174.0928664803505 778.1894109249115 198.39785993099213 1.0
177 2 653.3738304376602 167.10003465414047 676.640172958374 189.2339363694191 0.9999931
178 1 724.1471532583237 174.92996156215668 771.7670277357101 198.59281182289124 1.0
178 2 651.4827604293823 167.74482652544975 675.526777267456 189.73877280950546 0.9999999
179 1 720.7994892597198 175.47783628106117 768.807719707489 198.73610883951187 1.0
179 2 649.5365388393402 168.2337038218975 671.8799622058868 189.36248123645782 0.9999683
180 1 717.9866845607758 175.17516016960144 762.6139379739761 198.37351888418198 1.0
181 1 714.2323054075241 175.3452904522419 760.7948981523514 198.2244774699211 1.0
182 1 711.4855345487595 175.58518052101135 754.8721364736557 198.0142593383789 1.0
183 1 707.4407397508621 175.6216250360012 751.4875320196152 198.70901852846146 1.0
184 1 705.3573424816132 175.53257569670677 747.6713386774063 197.76997715234756 1.0
184 2 486.06628811359406 168.0084429681301 510.7282617688179 190.68892300128937 0.9999559
185 1 702.7139160633087 175.85792765021324 743.1398774385452 197.6258084177971 1.0
185 2 484.93464428186417 168.0147796869278 509.30301904678345 191.74432754516602 0.9999982
186 1 701.0045131444931 176.67337507009506 740.2372756004333 198.33223521709442 1.0
186 2 483.44732826948166 167.60393232107162 509.4738038778305 192.92959570884705 0.97011435
187 1 697.0320446491241 177.4304397404194 735.2563844919205 199.89001750946045 1.0
187 2 480.1053274869919 168.80139335989952 510.0103658437729 194.99154388904572 0.9464679
188 1 695.6446677446365 180.21869659423828 731.6964794397354 200.46090334653854 0.9999999
188 2 480.35262125730515 170.65105587244034 507.33355236053467 195.22017985582352 0.99999976
189 1 693.0688297748566 180.8003894984722 727.4195297956467 201.95163041353226 1.0
189 2 478.19845229387283 171.50526121258736 505.1756819486618 196.62431627511978 1.0
190 1 689.455845952034 181.5464235842228 723.906485080719 202.08994299173355 1.0
190 2 476.2395347356796 172.0465086400509 503.7516236901283 198.45528155565262 0.99996567
190 5 967.658709526062 182.8770898282528 1002.0852152109146 232.40379989147186 0.9295153
191 1 685.5138773918152 182.25209042429924 720.3422123193741 202.32128351926804 1.0
191 2 473.66636180877686 171.88118398189545 501.9094498157501 199.19125735759735 0.96609414
192 1 683.8575532436371 181.26963078975677 715.3821973800659 201.69181376695633 1.0
192 2 470.9925094842911 172.10137099027634 500.2624163031578 198.78078997135162 0.99999833
193 1 681.2086486816406 181.78679421544075 711.959764122963 202.01312005519867 1.0
193 3 467.86619210243225 172.3177582025528 497.2616890668869 199.62380826473236 0.88234776
194 1 675.6193134784698 182.74419754743576 706.6923809051514 202.65242457389832 1.0
194 2 464.5055730342865 173.1346920132637 494.39269638061523 200.7448598742485 0.99999964
195 1 674.1941077709198 184.00247767567635 702.950808763504 202.71067321300507 1.0
195 2 460.5007908940315 173.75992611050606 492.795780479908 202.42799073457718 0.99939084
196 1 673.1330505609512 183.38100984692574 699.5009107589722 203.07766646146774 1.0
196 2 457.0726944208145 173.99688810110092 488.4955857396126 203.00544798374176 0.99999905
197 1 666.3122434616089 184.61168557405472 696.1192674636841 203.4573331475258 1.0
197 2 453.87963992357254 174.87572506070137 485.87636679410934 204.49329167604446 0.99999905
198 1 663.3398323059082 185.72821095585823 690.8221246004105 205.10226488113403 1.0
198 2 448.6387960910797 176.14154890179634 482.7438679933548 205.68043738603592 0.9999993
199 1 660.1358585357666 186.2267330288887 687.4702409505844 205.4125964641571 1.0
199 2 442.9715824127197 175.95480009913445 479.272982776165 206.32819086313248 0.9996455
200 1 655.113733291626 185.68508327007294 682.5590851306915 205.76515048742294 1.0
200 2 438.7074767947197 176.15290358662605 473.388160943985 206.64717257022858 0.99999547
201 1 651.2084830999374 186.56405434012413 677.397045135498 205.37511259317398 1.0
201 2 432.9450618624687 176.10254511237144 469.43323731422424 207.16314017772675 0.99999964
202 1 646.6502233743668 184.61740761995316 674.0908373594284 204.34945821762085 1.0
202 2 428.3932056427002 175.41802302002907 466.13143426179886 206.77167177200317 0.9999001
203 1 643.3652619123459 184.6792884171009 670.5600997209549 203.11468094587326 1.0
203 2 423.3657873272896 174.73091930150986 461.8555580377579 206.22338354587555 0.99999976
204 1 640.1059144735336 183.585986495018 666.7583420276642 201.96372270584106 1.0
204 2 417.8931958079338 173.96124824881554 459.0684413909912 206.80922269821167 0.99999964
205 1 638.5239894390106 182.76865035295486 663.7404770851135 200.75847208499908 1.0
205 2 415.22345209121704 172.96503111720085 456.0810023546219 205.6983858346939 0.999081
206 1 637.4568618535995 181.6548965871334 661.6558213233948 199.26343113183975 1.0
206 2 410.8337193131447 171.75322026014328 452.8688853979111 205.89472353458405 0.9999999
207 1 635.7638193368912 180.4523505270481 661.062627196312 198.44649732112885 1.0
207 2 406.9052610397339 171.2249256670475 452.5571123957634 206.40959590673447 0.99999964
208 1 636.2935706377029 180.34225702285767 661.1843308210373 197.84890115261078 1.0
208 2 405.12538254261017 170.83996161818504 450.53815734386444 206.17713779211044 0.9999995
209 1 636.107461810112 179.43962663412094 661.2744981050491 197.4431723356247 1.0
209 2 402.7730750441551 170.41901126503944 450.4830057621002 206.3373327255249 0.9999994
210 1 636.96619784832 179.1452206671238 662.6019115447998 196.97114825248718 1.0
210 2 401.5803202986717 169.70169916749 450.8028849363327 207.16584473848343 0.99999964
211 1 641.2893415689468 179.44218590855598 665.3522357940674 196.5567022562027 1.0
211 2 402.20901131629944 170.33768445253372 451.7185862660408 207.86739885807037 0.9999999
212 1 646.9175419807434 179.52299863100052 670.1587146520615 196.33664935827255 1.0
212 2 405.8354313969612 171.15061730146408 454.19304156303406 208.0824449658394 0.99999905
213 1 653.7183612585068 179.1413314640522 675.553427696228 196.67711108922958 1.0
213 2 408.98610430955887 170.619148761034 460.10636454820633 209.78419482707977 0.9999999
214 1 661.6403492689133 179.97269332408905 683.5623997449875 197.0343366265297 1.0
214 2 413.69597536325455 170.3571416437626 467.97146129608154 210.4252651333809 0.99999964
215 1 672.9259915351868 179.18434739112854 693.5261807441711 196.3459476828575 1.0
215 2 421.43500077724457 171.41378670930862 476.1957466006279 211.59198135137558 0.9999995
216 1 686.7178845405579 177.86641046404839 707.1609102487564 195.0930878520012 1.0
216 2 432.258776307106 170.034471899271 487.6725316643715 211.6704136133194 0.9999999
217 1 700.9840071201324 176.2966364622116 721.3836518526077 193.51762533187866 1.0
217 2 443.25274443626404 168.46482083201408 500.2309169769287 211.81827038526535 0.99999976
218 1 719.6210961341858 175.60002207756042 740.2301688194275 192.892424762249 1.0
218 2 459.0004827976227 167.1987622976303 516.8550472855568 211.05721592903137 0.99999976
219 1 739.1168471574783 174.32625219225883 759.9313502311707 191.51229411363602 1.0
219 2 474.93499624729156 165.84987938404083 533.4686654806137 210.56297421455383 0.9999994
220 1 758.4412951469421 173.162329941988 779.384090423584 190.27894735336304 1.0
220 2 491.3684279322624 164.21011090278625 551.8979921936989 209.7640559077263 0.9999989
221 1 782.8093367815018 170.2507585287094 803.4603098630905 188.3183866739273 0.9999995
221 2 512.9785943627357 163.12259808182716 572.9841445684433 209.97127890586853 0.9999994
222 1 808.9027715921402 170.3128069639206 830.3873108625412 187.4021552503109 1.0
222 2 536.9793782830238 163.020808249712 597.2987743020058 209.342323243618 0.9999833
223 1 836.3141441345215 168.48831251263618 859.9456715583801 186.32584065198898 1.0
223 2 560.0534675717354 158.3862192928791 621.5364139080048 207.99724012613297 0.9999628
224 1 866.6281925439835 167.4978844821453 890.0735371112823 185.78378856182098 1.0
224 2 583.4748637676239 157.55974128842354 645.8359047174454 207.23160356283188 0.9999747
224 5 1.6064341175369918 156.29473328590393 33.73353670164943 212.57255226373672 0.9997092
225 1 894.7463936805725 168.33491250872612 923.566833615303 185.77582016587257 0.99999976
225 2 607.7789813876152 157.00947493314743 673.2902140617371 207.66399800777435 0.999944
226 2 635.2131918668747 156.67469054460526 702.1668419837952 211.06698364019394 0.9999826
227 1 965.8002862930298 168.8673421740532 1010.0764203071594 188.10085952281952 0.9999999
227 2 662.9035795927048 156.3037857413292 732.1615294218063 212.6290574669838 0.9999926
228 1 1007.7011268138885 170.61567306518555 1038.674699306488 189.52643126249313 1.0
228 3 694.0858397483826 156.31187707185745 762.1659886837006 214.20422941446304 0.98458534
229 1 1052.318534374237 167.34682023525238 1081.725653886795 187.81721591949463 1.0
229 2 722.4848327636719 156.24891221523285 797.9172427654266 215.3862789273262 0.85891885
230 1 1096.1785515546799 162.95918449759483 1131.0920197963715 183.60165506601334 1.0
230 2 755.0692756175995 152.78774499893188 832.2954815626144 214.46733176708221 0.9420347
231 1 1146.12560069561 160.22346541285515 1182.4542807340622 180.84171786904335 1.0
231 2 790.3225368261337 150.0658504664898 870.6909023523331 214.3743932247162 0.9998884
232 1 1198.7242194414139 155.88413178920746 1236.6041765213013 177.9629923403263 1.0
232 2 825.2966347932816 146.64026722311974 912.8315227031708 214.537113904953 0.9999995
233 2 863.0177257061005 143.13771575689316 955.0037534236908 215.57461470365524 0.9999608
234 2 907.4023861885071 140.59580862522125 1005.4835150241852 215.01997858285904 0.9999809
235 2 953.6435451507568 137.68280670046806 1058.5547347068787 216.77380800247192 0.9999896
236 2 1004.1464037895203 134.7067505121231 1116.0306780338287 218.0352285504341 0.9999995
237 2 1056.8201619386673 131.38456642627716 1179.2026323080063 221.3405817747116 0.99999034
238 2 1120.1370649337769 124.39537793397903 1240.6255781650543 229.59434241056442 0.9960396
239 3 1187.0821276903152 124.95563551783562 1241.9999259710312 233.0058440566063 0.9999976
243 2 0.0 155.2903912961483 102.16373392939568 211.32022887468338 0.99999154
245 3 22.189068339765072 157.69141539931297 165.25207248330116 216.36305004358292 0.99999905
246 3 50.613064639270306 158.6080938577652 194.46288567781448 217.06169843673706 0.9999809
247 3 77.55667126178741 159.36683490872383 220.21971076726913 217.57538616657257 0.99999917
248 3 104.48978890478611 159.19357538223267 245.50869128108025 217.84555166959763 0.9982079
249 3 129.58520217239857 160.53226590156555 265.65093728899956 218.9219668507576 0.9718908
251 3 163.3290774822235 159.70612317323685 293.526378929615 216.0278856754303 0.8980054
252 2 229.87381008267403 164.71092402935028 319.694620013237 208.99173617362976 0.99725384
253 3 173.7049777507782 147.04539254307747 313.0606990456581 216.02511405944824 0.92209417
253 2 169.4525872170925 147.4459357559681 316.09059369564056 220.31237930059433 0.3267005
254 3 219.46444872021675 154.95644509792328 328.24141252040863 213.53083848953247 0.99944264
255 3 150.7680919021368 152.1478146314621 328.08735823631287 216.97497367858887 0.944587
256 3 176.60872703790665 151.01421251893044 331.17577278614044 217.19415485858917 0.9998772
257 3 684.1308681964874 158.96398946642876 730.162525177002 212.41622418165207 1.0
257 3 168.2476361989975 150.48738196492195 330.7259727716446 216.80431813001633 0.9997924
258 3 155.86754965782166 150.10624006390572 324.138356924057 219.6327969431877 0.9992681
259 3 138.7881874591112 149.36750382184982 320.32619816064835 219.83912587165833 0.9990752
260 3 123.66474464535713 145.69712430238724 315.093978703022 218.44138205051422 0.999926
261 3 106.40156851708889 142.57004857063293 305.7851504981518 219.15073692798615 0.99999857
262 3 86.0253632068634 142.92655885219574 296.12553602457047 221.29438072443008 0.99999976
263 3 64.50169962644577 143.34212243556976 290.8622058928013 223.77238422632217 0.99997485
264 3 45.07275974750519 143.58367770910263 275.50635838508606 228.35491597652435 0.99999976
265 3 22.69345546513796 140.0136798620224 263.5348562300205 227.97513753175735 0.9999999
266 3 1.4098154897801578 133.32773745059967 253.04435911774635 227.77247428894043 0.9999989
267 3 6.320797515101731 123.86844679713249 243.26898184418678 222.90486842393875 0.9999999
269 3 2.1770664704963565 123.46580252051353 221.21614068746567 225.3226563334465 0.9286269
