0 1 886.526291012764 194.8033645749092 1235.747883439064 373.90773743391037 1.0
0 1 293.0692315399647 175.18242448568344 344.0651786327362 196.46649062633514 0.99999976
1 1 875.6412935256958 192.811980843544 1237.7995963096619 374.01100248098373 1.0
1 1 287.42183911800385 173.07556048035622 343.4184245467186 196.20602577924728 0.9999999
2 1 865.267392039299 190.30051678419113 1241.9999259710312 371.9629794359207 1.0
2 1 309.2797805070877 173.74857142567635 342.6551858782768 193.27524304389954 0.99999964
2 1 280.8779743909836 175.44325813651085 326.91607189178467 196.0957646369934 0.9999995
3 1 853.3297766447067 190.34070521593094 1241.9999259710312 373.46329540014267 1.0
3 1 272.42508763074875 179.32499572634697 319.09191316366196 199.4660273194313 1.0
3 1 300.8084605336189 175.93984678387642 337.88557344675064 196.49436324834824 1.0
4 1 838.6716706752777 192.62798130512238 1241.9999259710312 372.96299636363983 1.0
4 1 268.4126064777374 177.455373108387 317.79970049858093 199.9598667025566 1.0
4 1 292.86852049827576 177.75918915867805 329.9846836924553 198.09617847204208 0.9999994
5 1 256.9705965220928 179.12067845463753 312.85104900598526 200.8087858557701 1.0
5 1 838.384808421135 190.09503722190857 1241.9999259710312 373.25817346572876 1.0
5 1 284.95852518081665 177.94976010918617 326.20428335666656 198.25051724910736 0.9999993
6 1 247.1411781013012 178.92088741064072 296.88479563593864 203.18663120269775 1.0
6 1 825.091574549675 189.28485363721848 1241.9999259710312 373.27641248703003 1.0
6 1 277.8775617778301 178.00552770495415 320.30754286050797 200.1686990261078 1.0
7 1 236.28185015916824 180.46357110142708 287.74653017520905 205.15503734350204 1.0
7 1 811.3893306255341 188.60916048288345 1230.1889001131058 373.44300001859665 1.0
7 1 267.76278018951416 180.68775907158852 313.98483967781067 201.48570835590363 1.0
8 1 225.97155806422234 179.51936647295952 280.7165172100067 205.26523143053055 1.0
8 1 803.07617354393 190.92506915330887 1197.967717409134 373.56019020080566 1.0
8 1 252.02881121635437 178.67476120591164 305.59578439593315 202.6725634932518 0.59377944
9 1 215.95784452557564 179.44615334272385 271.67108407616615 205.20977675914764 1.0
9 1 785.809730887413 190.72727859020233 1164.3160729408264 373.9026412367821 1.0
10 1 206.15611293911934 177.72819846868515 264.47076746821404 204.09755408763885 1.0
10 1 234.32302513718605 173.57536777853966 292.37611681222916 200.2854198217392 1.0
10 1 783.2529923915863 190.2644857764244 1126.3378794193268 372.07795679569244 1.0
10 1 928.9438537359238 203.12947779893875 1076.8989651203156 251.45834684371948 0.4669593
11 1 780.0792224407196 184.29098278284073 1101.3832322359085 355.0058752298355 1.0
11 1 230.51058876514435 175.65763369202614 283.07339599728584 198.611319065094 1.0
11 1 193.26765096187592 177.7968294918537 254.86710038781166 205.13545721769333 1.0
12 1 189.43008175492287 177.4214543402195 243.4523145854473 206.09933137893677 1.0
12 1 773.2300622463226 189.66923654079437 1079.9311916828156 356.10151290893555 1.0
13 1 769.8620402812958 187.65516579151154 1059.7910925149918 348.12721610069275 1.0
13 1 169.79071453213692 179.1601963341236 233.87228125333786 209.86175537109375 1.0
13 1 209.7341365814209 177.52600461244583 274.34382596611977 205.24947345256805 1.0
14 1 765.6288417577744 185.43659895658493 1038.8564404249191 342.1357423067093 1.0
14 1 157.7883978188038 179.8515021800995 235.10710296034813 212.7719521522522 1.0
14 1 198.86424100399017 179.53041940927505 268.3387810885906 208.35567265748978 0.9999888
15 1 758.9695658683777 189.70971554517746 1019.8243328332901 336.8360996246338 1.0
15 1 190.4579924941063 179.6443797647953 259.91722708940506 211.06360852718353 1.0
15 1 146.34835888445377 182.32537060976028 218.7993724644184 216.24556928873062 1.0
16 1 755.4104751348495 186.6411231458187 1002.600234746933 328.2429277896881 1.0
16 1 186.23943319916725 181.42760172486305 250.14688378572464 211.8958979845047 1.0
16 1 131.10915327072144 183.46190080046654 211.6218567788601 217.95523166656494 0.99999297
17 1 757.2839262485504 186.00750714540482 990.149302482605 322.13741540908813 1.0
17 1 116.29667839407921 183.7700642645359 198.46007984876633 219.0539538860321 1.0
17 1 176.66661769151688 180.0902746617794 241.38385266065598 212.71075308322906 1.0
18 1 750.9342395067215 183.46889689564705 967.6749218702316 311.17596477270126 1.0
18 1 94.33819641172886 183.60241502523422 191.49889531731606 220.5781638622284 1.0
18 1 162.57611033320427 179.43892255425453 230.4686883687973 213.87369185686111 0.9999907
19 1 747.73648416996 184.8870925605297 956.4353256225586 310.3020563721657 1.0
19 1 77.67013916373253 184.52414497733116 168.2644222676754 221.8686193227768 1.0
19 1 147.21154591441154 181.98413774371147 218.87343844771385 214.71771597862244 1.0
20 1 742.7656610012054 185.41881814599037 941.9309037923813 301.8728345632553 1.0
20 1 58.72317876666784 185.4962557554245 158.83342775702477 224.65424984693527 1.0
20 1 133.80824021995068 182.56084620952606 207.77042564749718 216.29253029823303 1.0
21 1 736.8705121278763 185.40335074067116 929.8342741727829 299.25790429115295 1.0
21 1 33.92500800266862 185.46034768223763 139.69902138412 226.1458933353424 1.0
21 1 119.359006986022 184.18245390057564 194.60707560181618 219.4218412041664 1.0
22 1 733.4021809101105 184.9568746984005 918.7815270423889 295.64619809389114 1.0
22 1 101.39770066738129 184.8207525908947 183.0518198311329 222.23825007677078 1.0
22 1 6.462571087293327 186.56611070036888 120.92258208990097 229.4170930981636 1.0
23 1 729.9201543331146 186.16600334644318 903.6930906772614 289.7966802120209 1.0
23 1 2.344600967131555 188.36695700883865 103.12931227684021 231.0284748673439 0.9999999
23 1 83.88714748620987 184.50237438082695 164.03283387422562 223.664291203022 0.99999285
24 1 727.8682934045792 184.89939719438553 895.5057088136673 285.59374809265137 1.0
24 1 58.384343549609184 183.6286447942257 147.21699629724026 222.32649475336075 1.0
24 1 3.256071367766708 185.97492948174477 77.73326736688614 231.28493875265121 1.0
24 1 1101.0934088230133 233.73334854841232 1241.9999259710312 365.84850400686264 0.9993782
25 1 1074.8459197282791 205.46840876340866 1241.9999259710312 374.44791197776794 1.0
25 1 721.7366219758987 183.8243119418621 883.7774473428726 280.63546121120453 1.0
25 1 2.3047571880742908 184.36231836676598 95.97908551990986 225.40106624364853 1.0
25 1 62.105067282915115 182.46283382177353 130.92412711679935 222.30032086372375 0.9999993
26 1 1044.1095360517502 180.75454607605934 1241.9999259710312 375.0 1.0
26 1 717.22618496418 185.16571819782257 873.7103959321976 276.99921280145645 1.0
26 1 5.148175179027021 181.2383495271206 114.91746318340302 228.6880686879158 1.0
27 1 0.0 182.91403725743294 94.25694036483765 229.65940833091736 1.0
27 1 713.6565821170807 185.18439307808876 863.1876221895218 276.0959565639496 1.0
27 1 1012.7041525840759 179.93377894163132 1241.6910030841827 372.21092730760574 0.99999976
28 1 710.5730534791946 185.6425479054451 852.3026987314224 275.111585855484 1.0
28 1 1.6299527739174664 184.0660683810711 70.37241431325674 230.549655854702 1.0
28 1 999.0773441791534 168.0876575410366 1241.4906066656113 373.4542652964592 1.0
28 2 43.68981070071459 169.89638283848763 109.14365704357624 212.30681240558624 0.9976954
29 1 0.027676028654241236 187.26404383778572 41.06408183276653 230.60522228479385 1.0
29 1 705.7914483547211 186.61661446094513 839.1419767141342 270.7318738102913 1.0
29 1 978.0734750032425 157.27058798074722 1241.6481403112411 372.45670706033707 1.0
30 1 960.3048198223114 158.35966542363167 1239.0909576416016 372.726671397686 1.0
30 1 699.4027483463287 185.7457347214222 832.445316195488 269.3987712264061 1.0
31 1 928.5820741653442 150.44380724430084 1241.9999259710312 371.65313959121704 1.0
31 1 694.7866719961166 185.90839952230453 821.0275322198868 265.7008767127991 1.0
32 1 688.7036375999451 184.65246632695198 809.2101398706436 262.2203752398491 1.0
32 1 918.4893347024918 161.02249547839165 1241.9999259710312 372.4758177995682 1.0
33 1 680.6233756542206 183.7870068848133 797.3256032466888 260.3016346693039 1.0
33 1 902.0053042173386 164.03809189796448 1241.9999259710312 372.4299743771553 1.0
34 1 673.8112299442291 182.4512556195259 787.2303467988968 257.6711028814316 1.0
34 1 877.6102420091629 163.74308243393898 1241.9999259710312 370.47553807497025 1.0
35 1 668.9657378196716 182.82759189605713 777.7541946172714 254.18295711278915 1.0
35 1 851.9421036243439 156.52477741241455 1241.9999259710312 372.3982349038124 1.0
36 1 661.693354010582 183.21308121085167 766.2492045164108 251.70182436704636 1.0
36 1 839.8376269340515 161.53328865766525 1241.9999259710312 372.915543615818 1.0
37 1 654.7479561567307 182.03122168779373 753.8921409845352 250.2214014530182 1.0
37 1 822.2081462144852 161.41704842448235 1241.9999259710312 370.9787428379059 1.0
38 1 648.3446724414825 182.2911500930786 742.411284327507 247.39886820316315 1.0
38 1 801.2645366191864 161.1384004354477 1218.53355717659 372.7605566382408 1.0
39 1 640.4876818656921 183.96040052175522 732.3740665912628 244.8054850101471 1.0
39 1 781.9737718105316 162.91873902082443 1169.3459712266922 372.5837767124176 1.0
39 2 305.4765792489052 171.4775115251541 337.1245926618576 197.19944894313812 0.66763455
40 1 635.4868769645691 183.906689286232 721.747874379158 243.98546665906906 1.0
40 1 772.0528535842896 166.516475379467 1117.7129123210907 373.409204185009 1.0
40 5 224.23559725284576 175.7652461528778 238.44586497545242 197.7023184299469 0.99999964
41 1 628.5730154514313 182.97741562128067 712.146613240242 241.7852059006691 1.0
41 1 750.1750724315643 161.9606427848339 1075.6805963516235 365.47424644231796 1.0
42 1 619.8994483351707 183.94913524389267 702.7252424955368 242.10957437753677 1.0
42 1 735.0369626283646 170.84728181362152 1031.2777987718582 364.9725839495659 1.0
43 1 720.1096873283386 167.96036437153816 996.1281781196594 354.6438217163086 1.0
43 1 613.2060821056366 184.15415659546852 694.7199718952179 240.99265784025192 1.0
44 1 608.4812942147255 183.39210748672485 684.9101711511612 239.8068755865097 1.0
44 1 702.7182837724686 164.6411530673504 966.780799984932 339.9931713938713 1.0
45 1 691.9240458011627 171.52779176831245 934.317542552948 336.9101732969284 1.0
45 1 600.3847458958626 183.14818292856216 677.7181087732315 238.06951940059662 1.0
46 1 680.126049041748 171.549741178751 899.582113981247 327.42829620838165 1.0
46 1 596.4565097093582 184.21287462115288 670.0741735696793 236.87030375003815 1.0
47 1 671.5058938264847 167.83779859542847 882.9255219697952 318.16917657852173 1.0
47 1 591.5162234902382 184.6291534602642 661.5182014703751 237.19317466020584 1.0
48 1 657.8329653739929 171.37573286890984 855.98386323452 318.0553615093231 1.0
48 1 584.5750082731247 186.1577443778515 655.2754865884781 239.03632164001465 1.0
49 1 651.3333699703217 172.4969744682312 836.4336268901825 311.96189671754837 1.0
49 1 580.9260833859444 184.1069497168064 649.2970551252365 235.66411435604095 1.0
49 1 281.8796048462391 180.8125488460064 313.09456729888916 198.77039641141891 0.9999963
49 1 248.88981637358665 179.44732680916786 283.9063514471054 200.75833797454834 0.9999838
49 5 146.05383463203907 175.8236512541771 160.9884850680828 203.0363380908966 0.9990108
50 1 640.939036488533 169.22636702656746 818.9792246818542 302.9315918684006 1.0
50 1 577.8438132405281 182.01730772852898 643.3116649389267 230.83678632974625 1.0
51 1 633.6680592298508 167.33790189027786 797.9662499427795 297.48525470495224 1.0
51 1 572.8246861696243 179.24971505999565 638.3942906856537 228.89453172683716 1.0
51 1 260.6870913505554 177.16579511761665 308.77016508579254 196.9301551580429 0.8807534
52 1 627.0130029916763 165.8884473145008 784.606241941452 289.75921869277954 1.0
52 1 570.8026219010353 178.1015284359455 632.4188203811646 226.55222564935684 1.0
52 1 248.58265167474747 176.73973739147186 305.09116593003273 195.32952457666397 0.9999975
53 1 618.3019772171974 169.84276100993156 769.8966118097305 288.67272287607193 1.0
53 1 566.4272507429123 178.0080981552601 627.2984586954117 224.30795431137085 1.0
54 1 611.632041156292 169.85825076699257 756.8917207717896 284.66644138097763 1.0
54 1 563.4583559632301 180.27598410844803 624.3735001087189 226.65683180093765 1.0
55 1 604.7886922359467 170.37391662597656 744.0257080793381 280.51934391260147 1.0
55 1 559.8393017649651 181.68634548783302 619.0514835119247 228.1240001320839 1.0
56 1 558.0295525789261 182.99317359924316 612.6264722943306 227.87616401910782 1.0
56 1 239.28235530853271 182.46057629585266 281.92028376460075 201.82181149721146 1.0
56 1 602.0139384269714 171.19091749191284 732.8765752315521 277.6038721203804 1.0
57 1 555.5710505247116 183.64208936691284 610.2816787362099 228.03937643766403 1.0
57 1 234.39361175894737 183.31342935562134 279.1313163936138 203.1519189476967 1.0
57 1 594.6048231124878 172.3395623266697 719.2924815416336 277.06441283226013 1.0
58 1 594.5903134346008 170.50911113619804 712.5750188827515 272.060863673687 1.0
58 1 553.4045557379723 182.69037455320358 608.5880069732666 226.71237587928772 1.0
58 1 229.92226204276085 181.43076449632645 274.2796428501606 202.31357216835022 0.99999976
59 1 590.4093053340912 172.5889965891838 705.4449187517166 268.66214722394943 1.0
59 1 223.73788198828697 181.9346845149994 270.7094292640686 202.7566060423851 1.0
59 1 552.713199198246 182.14386329054832 603.5498914718628 224.52525794506073 1.0
60 1 585.1074986457825 172.9353591799736 695.7984999418259 265.9241259098053 1.0
60 1 220.13883411884308 180.8144375681877 269.2764690220356 202.80242711305618 1.0
60 1 553.4936125874519 182.55678936839104 602.6666148304939 223.96688908338547 1.0
61 1 584.5803753733635 173.83049055933952 688.9366807937622 265.3200924396515 1.0
61 1 552.9077473282814 183.2760125398636 606.8097200989723 224.12489354610443 1.0
61 1 214.594471514225 180.83634227514267 263.6670164465904 203.10638844966888 1.0
61 2 366.3882810473442 169.65733096003532 393.0415969491005 192.73006170988083 0.99999964
62 1 579.7547970414162 174.41246286034584 682.7404561042786 264.4428312778473 1.0
62 1 550.9095203876495 183.46958979964256 601.5376360416412 225.35359114408493 1.0
62 1 209.40794643759727 180.10535091161728 259.77022406458855 202.00708508491516 1.0
63 1 577.255430996418 172.72644862532616 675.0028742551804 260.6618106365204 1.0
63 1 550.171858727932 182.82397091388702 605.6979900598526 222.34658896923065 1.0
63 1 200.94891527295113 178.93951758742332 253.76688185334206 202.3555487394333 0.99999976
64 1 575.0713913440704 174.1482987999916 668.5246732234955 258.36823135614395 1.0
64 1 190.29207506775856 179.0991872549057 246.46457183361053 203.24740558862686 1.0
64 1 547.8728520870209 181.18442595005035 607.0551261305809 222.84123301506042 0.99999905
64 2 359.8554096221924 168.028324842453 389.5820011496544 191.33231788873672 0.99993527
65 1 567.8634867668152 174.88638684153557 662.9864180088043 257.205605506897 1.0
65 1 181.5184207856655 182.4326142668724 238.82419002056122 206.69198781251907 1.0
65 1 545.5432714819908 183.4767535328865 591.0813773274422 224.3257239460945 1.0
65 2 354.809484064579 170.3190878033638 383.79356503486633 195.6527978181839 0.99999976
66 1 566.5337044000626 180.40074035525322 656.27843105793 258.69691371917725 1.0
66 1 545.6104897856712 187.50151991844177 595.8903731703758 226.41348838806152 1.0
66 1 174.5770760178566 185.8433224260807 232.86206343770027 211.14148199558258 1.0
66 1 348.49166679382324 175.1989759504795 383.04705691337585 199.10084456205368 0.9999484
66 6 749.068487405777 151.78396180272102 1022.9145240783691 245.12507021427155 0.8603619
67 1 565.6565351486206 181.17302656173706 648.6933488845825 258.0984905362129 1.0
67 1 543.6718931794167 189.57368284463882 591.1397491693497 226.66621953248978 1.0
67 1 163.871672809124 187.22088262438774 225.2152411043644 212.8937914967537 1.0
67 3 0.08591562465880997 175.08495971560478 93.87231360375881 226.88312083482742 0.99082315
67 3 341.1490294933319 175.87677016854286 383.7220530509949 203.3635452389717 0.88041645
68 1 562.8690483570099 179.30986359715462 645.4020949602127 253.13814729452133 1.0
68 1 543.8383473157883 188.15602362155914 586.274343252182 223.6231192946434 1.0
68 1 154.1223907470703 184.12716686725616 215.85986718535423 211.10431104898453 1.0
68 1 51.23866032063961 187.11353838443756 136.56509752571583 221.92009538412094 0.9999995
68 1 336.14818757772446 174.1531826555729 370.01055550575256 198.47110658884048 0.9999994
69 1 556.3887745141983 174.58593472838402 638.8447569608688 250.20716339349747 1.0
69 1 141.74356269836426 179.54856902360916 209.63327211141586 208.61461758613586 1.0
69 1 541.2964516282082 181.31382018327713 593.5347343683243 220.36763280630112 1.0
69 1 36.786671821027994 184.28587540984154 125.29380762577057 217.77686476707458 1.0
69 1 329.4668880701065 167.71604865789413 371.24691331386566 194.56011056900024 0.87052345
70 1 554.4119419455528 171.44959419965744 635.6833498477936 245.5873265862465 1.0
70 1 541.0604102611542 181.09377846121788 589.6095333695412 216.77816659212112 1.0
70 1 14.978956773877144 179.15074154734612 111.00210803747177 214.8735523223877 1.0
70 1 131.43141062557697 174.91716518998146 201.85262390971184 205.00029623508453 1.0
70 2 321.8957603573799 168.31254959106445 363.7610669732094 192.36396253108978 0.9949142
71 1 553.0470328330994 172.16966673731804 630.7401394844055 245.46390026807785 1.0
71 1 5.371505540795624 180.53078278899193 96.54009555280209 219.136543571949 1.0
71 1 119.18092104792595 175.5819395184517 191.624577999115 205.4426148533821 1.0
71 1 542.0420343875885 180.8604821562767 585.8415328860283 217.22111105918884 1.0
71 2 314.1339340209961 166.8122112751007 353.0291613936424 194.27036494016647 0.9999982
72 1 552.4888173937798 174.8977079987526 628.7933996915817 245.90742588043213 1.0
72 1 0.6958469316596165 180.90126290917397 79.6053859591484 219.4150686264038 1.0
72 1 103.41747003793716 177.7108982205391 182.8740392625332 207.19736069440842 0.9999999
73 1 551.5844054818153 176.32070928812027 625.2968634366989 245.72691321372986 1.0
73 1 103.80134725570679 178.6956489086151 175.7571162879467 210.37019044160843 1.0
73 1 1.1352035840973258 180.69256469607353 61.038758642971516 222.4281057715416 0.99999964
73 2 296.9115015864372 165.5522994697094 341.7144257426262 198.2211023569107 0.99998605
74 1 550.2170534133911 177.05412581562996 622.012716293335 245.92425674200058 1.0
74 1 75.66889554262161 179.18497323989868 164.2481101155281 211.8110954761505 1.0
74 2 284.4625310897827 166.18051752448082 334.5090381503105 199.98545944690704 0.9999999
75 1 549.9417766928673 176.2222722172737 620.6582822799683 244.05717104673386 1.0
75 1 66.34184233099222 178.09275537729263 156.35447520017624 211.4948406815529 1.0
75 1 540.9184226989746 180.80460280179977 587.073745071888 216.61490947008133 1.0
75 2 274.9524181187153 163.84664922952652 326.2917485833168 200.59405267238617 0.99997103
76 1 550.1345111131668 175.53608492016792 621.6148105859756 241.82742834091187 1.0
76 1 50.795601569116116 177.79942229390144 146.43813751637936 212.4563679099083 1.0
76 1 541.486113846302 183.13362076878548 586.5677200555801 218.8546434044838 1.0
76 2 262.33543887734413 162.38922625780106 316.9997804760933 202.29510962963104 0.9986865
76 3 848.91883456707 41.81613028049469 1241.9999259710312 340.67878872156143 0.9975617
77 1 35.153192549943924 176.71841382980347 133.98026503622532 213.10248970985413 1.0
77 1 549.9275631308556 176.60418525338173 618.6613508462906 241.51166528463364 1.0
77 2 249.01176059246063 160.27944535017014 311.45556592941284 201.01672410964966 0.9999913
77 2 872.8767557144165 82.15200528502464 1241.9999259710312 329.97147738933563 0.9693955
78 1 18.69777426123619 176.6146458685398 125.61455664038658 215.15201032161713 1.0
78 1 549.883700966835 179.94602769613266 617.1489760279655 240.8246397972107 1.0
78 1 564.7045226097107 179.29640784859657 612.0524886846542 217.70406514406204 0.99999785
78 2 236.12951704859734 160.83267331123352 299.60300981998444 202.61342078447342 0.9995765
78 3 917.8008652925491 51.22359283268452 1241.9999259710312 353.4698858857155 0.9631793
79 1 1.008745550061576 175.66801607608795 114.52310161292553 214.6010845899582 1.0
79 1 552.6736307144165 180.7856373488903 617.4399468898773 238.96783590316772 1.0
79 2 219.32980853319168 156.95567429065704 288.768740683794 203.00227403640747 0.9999999
79 1 557.8888605237007 178.09932678937912 614.7438118457794 217.78779476881027 0.99999845
79 2 1011.2882745265961 83.78469944000244 1241.9999259710312 308.2330897450447 0.9992495
80 1 0.0 174.4496338069439 96.25534312427044 216.0000130534172 1.0
80 1 549.5676342844963 177.27899551391602 617.414814054966 238.44856023788452 1.0
80 2 199.86507564783096 156.86532855033875 274.1146322786808 204.16445285081863 0.9999993
81 1 550.6547867059708 174.30603504180908 618.2464184761047 235.77763885259628 1.0
81 1 0.0 172.5170910358429 85.26690866053104 215.21180123090744 1.0
81 2 177.6562184393406 154.01193872094154 260.44033429026604 206.8251371383667 0.99999964
82 1 555.4710744023323 176.38063430786133 617.8776431679726 238.93645405769348 1.0
82 1 1.4232851474080235 173.69810119271278 72.6989458501339 215.04081040620804 1.0
82 2 150.3206608146429 153.26761454343796 243.0598685145378 207.22007006406784 0.9999999
82 1 335.220863699913 171.4651733636856 362.3363424539566 189.2431452870369 0.4741273
83 1 556.307601749897 179.16424199938774 618.8306550979614 238.948255777359 1.0
83 1 2.1627670233137906 171.56504094600677 56.78090847283602 217.1654775738716 1.0
83 2 122.33303752541542 151.95904299616814 225.30894327163696 208.41584354639053 0.9999987
84 1 558.7750613093376 176.05507001280785 619.7837040424347 237.60589957237244 1.0
84 2 84.34409129619598 149.60886910557747 198.9852043390274 213.96826207637787 0.99999964
84 1 1.4585340698249638 168.41497644782066 41.977118119597435 219.19729560613632 0.9999993
85 1 558.0457649230957 174.90221187472343 620.0298873782158 235.16812920570374 1.0
85 2 41.41631166636944 143.61996576189995 173.51004096865654 213.83529156446457 1.0
85 1 0.5304220437537879 168.16503927111626 18.180172964930534 215.81368893384933 0.9740918
86 1 558.1249759197235 174.11942034959793 619.0009587407112 231.74386471509933 1.0
86 2 0.16203602027962916 141.60511270165443 143.44658061861992 219.30710971355438 0.9999995
87 1 559.0676237940788 173.72696846723557 619.2744217514992 231.61324113607407 1.0
87 2 0.0 140.9217305481434 110.12179255485535 222.19374775886536 0.99999666
87 5 410.4053136706352 149.7712880373001 432.79841047525406 195.85711508989334 0.67434883
88 1 560.4221318364143 175.22510513663292 619.4188522696495 231.0989499092102 1.0
88 3 0.10232285514939576 138.6551521718502 55.41422266513109 222.90797531604767 0.9999639
89 1 562.0388504862785 174.17442798614502 619.6139186024666 230.26353120803833 1.0
90 1 560.536654651165 174.39720779657364 619.0310885310173 230.2277907729149 1.0
91 1 562.1020342111588 175.30514672398567 620.1540339589119 228.593610227108 1.0
92 1 563.7127195000648 175.3338687121868 619.3761005401611 228.41233760118484 1.0
93 1 563.7032067775726 174.43018779158592 617.9700683355331 227.25297510623932 1.0
94 1 564.3625087738037 175.73605477809906 618.3644206523895 226.32066160440445 1.0
94 1 301.09902423620224 171.45246639847755 340.2239634990692 191.1478266119957 0.9997211
95 1 563.6432803273201 174.8010478913784 617.9614809751511 225.69762915372849 1.0
96 1 563.8661075234413 172.33482375741005 617.5562834143639 224.2639884352684 1.0
97 1 565.1534712910652 170.99469155073166 616.9368830323219 221.716471016407 1.0
98 1 565.8540814518929 171.54793068766594 617.3807237148285 222.51668572425842 1.0
98 1 279.9095274209976 168.43470185995102 319.55822163820267 187.64470517635345 0.9999964
99 1 566.8501412272453 172.0423512160778 618.2936859726906 223.44886511564255 1.0
99 1 268.26034739613533 170.87837308645248 315.43443793058395 191.44738465547562 1.0
99 3 845.3039259910583 65.96595793962479 1047.1844033002853 191.99401885271072 0.9148899
100 1 567.7067304253578 176.65164917707443 617.9132511019707 226.32428258657455 1.0
101 1 569.3346274495125 177.24312096834183 618.5129227638245 225.70133954286575 1.0
101 1 255.44454485177994 174.06412214040756 303.81139013171196 194.74969804286957 1.0
102 1 567.1754615306854 177.47358977794647 618.3304413557053 225.99104046821594 1.0
102 1 248.26371636986732 172.79541492462158 297.7698859870434 195.8836019039154 0.99999976
103 1 569.0406584143639 178.46914753317833 619.0323470234871 227.12427377700806 1.0
103 1 238.05689826607704 177.6735931634903 294.23979610204697 199.8881846666336 1.0
104 1 572.8949766755104 178.05656790733337 619.3556315302849 225.45891255140305 1.0
104 1 231.29301944375038 177.16395109891891 285.94055646657944 202.38333195447922 1.0
105 1 220.99544182419777 177.80735716223717 276.43146139383316 200.60017704963684 1.0
105 1 267.5512053966522 177.864208817482 312.4030997157097 199.2972046136856 1.0
105 1 571.1904596686363 178.03645133972168 618.1162755489349 224.10140186548233 1.0
105 1 300.3287528157234 176.83172598481178 339.4308911561966 195.68319618701935 1.0
106 1 570.6149584650993 177.22470313310623 619.4340282082558 221.98699414730072 1.0
106 1 296.62262204289436 176.1622130870819 333.3827614188194 195.61415165662766 0.99999785
107 1 573.9447074532509 177.17138305306435 619.4665639400482 221.30008041858673 1.0
107 1 287.6060602068901 177.41680517792702 329.436721265316 196.31588459014893 1.0
107 1 254.4514462351799 176.4017902314663 300.95339074730873 199.15249943733215 0.99999964
108 1 188.83849775791168 176.75743997097015 251.93296220898628 201.69060677289963 1.0
108 1 242.42729097604752 177.90815234184265 292.8099635839462 200.3542184829712 1.0
108 1 573.4462704062462 177.25137993693352 618.2816562652588 221.1378738284111 1.0
108 1 282.27573385834694 176.78429558873177 324.6064420938492 196.62094116210938 1.0
109 1 574.6450214982033 176.6747497022152 618.050648868084 220.9867313504219 1.0
109 1 273.2492336332798 175.8759319782257 318.20241808891296 196.6690868139267 1.0
109 1 174.65247452259064 176.79931595921516 243.3958119750023 204.5140117406845 0.9999999
110 1 163.59097346663475 176.8227405846119 232.0122849047184 204.787977039814 1.0
110 1 576.3070828914642 176.52923986315727 618.8401308059692 219.73751485347748 1.0
110 1 267.56597417593 175.05325376987457 312.2052572965622 196.91625237464905 1.0
111 1 213.88658800721169 178.06141823530197 270.10000428557396 203.4584954380989 1.0
111 1 575.5792670845985 177.74584516882896 619.3182469010353 220.05732357501984 1.0
111 1 148.53847816586494 178.52704972028732 221.88403004407883 206.12749457359314 1.0
111 1 260.2027013003826 178.4474216401577 308.0012446939945 200.2095803618431 1.0
112 1 576.32695966959 178.2797835767269 618.744263291359 220.24206072092056 1.0
112 1 136.05629642307758 177.56841704249382 212.592580139637 207.23231881856918 0.9999995
112 1 251.43898540735245 179.72570657730103 296.9864744246006 200.07287710905075 0.9999993
112 1 201.74648487567902 180.29814586043358 262.0661955177784 204.69152927398682 0.9999944
113 1 578.0150052309036 180.6136518716812 619.8442967534065 221.448116004467 1.0
113 1 123.10347551107407 179.87990006804466 201.5465511381626 211.30384504795074 1.0
113 1 248.37039211392403 180.217657238245 292.45057144761086 201.35314017534256 0.9999999
113 1 191.7495018839836 181.7234829068184 252.05796012282372 206.98906481266022 0.9998024
114 1 577.3855369091034 182.97464400529861 619.0605520606041 221.62165492773056 1.0
114 1 101.98311249911785 181.19926750659943 185.365706294775 213.27030658721924 1.0
114 1 235.63587337732315 179.89153414964676 286.164512604475 203.2369002699852 1.0
114 1 176.84473139047623 181.8527653813362 242.83718937635422 209.20979976654053 0.9999919
115 1 579.2471063733101 183.08187648653984 619.963187277317 221.40374779701233 1.0
115 1 84.40223179757595 179.8318549990654 172.00183027982712 213.2837399840355 1.0
115 1 227.86227643489838 179.1568212211132 280.6828710436821 202.86760479211807 0.99999726
116 1 213.5364124774933 177.11186036467552 274.8035643696785 203.45096290111542 1.0
116 1 148.19749148190022 179.50157448649406 226.95247891545296 208.15631747245789 1.0
116 1 64.4384742602706 178.0858039855957 156.71668043732643 212.07857877016068 1.0
116 1 579.241073012352 180.52837997674942 619.1891773939133 220.22037953138351 1.0
117 1 579.2719801068306 178.978331387043 619.7596076130867 216.11735969781876 1.0
117 1 128.94973750412464 174.81395602226257 212.4194819033146 205.4443135857582 1.0
117 2 203.0887226164341 172.10127040743828 266.7525808811188 201.93254202604294 0.98126066
118 1 580.0559839010239 177.40681394934654 619.0675477981567 215.46173840761185 1.0
118 1 120.43954306840897 175.80496519804 199.59797912836075 206.86838775873184 1.0
118 1 19.141425244510174 176.56786367297173 121.0261301100254 211.95539832115173 1.0
119 1 580.4966413378716 179.4147714972496 619.2344090938568 216.83145314455032 1.0
119 1 1.0373491435311735 177.30781808495522 100.63276858627796 214.96090292930603 1.0
119 1 98.45918552577496 178.69295552372932 187.485525816679 212.61781454086304 1.0
120 1 580.6088692545891 180.47405406832695 620.193380355835 219.1316932439804 1.0
120 1 2.599207411520183 182.6823502779007 78.11645981669426 220.58522701263428 1.0
120 1 75.32839004695415 179.45944145321846 180.0458365380764 214.9185910820961 0.99999774
121 1 581.5756135582924 180.31960353255272 620.2337631583214 219.1900759935379 1.0
121 1 155.9844969213009 183.04022401571274 221.84373977780342 212.0925709605217 1.0
121 1 0.509780649037566 181.33194744586945 65.95979733020067 223.00370782613754 0.98959106
122 1 581.1025314331055 179.6269677579403 620.1925290226936 217.6450788974762 1.0
122 1 136.62505173683167 182.27525800466537 208.86899703741074 213.11822533607483 1.0
122 1 46.65437941253185 181.24741315841675 141.17736138403416 211.1719474196434 0.9998517
122 2 0.0 173.66889864206314 32.4981389567256 225.59840977191925 0.74129134
123 1 581.5625104308128 179.403617978096 620.1753543019295 216.21213108301163 1.0
123 1 116.85844722390175 180.70339411497116 197.31096518039703 212.60002255439758 1.0
123 1 12.70108656026423 180.2479550242424 120.6759360730648 217.79854595661163 0.9999925
124 1 580.1490013003349 178.7146031856537 619.0993802547455 215.09883552789688 1.0
124 1 96.16822953522205 180.20249158143997 183.67967802286148 213.65585178136826 1.0
124 1 0.0 178.01910638809204 103.58427581191063 219.05719488859177 1.0
124 1 360.52929532527924 178.78513410687447 388.832124710083 195.60760259628296 0.8616376
125 1 580.938187122345 181.57221749424934 618.3252963423729 217.94448047876358 1.0
125 1 2.557110375724733 179.036445915699 76.85506633669138 222.5598469376564 1.0
125 1 73.44085492193699 181.99381604790688 168.90790057182312 215.0944098830223 1.0
126 1 580.7893888950348 183.27297270298004 618.7193895578384 217.229425907135 1.0
126 1 51.867735363543034 182.08733573555946 155.39604064822197 217.69626438617706 1.0
126 1 0.0 176.4262653887272 52.44901545345783 221.73991799354553 1.0
126 1 351.12680196762085 180.93804270029068 386.96355950832367 198.7769678235054 1.0
127 1 581.8795024752617 181.63444474339485 619.0671776533127 214.77223187685013 1.0
127 1 28.917746387422085 181.00254982709885 131.86266638338566 218.90048682689667 1.0
128 1 581.6933936476707 180.03720045089722 619.0394167900085 213.24563026428223 1.0
128 1 4.475442997645587 180.65772950649261 120.5001080185175 219.98582035303116 0.92875
129 1 581.9799968004227 177.8475008904934 621.236226439476 213.38937431573868 1.0
129 1 0.0 177.16587334871292 95.07885624468327 219.2479446530342 0.9999541
130 1 582.500124335289 177.25078761577606 621.9044859409332 213.84186297655106 1.0
130 1 1.7794897004496306 180.09261041879654 70.62190119177103 220.01657634973526 1.0
131 1 583.8974581360817 176.41079798340797 622.0082745552063 212.27719634771347 1.0
131 1 0.0 178.5755194723606 46.23393651098013 221.0024669766426 0.9999999
132 1 584.6327138543129 177.70833894610405 622.1863142251968 212.14503049850464 1.0
133 1 585.6362135410309 176.78038403391838 623.1837065219879 212.16456592082977 1.0
134 1 585.7831980586052 176.30059272050858 624.8999201059341 211.2831473350525 1.0
134 1 313.94045931100845 177.80760303139687 349.56712263822556 196.48969173431396 0.9998876
135 1 587.0049721598625 174.63840544223785 625.8721425533295 210.21057665348053 1.0
135 1 308.70590794086456 176.79567262530327 345.05979484319687 196.50133699178696 1.0
136 1 587.8363544940948 173.79112914204597 625.7785699367523 209.02061462402344 1.0
136 1 301.2972182929516 173.3568012714386 339.66082513332367 194.44189220666885 1.0
137 1 588.971033513546 171.928983181715 625.5438240766525 206.92958682775497 1.0
138 1 588.8512176275253 169.7947382926941 625.4657235145569 204.54753935337067 1.0
138 1 289.1395888030529 171.38927802443504 328.56961995363235 191.77993386983871 1.0
139 1 587.8141087889671 175.54201930761337 626.3505177497864 210.21055430173874 1.0
139 1 281.1107214689255 175.68537220358849 322.8093888759613 197.5487396121025 1.0
140 1 588.391793847084 180.52776530385017 624.999859213829 215.1855155825615 1.0
140 1 272.11176002025604 179.96250092983246 315.4560914039612 202.27649062871933 1.0
141 1 587.4001387953758 181.28523230552673 625.5538920164108 214.94796127080917 1.0
141 1 261.2189894914627 180.52584305405617 307.50832280516624 204.6101912856102 0.9999025
142 1 587.5402016043663 179.69153076410294 625.2101755142212 213.2195234298706 1.0
142 1 251.29616501927376 178.8019984960556 289.9083611369133 202.67600566148758 0.9811767
143 1 587.7377479076385 178.25856059789658 624.3924515247345 212.65659481287003 1.0
