0 4 477.71004617214203 142.9552473127842 560.6785681843758 347.01309353113174 0.9964224
0 4 382.5152328014374 151.32521465420723 500.5039728283882 372.56866693496704 0.9834381
0 4 531.3247125148773 141.06838032603264 549.1405611634254 195.72166353464127 0.869153
0 4 492.8804326057434 146.75315469503403 510.5364897251129 209.68280732631683 0.8259732
0 4 552.679886162281 148.73194321990013 567.7561817765236 195.29273360967636 0.46475974
1 4 397.60914731025696 149.47214350104332 509.41765290498734 371.8807250261307 0.99681866
1 4 486.94371646642685 140.69535210728645 566.1672239899635 345.66181898117065 0.9965463
1 4 493.1848767399788 146.4078426361084 510.6156266927719 204.53987270593643 0.8974947
1 4 551.1118785738945 148.6963927745819 567.4905658364296 195.34564018249512 0.51538426
2 4 414.3006069660187 155.90163320302963 507.2155131697655 365.51662534475327 0.9952409
2 4 511.76585179567337 141.4637379348278 577.6615539193153 341.85437858104706 0.9895291
2 4 490.21087396144867 149.20640364289284 509.6026883125305 202.99125462770462 0.9707972
2 4 549.1600677967072 144.47234943509102 569.920492708683 198.53442907333374 0.95987767
3 4 438.00064820051193 147.8644162416458 521.7799354791641 375.0 0.9966978
3 4 518.4343072772026 138.3129470050335 599.7530196905136 356.52583837509155 0.9637002
4 4 524.5511358976364 139.0589252114296 611.283364713192 360.2631837129593 0.97017753
4 4 445.4656924009323 141.75286889076233 545.015704035759 373.9240765571594 0.9398768
4 4 475.72725427150726 129.32489812374115 564.7589339017868 366.31715297698975 0.50486344
5 4 523.2420076131821 141.14323630928993 617.9697722196579 362.9942089319229 0.9962502
5 4 521.1825217008591 144.73380893468857 543.384586751461 196.03706896305084 0.92549324
6 4 552.7957785129547 138.19414749741554 628.8627648353577 363.8645187020302 0.97192705
6 4 457.57820123434067 142.60652661323547 582.6178303956985 373.3295425772667 0.88026327
6 4 532.9470943808556 140.44411852955818 548.3938679695129 197.81271368265152 0.8539662
7 4 497.99724090099335 147.16021344065666 516.4633600115776 204.95764911174774 0.9682556
7 4 569.7542606592178 136.75543293356895 640.5423152446747 358.9402958750725 0.94438845
7 4 482.0280818939209 147.28568494319916 589.0365861654282 375.0 0.9294157
8 4 502.4371653199196 147.19505980610847 522.7611894607544 206.33449405431747 0.99391705
8 4 529.4181334376335 137.09962740540504 547.8307666182518 197.51474261283875 0.99353194
8 4 219.92779603600502 140.15181362628937 281.81351548433304 311.1649453639984 0.992547
8 4 587.3358816504478 136.44573837518692 648.9540048837662 361.2912744283676 0.9893695
8 4 515.3668059110641 148.6310139298439 589.9763839244843 374.59152191877365 0.98172253
8 4 553.1292790174484 145.81827074289322 572.1256676316261 195.65246254205704 0.95977825
8 4 577.3961230516434 148.98458495736122 591.2858823537827 196.27779722213745 0.5131141
9 4 525.6346608996391 142.0956440269947 544.3227928876877 201.31102949380875 0.9955836
9 4 217.8681990802288 145.17217129468918 301.89664936065674 325.68318396806717 0.9882023
9 4 589.6587626338005 137.69542425870895 679.8935240507126 373.28796833753586 0.9872235
9 4 503.19096529483795 144.8829062283039 523.6938804388046 206.27953112125397 0.95527476
9 4 575.2563527226448 147.14519307017326 592.2707267403603 196.18579745292664 0.9304626
9 4 522.3841969370842 152.98426151275635 613.675462782383 375.0 0.89301884
10 4 586.9391233921051 136.70092821121216 691.7677706480026 371.64757400751114 0.99598736
10 4 525.99199873209 142.06493273377419 544.8809342980385 198.52517545223236 0.99505144
10 4 508.3266139626503 144.78303864598274 525.9326274991035 206.85913413763046 0.991351
10 4 551.3273769021034 145.7187719643116 569.206520318985 206.60461485385895 0.98308164
10 4 230.17383098602295 139.75770771503448 306.45303985476494 328.5530135035515 0.9759305
10 4 540.6085374355316 152.36244723200798 635.2824829816818 372.294545173645 0.6658165
11 4 551.2525336146355 148.3338251709938 568.1504230499268 196.238212287426 0.9949485
11 4 603.3534185886383 141.7967565357685 705.3825123310089 372.84260988235474 0.9947674
11 4 526.8142384886742 142.05323159694672 544.7708162069321 199.1264373064041 0.9947306
11 4 506.7271440625191 144.8870748281479 526.2542093396187 205.29980957508087 0.99099594
11 4 579.292375087738 145.29310539364815 596.7983384728432 202.43704319000244 0.9765521
11 4 521.190183699131 152.72006392478943 641.9305064678192 374.585397541523 0.93978256
11 4 247.20478749275208 141.11386612057686 319.0980945825577 323.86578619480133 0.92919636
12 4 532.9533868432045 154.53055500984192 660.2261738777161 374.7005984187126 0.9955641
12 4 511.29939526319504 145.3448385000229 530.5233119130135 203.23707908391953 0.9888343
12 4 551.3223429322243 148.21522682905197 567.3345497846603 196.68830931186676 0.9847125
12 4 523.4519907832146 140.4661014676094 540.6809747815132 200.93831419944763 0.97079945
12 4 624.4986830949783 138.9961615204811 714.533233165741 371.7028945684433 0.9614336
12 4 224.5269382596016 125.61874464154243 282.9383301436901 312.1359050273895 0.94838184
12 5 479.0509328842163 139.08885419368744 508.28389924764633 191.7087882757187 0.83841026
13 4 551.0534327030182 147.23078906536102 567.0147076249123 197.87520915269852 0.9913173
13 4 566.7749648094177 154.18215841054916 673.7024813890457 372.4009841680527 0.98553455
13 4 512.9021594524384 145.7788534462452 528.5935987830162 207.2681039571762 0.9803782
13 4 265.5715042054653 136.36836782097816 349.7940584421158 333.8089808821678 0.97905904
13 4 522.3778304457664 141.23458787798882 539.6700721979141 199.94549453258514 0.97460824
13 4 636.4578409194946 148.77113699913025 721.0441550016403 371.6108500957489 0.9663077
13 5 479.8786137700081 141.2447914481163 504.51045763492584 192.01310724020004 0.81831187
13 4 579.3216535449028 149.89427849650383 595.2694922089577 195.28598338365555 0.7264573
13 4 228.33846777677536 131.64233788847923 297.5830183625221 332.9714387655258 0.7081522
13 4 598.4211645126343 157.95065090060234 703.9410942792892 363.2245659828186 0.39143437
14 4 513.0941905975342 143.96707713603973 533.0026161074638 205.2217796444893 0.963753
14 4 518.8487954735756 143.37553828954697 537.0933458805084 198.2298418879509 0.9617958
14 4 225.30944296717644 125.10406225919724 298.1884827911854 342.2627002000809 0.85759723
14 4 578.7556280493736 146.42970263957977 594.2244252562523 198.1290578842163 0.8512725
14 5 476.9530999660492 143.01148429512978 504.38175827264786 192.1759843826294 0.83149695
14 4 645.2152458429337 143.19365099072456 734.087170958519 370.5512434244156 0.8071762
14 5 258.7804382443428 132.75043666362762 417.8019921183586 314.25610184669495 0.7016707
14 4 550.026095688343 147.26591482758522 565.7770913243294 198.42448085546494 0.6609431
14 4 596.9455450773239 140.91044291853905 690.5426652431488 370.3906238079071 0.58791554
15 4 550.5523676276207 148.55539798736572 566.6233164668083 197.75453209877014 0.9836272
15 4 516.4576967954636 142.8564302623272 535.8872289061546 207.60735869407654 0.965864
15 4 658.2949801683426 134.2076137661934 746.8220043182373 374.72404539585114 0.9432568
15 5 475.1486068367958 143.55487748980522 502.1145100593567 191.71008467674255 0.9416448
15 4 222.015301913023 125.7907971739769 316.54653811454773 343.08452904224396 0.9267826
15 4 580.2452759742737 146.00319787859917 596.0089675784111 197.66467809677124 0.85287863
15 5 269.00448659062386 128.7379190325737 425.73911905288696 322.1588283777237 0.72518647
16 4 315.6091833114624 140.13972133398056 388.51972246170044 329.13677394390106 0.9943362
16 4 515.2161939740181 144.71778273582458 537.0786881446838 211.29532903432846 0.9931838
16 4 581.6062615513802 148.5622376203537 596.6042345166206 196.82083278894424 0.99281645
16 4 550.8540356755257 148.45827966928482 567.0763737559319 199.33196157217026 0.9829434
16 4 272.0617164373398 133.0169253051281 346.5847916007042 338.8403132557869 0.97174174
16 5 469.0457326769829 139.76579904556274 499.9382434487343 194.83740627765656 0.96680987
17 4 323.3549453616142 134.82853397727013 400.2470215559006 335.28419584035873 0.9960514
17 4 550.5288264155388 149.96343478560448 568.8026922941208 200.01990348100662 0.9744042
17 5 466.99261325597763 143.49832758307457 497.67936050891876 190.97891449928284 0.95200986
17 4 240.92701989412308 123.22129681706429 326.5225709080696 348.89497607946396 0.9152952
17 5 514.0547164678574 145.41884511709213 543.7910798192024 210.2687805891037 0.826734
17 4 1133.0777728557587 122.84688279032707 1240.7300330400467 375.0 0.8244924
17 4 680.105320930481 142.4105241894722 772.167450428009 370.0675293803215 0.57232255
17 4 582.1678453087807 147.9654125869274 596.7907134890556 196.97318226099014 0.43914425
18 4 330.8716617822647 142.06510037183762 419.10841834545135 333.95451307296753 0.99854773
18 4 1116.4604161977768 148.9623337984085 1242.0 373.9401027560234 0.96721786
18 4 262.58569380640984 125.9433925151825 334.84401923418045 346.98182344436646 0.9444311
18 5 460.66191494464874 143.5566544532776 494.3543493747711 193.74655187129974 0.92722064
18 4 518.3073475956917 147.00432121753693 542.3715373277664 211.91402524709702 0.7148932
18 4 708.7318049669266 136.8725784122944 782.1427059173584 374.11080300807953 0.70733047
19 4 337.2619534134865 136.72557100653648 426.179443359375 334.8941132426262 0.99451053
19 4 1078.4774848222733 142.08856970071793 1228.1347442865372 375.0 0.985135
19 4 522.2133380770683 147.56162837147713 542.7498623728752 213.6775553226471 0.873389
19 5 461.4922608733177 146.29221707582474 491.87300938367844 194.3536251783371 0.8687352
19 4 551.256420135498 148.50619062781334 569.5826985239983 199.37045127153397 0.79426616
19 4 269.4985004067421 111.83812469244003 351.6357881426811 358.4066927433014 0.5600661
19 4 581.9045242667198 148.64255860447884 599.2209734916687 200.35994052886963 0.42018574
19 5 490.47430604696274 144.3728506565094 512.2537027001381 185.50024554133415 0.38473055
20 4 521.8900535702705 145.53365483880043 544.5304441452026 212.65563368797302 0.9907844
20 4 552.1173770427704 146.95283398032188 571.7298347353935 200.27920603752136 0.97358525
20 4 704.9343409538269 140.6669318675995 815.1480774879456 373.2743114233017 0.97065
20 4 1064.14029443264 137.31667399406433 1219.9907433986664 372.945673763752 0.9672007
20 5 455.59444695711136 144.128680229187 488.57598119974136 193.6330497264862 0.96098995
20 4 350.8855045437813 137.95743137598038 430.319772541523 342.72728115320206 0.9536473
20 4 582.1433787345886 149.58395808935165 600.2260648012161 202.17382907867432 0.9118858
20 4 294.8975619971752 136.78469136357307 366.07606387138367 309.39555913209915 0.84525245
20 4 517.0242404937744 141.5593922138214 531.9802760481834 181.34215101599693 0.35310492
20 4 673.9170913696289 150.8314087986946 791.7575143575668 375.0 0.34625933
21 4 523.1586509943008 141.8011598289013 546.8938930034637 213.06943148374557 0.9949733
21 4 375.9015217423439 139.0056498348713 450.02258259058 341.7607247829437 0.9843924
21 4 676.5923502445221 147.93282374739647 795.268782377243 372.6380914449692 0.9002114
21 4 1006.2540085315704 137.65127956867218 1207.273973107338 369.7860315442085 0.89771605
21 4 308.9490560889244 132.9972669482231 367.20685636997223 311.6973862051964 0.8843598
21 4 715.4182494878769 141.7388990521431 822.786460518837 368.21602284908295 0.7107574
21 5 450.17793238162994 145.4898901283741 485.211290538311 194.36459988355637 0.6798066
21 4 553.063430249691 147.20678329467773 569.5222168564796 200.91471076011658 0.5395979
21 4 580.7868719100952 148.33537861704826 599.440432369709 202.00549811124802 0.47489592
22 4 521.9858100414276 141.86344295740128 545.8067405819893 214.10134434700012 0.9955864
22 4 553.5723053812981 148.6172452569008 571.9699847102165 202.10418105125427 0.9893261
22 4 704.4889086484909 143.16462725400925 843.0876467227936 375.0 0.9831404
22 4 390.04660695791245 138.76109942793846 467.27122128009796 338.7304097414017 0.95166063
22 4 448.4999547600746 143.78558099269867 474.1028736233711 197.96622544527054 0.8666797
22 4 984.6668651103973 145.86937800049782 1171.9244742393494 374.43528324365616 0.7126153
22 4 317.16264420747757 135.58055832982063 383.46224838495255 328.0330002307892 0.49461308
22 4 527.5729243755341 142.7205204963684 548.4365086555481 202.46824622154236 0.48414418
22 4 494.37670612335205 144.1151238977909 506.80087691545486 184.7832351922989 0.48376882
22 4 582.6126113533974 148.173987865448 601.1979541182518 201.50940120220184 0.46945065
23 4 312.53960913419724 126.65487080812454 398.567378282547 355.6906208395958 0.99496585
23 4 524.3077286481857 141.15767553448677 547.3480607271194 214.58351612091064 0.99225205
23 4 971.5674390792847 149.9445140361786 1095.2466748952866 370.03545463085175 0.97990626
23 4 386.8991913199425 138.96220922470093 482.53281140327454 346.3977500796318 0.97079575
23 4 766.6333408355713 141.42988622188568 881.3737267255783 375.0 0.9637163
23 4 687.6034930944443 148.42674136161804 834.8027687072754 375.0 0.90928745
23 4 582.1514108777046 149.96818453073502 600.5133342146873 202.95236259698868 0.8640607
23 4 551.8961414694786 149.18025210499763 569.9177166223526 201.26672834157944 0.7436044
24 4 403.0527194738388 137.85690441727638 494.12186139822006 349.44116324186325 0.9976292
24 4 527.0753386616707 142.55569875240326 548.7790406942368 211.5502506494522 0.99294513
24 4 326.44036173820496 123.24440851807594 407.4600711464882 353.3439338207245 0.98343277
24 4 552.215650498867 148.53717014193535 569.4000690579414 202.64176279306412 0.93078125
24 4 582.4995691180229 150.25033056735992 601.0943875908852 202.27910578250885 0.9195081
24 4 784.6010599136353 138.72858881950378 893.5945769548416 374.99772012233734 0.9116142
24 4 719.3254984617233 157.50804170966148 848.2710070610046 368.5796409845352 0.7800784
25 4 528.6846544146538 144.7022259235382 551.650920510292 218.256376683712 0.996707
25 4 332.21639800071716 123.64144250750542 422.40696412324905 359.47785526514053 0.9841547
25 4 925.570723772049 145.48296108841896 1036.5057985782623 370.56000530719757 0.972391
25 4 752.8152415752411 141.56541600823402 867.2245699167252 373.046837747097 0.9460121
25 4 423.7591032385826 138.61997053027153 507.0253327488899 344.59423273801804 0.93989766
25 4 583.3753688335419 150.15284344553947 602.4342008829117 203.17259430885315 0.8327279
25 4 550.5793882012367 149.29663762450218 568.2963341474533 204.15982604026794 0.7709435
26 4 343.8512719273567 129.38806414604187 441.0876191854477 358.8318005204201 0.9936659
26 4 442.8843392729759 139.15638998150826 521.9096712470055 350.3897935152054 0.9873919
26 4 892.027383685112 149.40648525953293 1022.5896849632263 374.32392686605453 0.9652354
26 4 531.2380986213684 144.38345655798912 554.3452048301697 216.48645401000977 0.9574481
26 4 587.2449740767479 150.35388618707657 605.6599761843681 201.57493650913239 0.95526546
26 4 552.1322568655014 148.89998361468315 566.8651320934296 203.62266898155212 0.62344646
27 4 462.7021903395653 137.45075091719627 540.8368057608604 349.44355487823486 0.9978382
27 4 589.3811540007591 149.687971919775 608.4211456775665 204.1616141796112 0.995729
27 4 535.4380211234093 146.40124887228012 558.7827233076096 216.43296629190445 0.99308455
27 4 356.17901998758316 126.03142485022545 450.4653498530388 360.35916209220886 0.992648
27 4 551.4977175593376 146.95587381720543 566.3379718065262 205.99671453237534 0.92439395
28 4 467.28587901592255 134.16898995637894 553.8472859859467 351.30760073661804 0.9988997
28 4 590.0565202832222 149.34207871556282 609.6819700598717 204.92061227560043 0.9967393
28 4 536.6171915531158 140.40952920913696 560.2694100737572 214.4661471247673 0.9876522
28 4 575.293515264988 142.916489392519 593.9119119644165 187.9580318927765 0.97897947
28 4 367.7561513185501 127.20895931124687 453.8519901037216 368.7738999724388 0.93043125
28 4 549.2053365111351 148.337971419096 565.1335204839706 207.07377791404724 0.86117166
28 4 759.3417094945908 135.183647274971 956.0785059928894 374.945729970932 0.5042614
29 4 464.1374269723892 143.96783709526062 571.1498177647591 358.95638912916183 0.99822754
29 4 532.6690785884857 138.7203298509121 560.0831531882286 218.16620975732803 0.9964438
29 4 590.0728806853294 150.1479707658291 610.6945753097534 204.645574092865 0.99293065
29 4 377.73244321346283 130.00327348709106 468.03445994853973 367.0483008027077 0.9214863
29 4 551.6141651272774 148.77793192863464 566.2260029911995 204.3844610452652 0.7122952
29 4 788.8797862529755 138.27135041356087 960.6530520915985 375.0 0.6236693
30 4 484.2493581175804 141.2923000752926 573.4014088511467 360.4172542691231 0.9934262
30 4 538.4666572809219 143.84161680936813 562.5509458780289 210.46701818704605 0.9866954
30 4 382.89078176021576 133.045244961977 477.6764370203018 369.5625364780426 0.97215265
30 4 589.2183272838593 150.35546198487282 611.5178884863853 205.04475384950638 0.95389414
30 4 784.3806756734848 152.03600004315376 962.5974969863892 368.74520033597946 0.9202193
30 4 412.92263174057007 142.5943449139595 477.5614330172539 288.7001931667328 0.32881197
31 4 505.34369069337845 141.11658185720444 582.1058460474014 356.8163439631462 0.99381256
31 4 395.7962518930435 128.64376232028008 497.754684984684 374.05892461538315 0.98886174
31 4 553.5434340834618 141.78957045078278 571.6026529669762 184.97854471206665 0.98768765
31 4 589.1010653972626 149.7841514647007 611.7481185793877 205.48899471759796 0.98458767
31 4 850.5748625993729 145.34782245755196 987.3912051916122 375.0 0.98405993
31 4 907.9345064163208 129.06986474990845 1040.6453504562378 375.0 0.94863045
31 4 764.0931107997894 161.0175333917141 881.4129620790482 371.2058812379837 0.797706
31 5 372.8028911948204 139.85342904925346 425.306012570858 216.76931530237198 0.63751215
32 4 757.4604113101959 158.65598246455193 853.9468080997467 373.6283630132675 0.9963201
32 4 516.6412146091461 140.7531090080738 599.2150141596794 360.82179844379425 0.99342656
32 4 871.3479834794998 144.41268146038055 1034.4289158582687 373.9190474152565 0.9826366
32 4 531.8131186366081 140.61593636870384 554.5091419816017 194.6575865149498 0.9758868
32 4 415.5814931988716 127.06100195646286 516.5002634525299 375.0 0.90847665
32 5 346.4984368085861 137.2266747057438 431.25957030057907 246.9095215201378 0.3329678
33 4 744.6530295610428 154.31270375847816 832.3225761651993 373.0592429637909 0.99559456
33 4 894.0827980041504 140.49223065376282 1074.4865090847015 372.5128322839737 0.98827076
33 4 534.4201968312263 139.2725072801113 551.9366723299026 205.92834055423737 0.9824003
33 4 432.46953678131104 121.38808518648148 525.9162670969963 371.9349279999733 0.9653827
33 4 527.6366633176804 140.4912807047367 630.1296225786209 363.5178431868553 0.78539395
33 4 551.2294365763664 142.92975515127182 566.6589614152908 205.7439386844635 0.7784392
33 4 593.0471425652504 149.00339394807816 615.6525914669037 204.17281240224838 0.7772673
34 4 710.8856778144836 154.78289499878883 812.1958022117615 370.50171196460724 0.998406
34 4 541.504361987114 147.5571021437645 643.6084470748901 374.8013824224472 0.9971451
34 4 453.7748889327049 125.84030628204346 543.7385192513466 369.56479400396347 0.9944267
34 4 534.3647491335869 138.1833851337433 557.122253537178 211.42756193876266 0.9926972
34 4 915.8490915298462 137.70810887217522 1121.8338088989258 370.23255228996277 0.875423
34 4 548.47063601017 146.3044434785843 567.9690150618553 219.95215862989426 0.84446883
35 4 688.7323608398438 160.14939174056053 797.3928955793381 370.2245056629181 0.99758315
35 4 942.7340440750122 139.26269486546516 1153.3173669576645 375.0 0.9972572
35 4 546.4884733557701 145.7033045589924 574.0707047581673 223.94469380378723 0.99458164
35 4 554.3836998939514 143.30139756202698 656.2238717079163 371.6205731034279 0.9763274
35 4 530.3389057517052 141.2026807665825 553.8525050282478 208.3110585808754 0.913777
35 4 454.75777155160904 125.27961283922195 553.6948973536491 368.73435974121094 0.9065982
36 4 671.9393334388733 159.68342497944832 771.3470613956451 361.5981861948967 0.99833506
36 4 970.8784514665604 141.9035866856575 1165.5410302877426 373.20055067539215 0.9959927
36 4 547.923709988594 144.90587264299393 577.152012526989 221.22576087713242 0.9873138
36 4 579.0741006731987 139.0710175037384 673.0809341669083 370.28778344392776 0.9737603
36 4 455.27701073884964 125.13819336891174 573.9439301490784 371.4536279439926 0.93785495
36 5 462.3305649161339 144.29979398846626 491.34433150291443 184.1258481144905 0.845928
36 4 528.3064404129982 140.77743887901306 557.2231180071831 213.0645364522934 0.6957857
36 4 566.539589703083 148.7101949751377 584.0366696119308 192.15819239616394 0.35861653
37 4 654.1953299045563 153.72440591454506 749.2537078857422 360.7560396194458 0.9977894
37 4 596.0845511555672 139.22010362148285 688.3539987802505 375.0 0.9963631
37 4 556.0141139030457 147.79848977923393 580.0767860412598 215.75986593961716 0.9942046
37 4 485.5018172264099 133.60809534788132 594.1687924861908 375.0 0.9939189
37 4 987.4153386354446 136.92766427993774 1205.9926056861877 375.0 0.99096817
37 4 603.1793394684792 149.31173622608185 622.656768321991 206.11745864152908 0.9822243
38 4 601.6161807775497 150.37661790847778 623.8101396560669 209.87974852323532 0.99743915
38 4 529.5560123920441 134.62509959936142 560.3494353890419 214.3983542919159 0.99137163
38 4 1010.1572599411011 130.77159225940704 1228.5270978212357 367.067813873291 0.974127
38 4 638.6516894102097 156.6951535642147 725.0165494680405 364.04968053102493 0.9326598
38 4 614.8453795909882 151.54211595654488 695.2032330036163 375.0 0.4227535
39 4 603.1231144666672 141.21085032820702 724.4246878623962 375.0 0.9933602
39 4 1047.0448586940765 128.68159264326096 1234.3984093666077 371.08922749757767 0.99282444
39 4 534.715535402298 134.89875197410583 560.4468575119972 209.60021764039993 0.95535386
39 4 530.433366715908 133.99255648255348 626.5966640710831 371.7561811208725 0.94605285
39 5 443.4845291376114 144.6872279047966 478.6532492637634 184.36064198613167 0.8267755
39 4 602.6090202927589 149.07335489988327 621.3506011962891 208.18182080984116 0.576178
40 4 531.0912251472473 136.25362515449524 557.8258618712425 210.22503823041916 0.9967211
40 4 1081.679829955101 139.26808163523674 1239.7468543052673 375.0 0.98956084
40 4 552.0863218903542 141.15506038069725 591.6951515078545 234.69018191099167 0.9887543
40 4 628.9742524623871 147.69821986556053 730.7740784883499 371.7063143849373 0.9832109
40 5 434.6809301376343 145.2525593340397 469.30653673410416 186.70065701007843 0.9086366
40 4 530.4587216377258 134.30358096957207 633.3709809780121 375.0 0.8006393
40 4 590.5164992809296 162.29316964745522 663.1848156452179 358.36704075336456 0.4167277
41 4 647.2920545339584 140.0897540152073 741.4717826843262 373.12406301498413 0.99817085
41 4 532.5468567609787 139.05183970928192 558.0765239596367 213.44102919101715 0.99673826
41 4 558.7750242948532 146.1458019912243 584.7322458028793 209.40092951059341 0.98858404
41 5 433.80672204494476 145.2854722738266 461.5490781068802 186.69182807207108 0.78244656
41 4 1104.4851200580597 130.5573396384716 1242.0 375.0 0.74251306
41 5 511.3721287250519 136.5421861410141 681.6439390182495 362.47873306274414 0.68345845
41 4 551.0312610268593 139.45509865880013 661.3920561075211 368.40833723545074 0.5903382
42 4 533.8194887638092 139.82227072119713 557.2467702627182 212.9185125231743 0.9988105
42 4 660.4908274412155 135.19936054944992 760.8308022022247 375.0 0.98261964
42 4 560.4719163179398 143.98975297808647 587.0612711906433 224.1637408733368 0.96134454
42 4 566.3453747034073 135.4101039469242 671.5010079145432 375.0 0.95179415
42 4 464.4935063123703 145.4351842403412 478.3979603648186 188.97434324026108 0.86942935
42 5 429.3807520866394 146.11953869462013 457.4160777926445 187.2556395828724 0.7065206
42 4 493.1466777920723 142.85052940249443 508.1470196843147 189.52909111976624 0.40106058
43 4 533.5022746324539 139.00957256555557 557.384760260582 214.74165469408035 0.99777704
43 4 586.3095810413361 127.74014845490456 677.1339461803436 371.039517223835 0.9887007
43 4 526.9691441059113 148.7743780016899 616.4107961654663 356.9404408335686 0.98491365
43 4 567.7317152023315 143.56859028339386 602.063463807106 222.45383262634277 0.97797674
43 5 424.91377007961273 144.75107565522194 454.8721833229065 189.29502367973328 0.39368898
44 4 507.21603137254715 150.63850209116936 608.3005524873734 353.8158908486366 0.9965497
44 4 567.8985024690628 143.14577355980873 598.3802264928818 231.09300434589386 0.99468094
44 4 612.1534641981125 147.0438949763775 635.5933306217194 213.66973221302032 0.97919434
44 4 673.448117852211 138.90444114804268 797.662064909935 375.0 0.9428241
44 4 583.9460211396217 129.87695261836052 702.6600970029831 375.0 0.697121
44 4 533.2190768122673 132.42945447564125 557.0183168649673 201.59482955932617 0.42641297
44 4 463.22265100479126 145.127534866333 475.91828602552414 190.75454771518707 0.30137262
45 4 573.6586965322495 143.2650201022625 604.7241389751434 232.37472027540207 0.99865025
45 4 534.5242445468903 137.70950585603714 557.6858730912209 211.2506479024887 0.99752265
45 4 613.9438548088074 149.4908630847931 634.1263725757599 211.12733334302902 0.9961073
45 4 498.0023859143257 158.30299258232117 578.9358885884285 350.8681654930115 0.9959098
45 4 619.4382848739624 120.82094326615334 722.4909031391144 375.0 0.9800546
45 4 568.2141990065575 146.15404978394508 588.1955060362816 211.11242473125458 0.95443547
45 4 570.1199637651443 144.43379268050194 596.1127191781998 220.1356440782547 0.8433429
46 4 571.4264270067215 144.8197402060032 605.2122859954834 234.06263440847397 0.9985776
46 4 484.11214542388916 152.83402428030968 556.096841275692 353.47209870815277 0.99621564
46 4 614.6747798323631 146.8830183148384 635.4538600444794 211.43634617328644 0.9948138
46 4 534.9646798968315 137.52015307545662 557.7250714302063 213.51362764835358 0.99474865
46 4 629.2022616863251 118.19365248084068 747.6952500343323 374.3748888373375 0.9818039
46 4 565.154729783535 148.6559920012951 586.9893520474434 213.24312686920166 0.89974093
46 4 733.1775770187378 139.60221782326698 842.2024083137512 370.7049563527107 0.8821983
46 5 400.0572482943535 142.7956558763981 438.98760241270065 192.66139715909958 0.6411723
47 4 573.9735417366028 144.31936293840408 606.7150740623474 234.64762419462204 0.99893063
47 4 535.5610942840576 139.5060271024704 560.3714219927788 217.20220148563385 0.9987128
47 4 447.6310027241707 149.1287313401699 538.2963166236877 355.21676391363144 0.99275935
47 4 614.4981096982956 151.05915069580078 635.4071477651596 212.82780915498734 0.992207
47 4 639.4418746232986 121.66446447372437 765.3318375349045 375.0 0.99117446
47 4 566.2861885428429 147.85077050328255 589.0141553878784 210.49415320158005 0.98514843
47 4 753.8092285394669 131.06299191713333 849.6880695819855 372.34948575496674 0.9265383
48 4 575.1122553348541 142.03302562236786 610.4736728668213 235.6833592057228 0.9982474
48 4 535.6558143496513 141.31037145853043 562.820041179657 217.71106123924255 0.99743515
48 4 420.985681951046 155.53008019924164 533.6685436964035 355.4880693554878 0.99738306
48 4 656.5527824163437 122.24787846207619 790.8892285823822 372.1817135810852 0.9954673
48 4 567.8877312541008 148.282740265131 590.9054474830627 215.31055122613907 0.9954182
48 4 769.0940637588501 130.39986044168472 864.7411201000214 375.0 0.9921176
48 4 618.174425303936 149.21294152736664 639.9575604200363 213.43772113323212 0.98894763
49 4 581.8420438170433 144.74524185061455 613.2978410124779 237.7907708287239 0.9985501
49 4 405.5970211029053 156.1887301504612 508.9593395590782 351.5060171484947 0.9954485
49 4 569.123644888401 147.93861284852028 592.5322710871696 214.24922347068787 0.9920036
49 4 615.7672993540764 148.79507571458817 639.697940826416 214.65765684843063 0.9887215
49 4 773.4358627796173 136.34639605879784 893.5335770845413 375.0 0.98762465
49 4 537.3006640076637 139.30808007717133 564.2287384271622 218.52486580610275 0.9768081
49 4 675.9246089458466 125.5922019481659 813.6751230955124 372.40029126405716 0.8834333
49 4 456.13637602329254 147.0385529100895 471.19908732175827 190.58863073587418 0.735585
49 5 496.16846626996994 147.30381220579147 528.295558154583 190.03140181303024 0.596761
50 4 585.1056109070778 142.6631547510624 616.5992369055748 239.49196189641953 0.99928457
50 4 620.68308198452 148.78900721669197 642.8232218027115 216.12410992383957 0.9975351
50 4 537.0164667963982 139.38887044787407 563.1632764935493 218.1219756603241 0.9914613
50 4 395.06858414411545 151.59481018781662 474.2038861513138 349.7062101960182 0.99021834
50 4 793.6749386787415 135.27962565422058 917.4907579421997 375.0 0.98777777
50 4 571.5976930260658 148.41774478554726 593.5861474871635 214.2692506313324 0.964644
50 5 448.358966588974 144.87633481621742 475.084275662899 189.04148787260056 0.94195145
50 4 697.1187325716019 116.10251292586327 828.9239062070847 375.0 0.763844
51 4 381.1234141588211 147.33604341745377 459.61151790618896 350.58266669511795 0.9982116
51 4 536.6787836551666 138.95220682024956 563.2391191720963 218.21265667676926 0.99753976
51 4 586.2078282237053 144.82225477695465 618.57951182127 237.94298619031906 0.9974644
51 4 569.2223255038261 149.5778001844883 590.6509358882904 215.1656672358513 0.9945932
51 4 621.3634082078934 150.30433237552643 645.1225615739822 213.92521262168884 0.99071914
51 4 827.8211706876755 145.13714611530304 950.2220002412796 375.0 0.97596186
51 4 703.7233010530472 117.11567267775536 837.3537329435349 375.0 0.8331494
51 5 492.04164737463 149.95641633868217 521.5558497905731 190.7132863998413 0.32783797
52 4 588.1688556075096 143.56647804379463 621.4382514953613 239.71085250377655 0.99820113
52 4 348.60574543476105 151.4800786972046 451.3482563495636 349.2516875267029 0.99653316
52 4 622.5984334945679 150.424025952816 646.1426807641983 215.44931083917618 0.9954957
52 4 568.9289116859436 150.53590759634972 590.3052946329117 216.9409766793251 0.994862
52 4 539.6886164546013 139.01091367006302 563.427670955658 218.60705316066742 0.991301
52 4 861.428915977478 130.1739402115345 965.7728215456009 375.0 0.97533065
52 4 740.3116747140884 132.15376809239388 856.8150604963303 375.0 0.94920534
52 5 431.3160173892975 145.95725387334824 471.67450135946274 190.66614657640457 0.54410267
53 4 591.7453801631927 144.0749354660511 626.3085433244705 240.1154413819313 0.99854386
53 4 336.95391887426376 153.05288136005402 436.62145149707794 343.709796667099 0.99752325
53 4 568.7970290780067 147.4088430404663 592.8065854310989 219.62586790323257 0.99647254
53 4 624.6736135482788 150.74896439909935 646.3680989742279 214.78300541639328 0.9952945
53 4 539.4171892404556 137.73376867175102 562.8976975679398 219.02301907539368 0.99497956
53 4 747.0628945827484 120.01331895589828 897.4320166110992 369.0939322113991 0.97555226
53 4 872.6326822042465 126.22597441077232 981.3816075325012 370.70198357105255 0.9583305
53 5 485.7540709376335 149.4314856827259 517.8000270724297 188.60489130020142 0.30844113
54 4 596.5471581816673 142.25876703858376 631.5000468492508 241.16313457489014 0.9980714
54 4 626.3896790742874 149.7635543346405 650.6604466438293 215.18294513225555 0.99674064
54 4 571.507340669632 145.93030884861946 595.9322735667229 217.68032759428024 0.99639314
54 4 540.1709151864052 135.55792719125748 564.6971937417984 221.41939401626587 0.9961521
54 4 334.37589704990387 151.49537846446037 408.7448809146881 339.70512449741364 0.9960219
54 4 769.7321934700012 122.62843921780586 974.8108702898026 364.0853315591812 0.9904118
54 4 894.4560520648956 130.4156519472599 1020.5287184715271 373.20542335510254 0.9861794
54 5 474.2966074347496 145.3680843114853 514.8075170516968 189.2828866839409 0.59307945
55 4 599.2527319192886 143.2507149875164 634.1907037496567 241.43072962760925 0.99897623
55 4 570.7851880788803 146.39881253242493 597.8682421445847 219.1811352968216 0.9986939
55 4 313.90622091293335 152.9923975467682 394.3659381866455 340.1629999279976 0.99669373
55 4 543.4255247712135 135.18280908465385 567.9267445206642 220.9806963801384 0.99591184
55 4 628.2751969099045 149.52736347913742 652.8856093883514 219.5248380303383 0.9955283
55 4 891.3663790225983 144.97686177492142 1065.5387016534805 375.0 0.98166394
55 4 771.9608355760574 110.13912409543991 964.1650604009628 375.0 0.96593493
56 4 602.7853572964668 145.19495889544487 641.4335500001907 245.82843482494354 0.99900204
56 4 811.3291450738907 106.2452606856823 977.6940025091171 375.0 0.99864656
56 4 543.2499650716782 136.2505741417408 568.2375181317329 221.46324813365936 0.9976138
56 4 572.3716288805008 146.903358399868 598.662202835083 219.3031758069992 0.99670523
56 4 928.9879750013351 136.4285722374916 1091.789966225624 373.424269258976 0.99550027
56 4 632.2181278467178 150.05690976977348 654.5733218193054 216.83169901371002 0.99386543
56 4 287.89294096827507 153.99663895368576 387.7854661345482 346.1613580584526 0.9782096
56 4 863.039860367775 109.31398719549179 1014.5399969816208 373.9725574851036 0.6594028
57 4 604.463779091835 144.3108581006527 641.1976937055588 244.5559948682785 0.9984068
57 4 574.9763011336327 148.2323370873928 601.4287764430046 220.8254188299179 0.9982152
57 4 542.7853222489357 138.19845020771027 572.3209560513496 222.73673862218857 0.9982083
57 4 839.8355541229248 107.71052911877632 1009.329097867012 375.0 0.9976337
57 4 633.0399234294891 148.3900062739849 653.6592121124268 216.05515480041504 0.9952099
57 4 278.67057859897614 152.71883457899094 365.1733546257019 346.7456102371216 0.9925988
57 4 979.1433416604996 130.6706741452217 1113.6798881292343 363.10920864343643 0.80905515
58 4 542.2976934313774 137.495007365942 571.7338693141937 223.66829216480255 0.9981268
58 4 606.7382081151009 143.89633387327194 643.0452346801758 246.8269318342209 0.9976363
58 4 855.6715350151062 109.72198471426964 1034.232517004013 375.0 0.99638027
58 4 576.6077145338058 146.89362421631813 603.3805131912231 219.80450302362442 0.99434584
58 4 258.8688288331032 151.42706036567688 334.0588679909706 338.91861140727997 0.98566586
58 4 635.4000409841537 148.63955229520798 655.8663858175278 214.08777683973312 0.9818651
58 4 1002.7423703670502 127.88515537977219 1138.0654006004333 374.903105199337 0.9640163
58 5 460.5247392654419 143.69486644864082 502.89721834659576 191.33685529232025 0.90622956
58 5 402.73098957538605 138.8939470052719 436.876666367054 190.9637600183487 0.80851614
59 4 613.4300567507744 143.03726702928543 646.6571080684662 246.94763123989105 0.99595743
59 4 577.9218027591705 145.66902816295624 602.7698852419853 220.37288546562195 0.99533564
59 4 542.4336476325989 137.11630180478096 571.069940507412 222.10970520973206 0.99245375
59 4 1006.8876965045929 120.0331561267376 1191.9742580652237 373.02323430776596 0.9909601
59 4 881.539551615715 110.8134537935257 1080.3242114782333 375.0 0.98567235
59 4 244.84576186537743 145.25914192199707 320.1876529455185 333.1904411315918 0.9856697
59 4 636.5290567874908 149.59901198744774 657.0035448074341 218.86172890663147 0.9666676
59 4 934.1834020614624 110.42700335383415 1124.577618598938 375.0 0.7497156
59 5 404.7057493329048 143.90457049012184 430.1225963830948 185.82070246338844 0.6796912
59 5 460.93493378162384 143.632672727108 499.6477907896042 190.5093714594841 0.6447715
60 4 547.9782693386078 133.32251831889153 575.7669675350189 225.31776130199432 0.99738425
60 4 614.3955425620079 141.8103575706482 652.5035458803177 244.21481788158417 0.9927981
60 4 579.3500436544418 146.65205776691437 605.859040081501 221.5915024280548 0.99020797
60 4 1038.7878895998 133.7723694741726 1229.125548005104 374.0784823894501 0.9898061
60 4 909.0506411790848 104.13273051381111 1129.0935337543488 373.9336207509041 0.9572956
60 5 456.76099544763565 143.25693994760513 498.0620532631874 192.74231046438217 0.93193966
60 4 634.4543209075928 148.77571910619736 654.7958528995514 213.37531507015228 0.90966856
60 4 225.06044653058052 151.04209631681442 305.1626038849354 324.7155100107193 0.3074087
61 4 548.0370113253593 133.6161307990551 576.8833984136581 224.3480533361435 0.9984718
61 4 577.5082399249077 146.49047702550888 605.9876654148102 224.35670346021652 0.99527127
61 4 618.2831738591194 144.5591188967228 655.8828202486038 248.61562997102737 0.9946398
61 4 943.9776567220688 88.0269818007946 1142.490852355957 375.0 0.98220474
61 4 223.24205446243286 147.6047784090042 306.92138412594795 338.42819184064865 0.92110527
61 4 636.4677608013153 151.21765807271004 661.0311648845673 224.0661308169365 0.9204186
61 4 1086.3874061107635 127.00853124260902 1236.624238371849 374.25508350133896 0.81732094
61 4 628.8327831029892 151.53444930911064 656.5666998624802 229.00354117155075 0.591753
62 4 549.4141352176666 135.53548604249954 579.7903309464455 227.31862217187881 0.99785185
62 4 618.8749984502792 148.06243032217026 659.2189357280731 249.33291971683502 0.996061
62 4 577.868353843689 146.48718014359474 606.7082633972168 223.46265614032745 0.9933913
62 4 942.8804733753204 94.1450446844101 1192.1951605081558 374.23275411129 0.9900731
62 5 450.799442589283 142.60612428188324 492.0585629940033 193.81577521562576 0.9427666
62 4 1143.9822399616241 127.76852399110794 1239.3137848377228 374.9969154596329 0.89553165
62 4 634.4524701833725 153.15673872828484 668.520157456398 224.0830734372139 0.79582095
63 4 551.423725605011 135.85608825087547 580.1948992609978 228.24112325906754 0.9985121
63 4 622.8006806373596 147.61213213205338 662.1137645244598 250.6958171725273 0.9969885
63 4 579.041083753109 144.50551941990852 611.4685851931572 223.17534685134888 0.99515426
63 4 978.0894652605057 90.78890271484852 1213.935099720955 375.0 0.9903881
63 5 446.07039803266525 144.08204331994057 491.3440724015236 193.50242614746094 0.8600747
63 4 634.4459556341171 148.0828933417797 664.5456901788712 224.52550381422043 0.83887976
64 4 1016.9269870519638 99.4645245373249 1242.0 370.9852024912834 0.99774665
64 4 583.8312392234802 145.2278047800064 612.8246848583221 225.4384607076645 0.9977221
64 4 551.5678600072861 134.64928418397903 578.8803668618202 224.34380650520325 0.99704033
64 4 636.4997413158417 142.65820384025574 674.7479184865952 251.84471905231476 0.99533504
64 4 644.4032961130142 147.80279248952866 669.6825603246689 225.57679563760757 0.97669625
64 5 448.1066018342972 144.58000659942627 486.36414366960526 195.5343335866928 0.9262145
65 4 552.1354401111603 134.70032438635826 582.3916348814964 228.42632979154587 0.99791104
65 4 584.4643349647522 146.47267386317253 613.8198933005333 225.3904491662979 0.9962831
65 4 634.6065244674683 144.21822130680084 678.6600533723831 253.69197875261307 0.99501073
65 4 1069.9146280288696 93.34911592304707 1239.7940107584 372.3587617278099 0.9834774
65 5 442.8096440434456 145.17591521143913 484.9624791741371 193.66807490587234 0.8849116
66 4 553.7177352905273 134.81689989566803 583.8547064065933 230.40486127138138 0.99797803
66 4 584.6440032720566 147.0450796186924 614.5273881554604 224.63373094797134 0.99206007
66 4 637.3624749183655 145.1282501220703 680.79401242733 257.2143226861954 0.98586535
66 4 1084.1155310869217 64.43551182746887 1224.8226141929626 375.0 0.6618218
66 5 439.8962339758873 143.98902654647827 479.2723905444145 195.7281231880188 0.6011055
66 5 369.16518169641495 144.10435035824776 406.9082221984863 205.07682859897614 0.33570445
67 4 552.8987528085709 135.5268694460392 584.6212763786316 232.13300853967667 0.99862075
67 4 587.8689272403717 145.88791877031326 620.7660684585571 225.45846551656723 0.988439
67 4 643.3057426214218 143.63835006952286 687.6211860179901 258.43658298254013 0.96198255
67 5 437.70094192028046 142.62056350708008 477.89996749162674 195.46645134687424 0.46024948
68 4 554.3524966835976 136.41035556793213 584.4067404270172 231.76699876785278 0.99827325
68 4 588.2539519071579 145.37923783063889 620.3360341787338 226.95902734994888 0.99390185
68 4 654.7897825241089 142.9932899773121 696.4347048997879 258.30215960741043 0.9749817
69 4 555.8253400325775 134.36070084571838 585.9036802053452 231.65635764598846 0.9955491
69 4 654.1062730550766 144.15423944592476 697.0343395471573 259.4950273633003 0.98620504
69 4 591.6323009133339 143.4297412633896 625.6885507106781 227.82091051340103 0.9795481
69 5 432.2123601436615 139.90896195173264 475.50986820459366 199.52823221683502 0.33987415
70 4 558.111058473587 131.1083436012268 587.5685546994209 233.38213562965393 0.99517196
70 4 597.2134189009666 144.24223825335503 626.581414103508 230.25114834308624 0.9947665
70 4 664.1804312467575 142.24878698587418 707.5839117765427 261.16251200437546 0.9921874
70 4 664.0213429927826 147.09600806236267 697.6199086904526 235.0815162062645 0.72473717
70 5 408.671851336956 140.53918048739433 437.8239040374756 187.77325004339218 0.48598188
71 4 556.9525421261787 130.7116001844406 588.712265253067 232.76866972446442 0.997736
71 4 665.6953600645065 145.43117210268974 714.4616471529007 266.2936896085739 0.97876096
71 4 598.3994370102882 145.25393396615982 632.2388559579849 228.87414693832397 0.91512394
71 4 664.7876908779144 152.8312973678112 694.2877167463303 228.08919847011566 0.81821
71 4 248.64272618293762 147.61854708194733 285.7993462085724 272.2935676574707 0.38868353
72 4 558.482646882534 131.73317536711693 589.3383282423019 233.93087089061737 0.9976586
72 4 664.5619765520096 145.9534540772438 709.5965373516083 263.51214945316315 0.9972242
72 4 599.7727113962173 145.05847916007042 633.8919228315353 228.88031601905823 0.98936033
73 4 603.6263633966446 147.30000123381615 637.5463628768921 232.58042335510254 0.99695134
73 4 554.4247489571571 133.6139738559723 591.6550648212433 238.10599744319916 0.99501944
73 4 665.6620470285416 152.2338129580021 692.1488717794418 228.78972440958023 0.994555
73 4 678.5539698600769 143.76391097903252 723.099865436554 272.1969410777092 0.8763221
74 4 554.9872950911522 133.7399147450924 591.1387497782707 238.53640258312225 0.99757427
74 4 606.6376767754555 143.51122453808784 638.7559221982956 232.6393648982048 0.99326104
74 4 667.2639598846436 149.347722530365 695.1727330684662 225.59420764446259 0.9917848
74 4 685.8382723331451 145.02985775470734 729.3434686660767 269.5809379220009 0.8024339
74 4 685.5076589584351 147.07499742507935 711.0666786432266 231.67072981595993 0.34051287
75 4 670.3206160068512 150.9803608059883 699.0263850688934 226.17868334054947 0.9965918
75 4 691.3620918989182 146.3332660496235 743.313105225563 276.00114047527313 0.99474144
75 4 607.4373747110367 145.32306790351868 642.4334592819214 232.07596689462662 0.98953867
75 5 551.1598123311996 134.10718739032745 598.2885416150093 235.08475720882416 0.78071576
75 4 559.6672954559326 134.32073593139648 590.8649536371231 238.12231421470642 0.33187598
76 4 672.3088120222092 149.95557814836502 701.317951798439 227.13198512792587 0.9975133
76 4 561.9535691142082 133.81103798747063 595.203347325325 238.913431763649 0.9945346
76 4 687.9859267473221 146.19648456573486 748.8729028701782 275.99168568849564 0.99305165
76 4 608.7375825047493 147.13633060455322 648.1838074922562 232.5441911816597 0.99282515
77 4 561.3299860954285 133.81152972579002 594.6525347828865 240.44331908226013 0.9954145
77 4 614.5468207597733 146.44236490130424 650.8633600473404 233.36175084114075 0.9934174
77 4 676.2831312417984 150.84659680724144 703.6668169498444 228.20024192333221 0.97799826
77 4 693.2761108875275 148.55985715985298 748.5213392972946 282.42793679237366 0.9635606
78 4 562.2946575880051 135.57235524058342 595.2655686736107 241.03374034166336 0.9975764
78 4 614.9034923315048 145.37816494703293 650.244922041893 234.04473066329956 0.99104893
78 4 675.7690740823746 152.1139182150364 707.4522142410278 232.0358008146286 0.98293865
78 4 706.7062983512878 146.49900421500206 752.7976967096329 282.0252925157547 0.96105576
79 4 564.1781396269798 134.12275537848473 597.2302604913712 243.1054562330246 0.99446154
79 4 716.2275341749191 148.55021238327026 765.4433991909027 284.72185134887695 0.9921903
79 4 614.9187793135643 144.83842626214027 662.1376758813858 237.52719908952713 0.93613446
79 4 677.4390935897827 152.4946242570877 708.6437845230103 230.06142675876617 0.7822246
80 4 563.477418422699 133.9971162378788 600.1252003312111 244.32235211133957 0.99626786
80 4 719.3928648233414 148.88109639286995 774.4860377311707 284.914568066597 0.99506253
80 4 679.2826370000839 150.87652578949928 711.493529677391 232.69128799438477 0.99265575
80 4 625.5944598913193 144.56041529774666 660.2971676588058 236.54036968946457 0.91777074
80 5 496.1895275115967 147.57243543863297 512.6744463443756 185.85029616951942 0.42796442
80 4 631.1451519727707 147.06381037831306 654.9239230155945 214.20836448669434 0.33109412
80 3 0.0 36.87791805714369 278.62431049346924 375.0 0.313862
81 4 563.701319038868 132.1129873394966 602.6533636450768 243.77093464136124 0.9966653
81 4 676.5875383615494 150.87176486849785 714.1182267665863 233.9552789926529 0.97913694
81 4 626.4900623559952 146.95290103554726 663.5159472227097 235.77705770730972 0.9511809
81 4 723.9395760297775 148.34340289235115 784.9250847101212 290.7068654894829 0.94462085
82 4 567.3891091346741 130.9402920305729 604.8843006491661 243.4132844209671 0.99611276
82 4 679.4515711069107 149.0544229745865 714.9563827514648 235.88097095489502 0.9941356
82 4 623.9599742889404 144.5915400981903 668.2187855243683 240.1629164814949 0.9889374
82 4 735.6659127473831 145.6518955528736 797.75763630867 292.3855260014534 0.92015177
83 4 563.5296458601952 132.82440975308418 604.8429924845695 246.85735255479813 0.997687
83 4 633.166142821312 146.2859809398651 676.4692400693893 239.5453378558159 0.9924395
83 4 685.893942117691 150.1040831208229 722.9139786958694 234.49916392564774 0.9754077
83 4 749.1877480745316 144.46381106972694 804.4935321807861 295.7642823457718 0.8284598
83 5 415.48921608924866 142.14518666267395 442.27752381563187 194.30413842201233 0.30202517
84 4 635.2074916362762 146.4432030916214 675.7673714160919 241.51260405778885 0.98677737
84 4 567.5678520798683 129.65158000588417 610.7821145653725 248.1161132454872 0.9644823
84 4 687.8987946510315 154.83219176530838 718.2829484939575 233.9770942926407 0.95219666
84 4 756.6708183288574 146.3768631219864 809.1099046468735 298.4715476632118 0.5664265
85 4 636.1072397232056 146.96161821484566 677.0952290296555 242.85882711410522 0.99546534
85 4 569.4878304004669 131.41874223947525 611.2611930370331 247.44509160518646 0.9925553
86 4 572.9660815000534 130.8949515223503 612.1041979193687 249.39780682325363 0.99527967
86 4 636.77816426754 148.75124394893646 673.622826218605 246.73216044902802 0.98882186
86 4 757.7323937416077 149.54842999577522 829.510215640068 308.8451027870178 0.9794222
86 4 697.6518892049789 150.16161650419235 732.1194809675217 240.2932271361351 0.5359639
86 5 370.95783019065857 142.22300425171852 408.1261097788811 197.15970754623413 0.45611206
87 4 639.1638958454132 147.94554188847542 682.6425157785416 249.20106679201126 0.9970932
87 4 581.1778188943863 131.79298862814903 618.0699334144592 251.81018561124802 0.99571854
87 4 765.0733283758163 150.58739483356476 827.6751115322113 311.92539632320404 0.95698607
87 4 701.7937359809875 149.7531719505787 736.3902862071991 244.68252807855606 0.6892845
87 5 373.1603030562401 144.5746310055256 408.42044895887375 195.79187035560608 0.6388504
88 4 581.3656303882599 132.2869285941124 618.0215184688568 254.8171430826187 0.99713
88 4 786.4708095788956 143.96783709526062 847.1419172286987 310.3354275226593 0.9917687
88 4 701.5407789945602 149.42925050854683 742.40736079216 244.61236596107483 0.98233193
88 4 639.5522518157959 145.9062471985817 682.929896235466 248.589925467968 0.7797182
88 5 405.90424132347107 139.7240124642849 434.3689720630646 198.97565245628357 0.3177204
89 4 584.5003870725632 131.08808174729347 624.4113289117813 255.23170083761215 0.99809796
89 4 642.9674302339554 146.79443836212158 685.1766754388809 248.02076071500778 0.9964999
89 4 703.7603895664215 152.19126641750336 745.0778077840805 246.40405923128128 0.88670933
89 4 796.6044130325317 146.27883955836296 854.4644926786423 313.4688287973404 0.81513476
90 4 586.0561058521271 131.19877874851227 625.3073755502701 255.97592443227768 0.99823403
90 4 646.9972711801529 149.59293231368065 684.9790921211243 249.2668256163597 0.98829067
90 4 706.7560458183289 152.20747143030167 748.9233906269073 247.3449558019638 0.98638886
90 4 802.4026579856873 148.50855991244316 869.5948294401169 322.33283668756485 0.9658798
90 5 472.7013201713562 145.06317302584648 491.19216495752335 186.77402660250664 0.6875748
91 4 640.1391534805298 147.48045802116394 684.3824926614761 254.79832291603088 0.9929923
91 4 589.3176371455193 132.1943700313568 628.4577523469925 258.8014304637909 0.98658293
91 4 709.3113777637482 151.33608877658844 753.8874031305313 247.17117100954056 0.9031747
91 5 472.9395453929901 145.64596116542816 488.3529689311981 187.90606409311295 0.46935755
92 4 718.7748709917068 152.2562988102436 755.1660314798355 247.95768409967422 0.99487174
92 4 595.3909737467766 133.19524750113487 633.2354339361191 259.69748944044113 0.986974
92 4 643.2831637859344 146.46510779857635 685.6006393432617 253.30864638090134 0.76367897
93 4 591.3187142014503 131.5734162926674 636.3513132333755 262.6797929406166 0.9961855
93 4 720.1884541511536 152.90380641818047 762.2964277267456 249.96625632047653 0.9624435
93 4 642.7154356241226 148.04144203662872 686.4599676132202 255.54044544696808 0.9446931
93 4 841.9411600828171 144.6664296090603 914.1793681383133 328.1286656856537 0.9096752
94 4 589.9408130049706 132.85627216100693 638.8614134788513 266.4399817585945 0.9815854
94 4 650.3806911706924 150.38198232650757 691.6372575759888 255.40928542613983 0.97708446
94 4 853.9354816675186 142.57002621889114 930.3344879150391 343.9505025744438 0.90857226
94 4 727.638803601265 152.3742377758026 765.485595703125 251.44343823194504 0.8619048
95 4 588.7767814993858 131.62733986973763 645.359676361084 265.88402688503265 0.97613686
95 4 853.0627541542053 146.45249024033546 950.805940747261 347.79126942157745 0.96978396
95 4 652.3833968639374 150.12871474027634 694.5105439424515 260.0933164358139 0.7884348
95 4 729.5144755840302 153.64179387688637 768.7963932752609 251.3633742928505 0.70561785
96 4 593.2858489751816 133.05918127298355 644.1634422540665 268.19879561662674 0.9856522
96 4 863.1982083320618 145.85807919502258 962.1832308769226 356.6897213459015 0.91669726
96 5 454.8453478217125 148.02991971373558 482.937120616436 185.6684312224388 0.6819006
96 4 655.1821360588074 148.12622219324112 699.6672538518906 261.46694272756577 0.41914347
97 4 653.5975459814072 151.75411105155945 703.2652097940445 262.80757784843445 0.99544597
97 4 606.8154203295708 131.4692571759224 648.3258690834045 269.987516105175 0.992566
97 4 881.7764443159103 143.65597441792488 963.909586429596 353.71823608875275 0.94879854
98 4 656.752068400383 151.03987231850624 709.6087521314621 265.46207070350647 0.9956161
98 4 613.1766185760498 130.08809834718704 654.5829455852509 272.48773723840714 0.9896998
98 4 892.6143593788147 142.22046732902527 992.2035323381424 362.0435446500778 0.8438041
98 5 375.5136469602585 140.6286656856537 417.3213960528374 198.46328347921371 0.45011526
99 4 615.982316493988 131.11137226223946 657.6909037828445 270.9348052740097 0.99619967
99 4 660.0669375658035 148.91693741083145 710.3237979412079 267.4315720796585 0.9961521
100 4 616.1897086501122 133.10597464442253 660.6613901853561 270.5308645963669 0.995331
100 4 662.1508530378342 150.24061873555183 712.6561546325684 271.7563211917877 0.9869761
101 4 620.2443493008614 131.56918063759804 667.064007639885 278.32192182540894 0.99643075
101 4 663.815912604332 151.05589851737022 710.610512137413 277.9141589999199 0.9799423
101 4 754.9644505977631 151.9826129078865 799.0476651191711 256.8180486559868 0.9707506
101 4 933.5239520072937 138.02821934223175 1051.251036643982 371.6256693005562 0.81024194
102 4 620.666018307209 132.94222578406334 668.7301036119461 281.8491607904434 0.9965586
102 4 666.8631670475006 148.61412718892097 719.6026629209518 277.31814980506897 0.97665316
102 4 970.2907354831696 138.30463215708733 1072.1544485092163 372.9027360677719 0.8604106
102 5 366.75428026914597 140.47842845320702 408.70749628543854 197.441004216671 0.34576577
103 4 609.7897562384605 127.66170501708984 673.4795061349869 283.3290249109268 0.9973182
103 4 768.2562038898468 152.03146263957024 812.9880602359772 263.17164301872253 0.99060494
103 4 676.1656472682953 148.93431589007378 724.730353474617 275.37889033555984 0.98389006
103 4 990.8865569829941 133.0808736383915 1094.9051052331924 375.0 0.8709202
104 4 603.4738637208939 126.44986063241959 677.5086067914963 280.72788566350937 0.97736925
104 4 672.5617690086365 150.19485354423523 724.5845164060593 277.2609293460846 0.9651177
104 4 979.0149754285812 129.12648171186447 1132.5318092107773 375.0 0.9619141
104 4 773.6061294078827 152.96650305390358 820.1008375883102 263.76838982105255 0.8692184
105 4 616.2377534508705 132.52972438931465 680.3664951324463 285.32150387763977 0.9942179
105 4 993.4455163478851 144.399706274271 1167.8354841470718 375.0 0.9762957
105 4 777.572971701622 152.1872654557228 820.8175860643387 264.8632898926735 0.91904175
105 4 677.1282459497452 151.11928805708885 734.4858169555664 286.3333895802498 0.90442294
105 5 478.0971066355705 144.17759701609612 500.8165971636772 189.9900734424591 0.34258983
106 4 625.9809651374817 133.4846355021 678.2657010555267 286.24827414751053 0.99905866
106 5 482.26845395565033 148.4886109828949 506.51297825574875 187.2258447110653 0.33253714
107 4 687.8098118305206 151.9683077931404 738.4174214601517 286.84139996767044 0.98467606
107 4 433.435244679451 145.58954536914825 453.338043987751 189.96866047382355 0.77652156
107 4 625.8617784976959 132.027056068182 677.9835766553879 289.6857485175133 0.6361965
107 4 1061.6190158128738 137.3376064002514 1218.6386042833328 375.0 0.41688418
108 4 792.9465676546097 153.9105623960495 846.9832731485367 275.4030302166939 0.99381655
108 4 1097.335772395134 143.70333775877953 1210.7115823030472 367.4415349960327 0.9839753
108 4 695.1902779340744 149.8446688055992 745.9919174909592 290.4535084962845 0.98396504
108 4 617.7678952217102 126.82457640767097 681.1549036502838 292.51474142074585 0.98253894
109 4 638.362828373909 131.79055228829384 690.2461051940918 298.2965111732483 0.99705136
109 4 799.5143437385559 156.05643019080162 852.6834297180176 275.6941169500351 0.974225
109 4 695.6770924329758 151.33756399154663 754.336092710495 292.1895235776901 0.973505
109 4 1087.674177646637 146.12914994359016 1242.0 370.10277807712555 0.9538323
110 4 641.5417063236237 133.68457183241844 689.7418938875198 303.1236380338669 0.9882967
110 4 699.8033190965652 156.27902001142502 755.1694368124008 300.4513531923294 0.9819464
110 4 807.3486074209213 153.65709364414215 856.905671954155 276.5912041068077 0.94721425
111 4 642.4717322587967 135.60398295521736 695.1362367868423 306.5274953842163 0.99732745
111 4 701.605110168457 150.7355533540249 767.981112241745 300.27032643556595 0.9893911
111 4 807.7370374202728 152.1705910563469 859.3552905321121 280.99045157432556 0.7898555
112 4 818.5579998493195 152.45965495705605 878.6382082700729 279.09500151872635 0.99882215
112 4 647.1154954433441 134.64784249663353 705.0199924707413 307.9435005784035 0.9973648
112 4 714.318919301033 153.09502556920052 762.3665331602097 301.2968972325325 0.99698263
113 4 817.0988148450851 153.1272791326046 878.8942004442215 283.1803858280182 0.994728
113 4 649.3473207950592 128.92764061689377 706.1772133111954 311.8908852338791 0.9660975
113 4 716.9171880483627 154.84781563282013 774.2244193553925 309.86112356185913 0.91739786
114 4 716.962123632431 151.08947083353996 786.5230740308762 312.4377429485321 0.8821234
114 4 825.9899901151657 153.38880568742752 884.6808968782425 284.61257368326187 0.85604006
114 4 649.1948211193085 126.99880823493004 716.7103511095047 318.91100853681564 0.73510885
115 4 721.357667684555 156.91490471363068 779.1612632274628 312.4037906527519 0.950535
115 4 635.748199224472 130.5561661720276 705.8952369689941 317.5247758626938 0.9422402
115 4 832.4997274875641 152.6939459145069 894.0859812498093 283.67889672517776 0.9082186
116 4 839.5697160959244 152.48803049325943 902.7207942008972 288.19551318883896 0.96163374
116 4 734.0104029178619 158.4189422428608 797.5431003570557 314.1859620809555 0.94575685
117 4 849.4670931100845 154.42564710974693 916.0662925243378 292.073093354702 0.9817901
117 4 734.226641535759 156.3064120709896 795.9309715032578 320.6549808382988 0.9718088
117 4 645.2262021303177 127.23737955093384 718.4282673597336 332.3410078883171 0.3338947
118 4 863.2538040876389 156.92951157689095 925.9549341201782 294.3948358297348 0.9913454
118 4 738.5906492471695 155.4471105337143 798.4254516363144 325.13268291950226 0.98385024
118 4 662.2764061689377 128.05573269724846 725.1404739618301 337.08954602479935 0.79786474
119 4 745.4740108251572 160.05660966038704 818.0802909135818 333.72654765844345 0.99685293
119 4 870.8228960037231 157.72762522101402 932.7386527061462 294.2584678530693 0.99593097
119 4 678.5255427360535 130.86294382810593 739.6248339414597 333.89244228601456 0.99214464
120 4 743.9247325658798 160.87882965803146 810.6374924182892 342.68655627965927 0.99404705
120 4 673.0823407173157 134.86555963754654 745.9297331571579 340.09576588869095 0.96189934
120 4 881.0969324111938 156.35200962424278 937.9891573190689 299.84356462955475 0.95932937
121 4 682.4259810447693 132.41422176361084 751.9032046794891 343.21850538253784 0.99619603
121 4 899.0438493490219 154.39673513174057 955.6838575601578 302.02118307352066 0.98906994
121 4 751.0844442844391 159.37527269124985 817.7477527856827 349.1233214735985 0.9727783
121 4 400.6860503554344 145.60571685433388 419.9028972387314 199.62293654680252 0.51644677
122 4 898.8624043464661 156.8683460354805 973.2424185276031 303.17672342061996 0.9959033
122 4 682.5971360206604 134.72704589366913 758.5014806985855 348.3883738517761 0.9923765
122 4 761.1334326267242 159.41976383328438 821.9447511434555 350.40079057216644 0.98717296
123 4 910.0268611907959 159.9161960184574 977.6900049448013 305.4637312889099 0.9784858
123 4 756.641206741333 157.75363147258759 827.3958002328873 346.3217541575432 0.9695747
123 4 692.5604728460312 132.38957896828651 763.7986975908279 355.97915947437286 0.89425343
124 4 694.1446187496185 130.06240501999855 769.5167691707611 357.73614048957825 0.9808132
124 4 760.0490562915802 161.37871518731117 851.3745235204697 353.3867374062538 0.9736863
125 4 689.9468060731888 127.0054467022419 776.1319978237152 364.67742919921875 0.9773003
125 4 928.609612941742 158.40358659625053 1002.290719628334 317.58420914411545 0.96769655
125 4 777.4141055345535 164.0012003481388 863.7221113443375 357.12627321481705 0.8868359
126 4 941.1530073881149 158.9053049683571 1019.6991498470306 322.79840111732483 0.9578816
126 4 789.3082659244537 157.94524177908897 869.6034908294678 368.20609867572784 0.95056784
126 4 684.3874526023865 123.13076108694077 797.135126709938 373.5530599951744 0.36677548
126 3 0.0 46.58140428364277 282.6263720691204 375.0 0.3011741
127 4 801.8800134658813 158.53208675980568 881.1340209245682 369.8951080441475 0.9876557
127 4 950.1704760789871 159.71864014863968 1034.5582444667816 325.7957249879837 0.7784108
127 4 691.0661981105804 125.9649507701397 804.7401967048645 373.6051172018051 0.31259522
128 4 796.4354048967361 159.60336104035378 884.6267817020416 371.8312606215477 0.98794377
129 4 728.1690731048584 126.04065611958504 809.6648998260498 375.0 0.95579123
129 4 806.2072287797928 161.55850142240524 899.9028815031052 375.0 0.6250831
130 4 821.3548142910004 163.1760075688362 909.7784940004349 370.6311956048012 0.9916522
130 4 745.1847056150436 122.7896399796009 831.6195230484009 373.1195256114006 0.9824607
130 4 987.2623207569122 153.83123606443405 1066.1560292243958 333.573617041111 0.7141878
131 4 1003.3256446123123 157.94887393712997 1099.3244125843048 331.05888962745667 0.9925748
131 4 839.1356842517853 156.5212905406952 921.5083841085434 374.6543973684311 0.98975474
131 4 749.8823618888855 123.77665936946869 839.0970411300659 374.99740719795227 0.9895738
132 4 840.1050935983658 155.73125705122948 944.4004361629486 375.0 0.99630797
132 4 751.6449916362762 127.77145206928253 852.1692985296249 375.0 0.9962249
132 4 1018.553107380867 160.16502678394318 1108.417909026146 333.2829773426056 0.92543507
133 4 855.395036816597 157.2810709476471 972.6344926357269 375.0 0.9952384
133 4 768.9731744527817 125.5711019039154 865.5179060697556 372.040294110775 0.9881207
133 4 1031.296306014061 157.5300358235836 1120.3249504566193 337.1359035372734 0.98616195
134 4 859.2413599491119 162.17247024178505 983.8779383897781 374.4877651333809 0.99152035
134 4 764.6524736881256 118.38327348232269 871.1584693193436 375.0 0.99151295
134 3 5.0649353871122 54.04565669596195 267.31127750873566 375.0 0.3024788
135 4 876.4875926971436 159.0699478983879 1001.1580023765564 371.9923496246338 0.9721019
135 4 778.2744702100754 112.88192868232727 879.8636838197708 375.0 0.9358246
136 4 903.2465479373932 153.6976397037506 1013.9998075962067 375.0 0.9884918
136 4 766.1909437179565 113.74858394265175 907.8849810361862 372.82613664865494 0.98426604
137 4 905.1920292377472 161.61391139030457 1039.581998348236 374.05380606651306 0.9163496
137 4 758.109127163887 114.85195532441139 926.4837230443954 375.0 0.8106994
138 4 765.1258889436722 108.03241655230522 943.4152586460114 375.0 0.883047
138 4 914.4586054086685 159.3777872622013 1062.4614654779434 375.0 0.85431415
138 4 1108.0137848854065 157.71620348095894 1209.1361718177795 363.6510595679283 0.81168425
139 4 927.7604266405106 160.210233181715 1094.5993655920029 375.0 0.98681045
139 4 777.5994000434875 104.20392081141472 954.0709884166718 373.4782934188843 0.85182655
139 4 1102.0747368335724 154.23734486103058 1230.0232232809067 365.596242249012 0.5990789
140 4 818.2601813077927 108.97307842969894 977.7367912530899 373.8560155034065 0.98769975
140 4 951.0653382539749 159.4868078827858 1116.1513452529907 375.0 0.97635704
141 4 839.8126791715622 111.15195974707603 1013.657275557518 375.0 0.99847966
141 4 981.2188178300858 163.587749004364 1140.0346451997757 375.0 0.98686546
141 4 913.3067146539688 118.84531751275063 1072.0896731615067 375.0 0.41999847
141 4 1111.2433726787567 150.1161865890026 1242.0 373.4303042292595 0.32244563
142 4 857.437273979187 108.53184387087822 993.4678730964661 375.0 0.9595589
142 4 1001.026897072792 161.0722951591015 1173.7327798604965 375.0 0.95037484
142 4 1138.6668119430542 160.2294221520424 1240.0944203138351 375.0 0.58766097
143 4 861.6634397506714 110.4309931397438 1028.9216787815094 375.0 0.9829075
144 4 886.3278933763504 102.85599902272224 1066.847755908966 370.4965263605118 0.99019814
144 4 1044.9091229438782 159.0256132185459 1239.3455432653427 374.5102509856224 0.975621
