0 1 486.1068189740181 167.23930835723877 521.3476433157921 195.46490907669067 0.99910057
0 1 1058.2728323936462 157.21850842237473 1231.2267122268677 211.53733134269714 0.99904007
0 4 950.3063192367554 158.60693156719208 969.3016344308853 223.54821860790253 0.99431956
0 4 968.7819510698318 157.68293291330338 993.2061066627502 223.43451529741287 0.7106634
1 1 1056.2650927305222 156.56354650855064 1228.0036389827728 211.86809241771698 0.999079
1 1 486.7829995751381 167.290560901165 523.6795558333397 195.44325023889542 0.9973537
1 4 950.0361135005951 160.89272126555443 969.7350000143051 223.59412908554077 0.9959948
2 1 487.08933144807816 167.2348491847515 525.825507581234 195.8198994398117 0.9991392
2 1 1057.0707499980927 155.96601739525795 1226.3487213850021 210.12845635414124 0.99872905
2 4 949.9629728794098 157.32823312282562 970.4533771276474 223.0425328016281 0.9465332
2 4 967.4993251562119 155.8956764638424 995.6849666833878 222.1565544605255 0.77455
3 1 1059.97860789299 157.17342495918274 1229.0279037952423 210.87460219860077 0.9992193
3 1 486.3209847807884 166.8713092803955 528.990912258625 195.84477692842484 0.99783945
3 4 967.4346978664398 157.21092000603676 994.206756234169 222.08750993013382 0.639621
3 4 953.0496107339859 157.82037377357483 970.8435097932816 219.56229954957962 0.52350855
4 1 1063.3088010549545 157.63353556394577 1225.2862576246262 211.45056188106537 0.9989353
4 4 953.550638794899 157.71467238664627 973.1142003536224 222.61469811201096 0.9980691
4 1 489.33133578300476 167.23204404115677 528.8866794705391 195.2058970928192 0.9929262
4 1 499.30411130189896 168.49079355597496 534.8973505496979 193.49540770053864 0.9801916
4 1 523.4703129529953 167.58833080530167 560.559566617012 187.56365776062012 0.9407682
4 4 969.4090504646301 158.18585827946663 994.39286506176 221.77981585264206 0.5849788
5 1 1063.9680290222168 158.7303802371025 1228.8704441785812 212.6845121383667 0.99908483
5 1 486.803986787796 167.0931838452816 526.1970589756966 196.49595022201538 0.9981279
5 4 948.7086260318756 157.57839381694794 971.7101669311523 226.16882622241974 0.9978085
5 1 522.5497997403145 167.62584820389748 565.0385413169861 188.70815634727478 0.9803051
5 4 967.4294418096542 159.9140390753746 995.7194641828537 223.19792211055756 0.9546604
6 1 1070.999670624733 157.04332664608955 1232.8717099428177 212.54412084817886 0.9979354
6 1 487.3417702317238 167.52756759524345 521.4922959208488 196.262888610363 0.99778384
6 4 949.3277302980423 157.37025439739227 973.394474029541 223.21466356515884 0.99545187
6 4 970.1987915039062 159.65116024017334 996.3315356969833 225.15857219696045 0.9709231
6 1 504.1424966454506 169.50663551688194 533.7775883674622 192.50819832086563 0.77232414
6 1 522.319828748703 169.43395882844925 564.8062754273415 189.70191478729248 0.55350375
7 1 486.6159902215004 168.7694750726223 526.2036475539207 197.55899906158447 0.9993736
7 1 1068.4740983247757 159.14491564035416 1232.468844294548 214.41185474395752 0.99863404
7 1 524.7767761945724 168.51181536912918 566.7305474281311 188.96455317735672 0.99801457
7 4 950.4457157850266 162.90653496980667 972.1242109537125 222.20154851675034 0.9946254
7 4 967.496141910553 163.64165022969246 996.6850980520248 223.73519092798233 0.9926105
8 4 949.14606320858 163.7500561773777 971.6951390504837 222.51290827989578 0.99536335
8 1 487.8287327885628 169.6276143193245 527.3980679512024 198.64249974489212 0.9883018
8 4 965.1818482875824 164.5468734204769 992.5050523281097 223.34586828947067 0.9323865
8 1 1070.3609486818314 157.59386122226715 1230.1380422115326 213.79713714122772 0.71241254
8 4 957.1856092214584 161.36422008275986 986.4517775774002 222.51411527395248 0.62921655
8 2 1081.3799386024475 157.85590186715126 1228.6992151737213 217.0071378350258 0.5727918
8 1 521.5696561932564 170.00068724155426 568.3354584574699 190.37139415740967 0.43719584
9 1 527.3449891805649 169.81282085180283 569.675863981247 190.2470514178276 0.9971577
9 1 488.2454048395157 169.44194957613945 524.3165380954742 200.2481147646904 0.99605596
9 4 960.8725479841232 161.28498315811157 988.0744925737381 224.39854592084885 0.9885642
9 4 949.6755924224854 161.75240278244019 975.5839548110962 222.9103446006775 0.98483974
9 1 507.13337802886963 172.32529073953629 537.4674882888794 195.1736882328987 0.7898284
9 2 1079.3811564445496 155.76054900884628 1230.7606258392334 213.94097059965134 0.40165293
9 1 1074.0484796762466 157.27777406573296 1231.8362667560577 213.5082185268402 0.33688262
10 1 489.50430446863174 169.49889063835144 528.8844956159592 200.00635832548141 0.99394673
10 4 961.2834827899933 163.29163312911987 983.1538610458374 223.09937328100204 0.9862643
10 4 953.375116109848 162.40974515676498 972.6507790088654 223.59146922826767 0.97306347
10 1 527.3177835345268 170.841034501791 570.3797684311867 190.6696781516075 0.8951471
10 1 1076.8918583393097 160.6174148619175 1236.378980398178 216.1751165986061 0.8548553
11 1 490.0502310991287 169.34734582901 527.5355767607689 198.79650324583054 0.9971607
11 1 531.124056994915 169.5985458791256 570.1930303573608 188.64921480417252 0.99691004
11 1 1090.402811408043 157.6758809387684 1233.871767282486 215.8524915575981 0.74080706
11 4 961.8797121047974 158.77630189061165 983.6086210012436 221.80943191051483 0.72844523
11 1 505.22039544582367 171.4593507349491 541.0567088127136 191.88480824232101 0.6142262
12 1 490.912002325058 168.7382385134697 526.5601340532303 198.19899648427963 0.99852896
12 1 535.4639682769775 170.06973177194595 569.7842794060707 188.82912397384644 0.9962011
12 4 966.2920607328415 161.98761016130447 988.2035250663757 222.87453711032867 0.9901488
12 4 959.6819400787354 162.09442913532257 983.0592520236969 222.37584739923477 0.98711836
12 1 509.9568799138069 171.50063440203667 539.5608794689178 191.95908308029175 0.9766574
12 1 1065.2291125059128 160.7908308506012 1240.942644238472 216.22391045093536 0.3101197
13 1 492.3953577876091 169.05926540493965 527.8825875520706 199.48017597198486 0.99909174
13 1 510.4218188524246 171.396866440773 539.7412140369415 194.1005364060402 0.9853456
13 4 958.7935924530029 159.84826907515526 979.8092322349548 221.9012752175331 0.98291665
13 1 538.118536055088 170.33626511693 573.1015545129776 188.1389245390892 0.56921613
13 5 959.0245628356934 155.62256053090096 999.6094644069672 222.85636514425278 0.34280056
14 1 495.0788338780403 168.398916721344 528.8436316251755 200.23752003908157 0.99936146
14 1 512.6644894480705 170.72514072060585 543.9395079016685 195.30632346868515 0.9992078
14 1 543.6767420768738 170.3682504594326 578.1815704107285 188.9866143465042 0.9987245
14 4 955.800897359848 158.3634652197361 976.3960525989532 222.48702496290207 0.9867453
14 2 1091.8721383810043 155.9310257434845 1238.3130612373352 213.5857343673706 0.9486491
14 4 969.0346859693527 158.65525603294373 986.1526265144348 222.6674035191536 0.4711923
15 1 496.67308473587036 168.66251081228256 531.6898974180222 200.40835440158844 0.9994135
15 1 515.9449721574783 170.5280765891075 546.9802848100662 193.39493662118912 0.9990501
15 1 549.0254461169243 168.97138953208923 579.671625494957 188.6049136519432 0.99508226
15 4 960.9702662229538 158.2375355064869 987.403049826622 221.30600363016129 0.99262565
15 4 975.1659132242203 159.2048853635788 1000.5296444892883 221.59568220376968 0.9919059
15 1 1076.1961340904236 157.3701873421669 1242.0 217.51056611537933 0.6918836
16 1 500.92963939905167 168.44269260764122 534.2605903744698 198.80767911672592 0.9978452
16 1 519.1365090608597 170.64756900072098 549.4681023359299 193.07662546634674 0.9969433
16 1 548.8786096572876 169.82845589518547 577.9201741218567 187.61368095874786 0.9963064
16 4 962.0736680030823 157.71032497286797 992.0408906936646 223.9847034215927 0.98786616
16 1 1093.5100293159485 156.4818061888218 1240.4019366502762 217.48023480176926 0.90748537
17 1 502.93612056970596 168.17209124565125 539.1643803119659 200.75708627700806 0.99943274
17 1 521.3031519055367 170.3377179801464 554.9754504561424 195.89681178331375 0.9991928
17 1 555.1261734366417 170.312337577343 584.0041338801384 188.54176998138428 0.9984566
17 4 972.9474130868912 157.91869908571243 1003.2554651498795 222.60457277297974 0.885553
17 2 1111.2454454898834 155.20145371556282 1241.2152189016342 219.86932307481766 0.62208146
17 1 1100.7012033462524 154.36310693621635 1240.7018280029297 214.20197188854218 0.49132344
18 1 506.59074568748474 168.87668520212173 541.6128144264221 200.45162737369537 0.99926
18 1 523.1077190637589 170.4440340399742 554.3013796806335 194.7065368294716 0.99827087
18 1 559.9623749256134 169.44173723459244 580.2641163468361 186.90649420022964 0.96102077
18 2 1116.666364789009 154.106006026268 1242.0 218.55314075946808 0.8092913
18 4 973.0622320175171 157.41081163287163 1002.6841095685959 221.21308743953705 0.77610105
19 1 529.4656600356102 170.72224617004395 559.1556812524796 193.11603158712387 0.99851865
19 1 509.42568504810333 167.32249036431313 547.7576630115509 199.05446469783783 0.99851805
19 4 973.5204713344574 158.2343727350235 997.9204934835434 224.2148369550705 0.9946831
19 1 564.3130204081535 169.93117332458496 587.7407460808754 187.09756806492805 0.94045115
19 2 1124.3831444978714 151.17087587714195 1242.0 220.9462746977806 0.9370976
20 1 513.2844080328941 167.2317534685135 549.5130749344826 200.40958374738693 0.9994823
20 1 531.0303363204002 169.5268079638481 563.1529124379158 194.85723227262497 0.9992255
20 1 569.9970016479492 169.35249790549278 589.3312954902649 185.3470243513584 0.99647164
20 4 980.7799000740051 158.3569273352623 1006.781094789505 221.04643285274506 0.99617696
20 1 1132.1564083099365 174.46938157081604 1235.8641829490662 218.08741986751556 0.89260715
20 4 988.9180526733398 158.74581411480904 1011.7246752977371 222.68112748861313 0.59595686
20 5 607.7918624281883 169.65946555137634 617.589707493782 188.60549479722977 0.3103485
21 1 515.9367549419403 166.46534577012062 552.772348344326 199.93923604488373 0.9993894
21 1 533.7019677758217 167.89429262280464 566.7579011321068 191.0155937075615 0.9984913
21 4 985.9910212755203 158.72447937726974 1013.3837385177612 224.28365796804428 0.9945962
21 1 1146.844496011734 177.8421252965927 1242.0 219.04776245355606 0.99138755
21 1 574.7914137840271 168.04489865899086 593.8124910593033 184.71141904592514 0.97061837
21 4 994.5477336645126 160.0661315023899 1020.4702355861664 224.96947646141052 0.9488489
22 1 540.0851526260376 167.2380343079567 570.1099328398705 191.7436122894287 0.9995819
22 1 520.036072075367 165.27511551976204 557.7031218409538 197.82089442014694 0.9991486
22 1 580.1629557609558 167.41522774100304 598.8664487600327 183.76336991786957 0.99725074
22 4 987.8956385850906 157.49908983707428 1016.6915009021759 223.4407514333725 0.9745076
22 2 1154.0022089481354 165.51964357495308 1241.027999639511 216.06780588626862 0.72138673
22 4 996.5762014389038 156.12423419952393 1021.4720696210861 220.63672542572021 0.3795038
22 1 1156.1818438768387 164.83931243419647 1241.189086675644 215.21184593439102 0.30592877
23 1 523.4862661957741 164.42455351352692 560.7124734520912 199.64691996574402 0.999223
23 1 542.7073697447777 166.90386459231377 573.5837792158127 191.4527714252472 0.9969139
23 1 531.5603097081184 166.22976958751678 566.9784704446793 195.91956585645676 0.97933656
23 1 582.3157551884651 167.00800135731697 602.3135336637497 184.1031163930893 0.93046445
23 2 1159.4146889448166 155.10771051049232 1242.0 223.11099618673325 0.8512735
24 1 526.1624504327774 165.29715433716774 564.9279790520668 199.68976825475693 0.9995401
24 1 549.2049293518066 168.74746978282928 579.6322050690651 192.28633493185043 0.99593484
24 1 586.8328918218613 167.90771484375 607.4498115777969 184.87748131155968 0.99018586
24 2 1185.622942686081 151.38614550232887 1242.0 227.07527875900269 0.80715966
24 4 1005.2056102752686 156.58927336335182 1027.2579517364502 224.81587529182434 0.76688427
25 1 531.0078685283661 164.96266052126884 569.5272508263588 201.41758024692535 0.9993787
25 1 549.9177172780037 168.70710253715515 581.7408092021942 194.97451186180115 0.9989743
25 4 1002.7632465362549 157.08661079406738 1030.501012802124 224.00124371051788 0.9968616
25 1 590.588825583458 168.4124395251274 610.5597685575485 184.73049625754356 0.9947214
26 1 533.3852718472481 164.77413475513458 572.4087173938751 201.36574655771255 0.99952614
26 1 552.3387976884842 167.53649711608887 587.3782632350922 193.8515603542328 0.9994636
26 4 1011.8337199687958 156.76796436309814 1041.9906789064407 224.23352301120758 0.9984127
26 1 593.8384382128716 168.43189671635628 614.8346453905106 184.57187712192535 0.988366
26 2 1212.5648235082626 168.5926839709282 1239.266258239746 225.04634410142899 0.69660586
27 1 535.6791334748268 164.8496836423874 576.7824599146843 200.04981011152267 0.9994943
27 1 554.5317208170891 166.90802201628685 588.952230155468 193.572498857975 0.9983052
27 1 594.5036255121231 167.24908724427223 619.3977540135384 184.12809446454048 0.9970379
27 4 1019.3443289995193 154.9099199473858 1052.8495441675186 224.0481823682785 0.9772156
28 1 536.9938509464264 164.23149034380913 578.4588088989258 201.3680264353752 0.99968576
28 1 557.9288361668587 168.23278740048409 591.8076755404472 194.10746544599533 0.99490064
28 1 592.0662957429886 167.71569103002548 619.8458513617516 183.97610262036324 0.91830957
28 4 1030.8446552753448 154.74369004368782 1070.419431567192 226.73305124044418 0.8726145
29 1 535.6789113879204 165.38871824741364 577.6950520277023 203.3974528312683 0.99968266
29 1 591.6563973426819 169.23002153635025 619.2651681303978 186.0629841685295 0.9990688
29 4 1018.3230993747711 156.40857070684433 1047.7965488433838 229.55576330423355 0.9989347
29 1 556.7384873628616 169.08365115523338 590.5243833661079 195.50252705812454 0.99807656
29 4 1029.3135141134262 158.08595716953278 1058.489219069481 226.5176698565483 0.375694
30 4 1010.6834578514099 157.6874926686287 1048.4924951791763 232.2908565402031 0.9990305
30 1 533.2560912966728 167.74757578969002 574.6199997067451 205.8253213763237 0.99835145
30 1 586.2855586409569 170.576099306345 618.1615812778473 187.90852278470993 0.99685365
30 1 553.7626338601112 170.33769562840462 587.4375974535942 198.14778864383698 0.990952
30 1 543.7283772826195 168.90426725149155 580.8428378105164 202.30378210544586 0.988466
30 4 1025.0597355365753 161.7055982351303 1055.2921299934387 229.2017787694931 0.98043174
31 1 548.7045305371284 170.22279649972916 584.148675441742 199.18426126241684 0.9980646
31 1 528.5023210644722 169.00679469108582 570.4155614376068 208.28454941511154 0.99732333
31 4 1011.0727761983871 160.70273146033287 1043.1898001432419 232.26694017648697 0.9959913
31 4 1021.5153025388718 159.40985083580017 1049.9728524684906 232.7076494693756 0.37113404
32 1 519.7873347401619 168.9762957394123 563.259995341301 209.1185823082924 0.9996536
32 4 1001.5271108150482 161.85417026281357 1031.9120049476624 231.67770355939865 0.99903643
32 1 541.5265706777573 171.07149213552475 577.0481498837471 199.7188702225685 0.99643975
32 4 1019.8195209503174 163.62768039107323 1048.8678220510483 233.5156872868538 0.992396
33 1 511.2878097295761 166.7708270251751 556.0996173620224 208.96080136299133 0.9996911
33 4 993.9189316034317 159.43673998117447 1021.9017337560654 228.36057096719742 0.9989667
33 1 533.8242636322975 169.8395423591137 568.232780277729 198.87712597846985 0.9989459
33 1 564.9682878255844 170.24408653378487 597.1367619037628 187.97484040260315 0.9986565
33 4 1008.2012665271759 160.07496044039726 1036.5068349838257 233.8908165693283 0.82364714
34 1 501.19325655698776 164.61311280727386 546.5447353720665 208.4616869688034 0.99976236
34 1 523.192260146141 168.00876706838608 558.8150369524956 198.99380207061768 0.99922717
34 4 985.0802428722382 157.67240524291992 1011.9732645750046 228.17934304475784 0.99887055
34 4 999.3301531076431 158.31272676587105 1026.5281001329422 230.59898614883423 0.99837023
34 1 560.8745228648186 169.6792021393776 588.0513716340065 186.47779896855354 0.9923781
35 1 488.2085013985634 164.34036567807198 534.6017898917198 209.91059392690659 0.99968266
35 1 511.4460096359253 167.97799989581108 548.6072934865952 200.09326189756393 0.99922657
35 4 970.1284639835358 159.13893654942513 1006.8576407432556 227.23685950040817 0.9982079
35 1 542.1793951392174 169.34264078736305 574.8963128328323 185.43249741196632 0.99246687
35 4 989.4924434423447 158.79328921437263 1016.8631740808487 222.01694548130035 0.9729822
35 1 500.1220203638077 166.2275567650795 542.642224252224 205.50191402435303 0.86149067
36 1 473.24584025144577 166.832584887743 523.5830220580101 213.5368064045906 0.999806
36 1 499.6117386817932 169.59339380264282 537.8082436323166 202.60613411664963 0.9992874
36 4 956.0035886764526 159.22658890485764 984.9583911895752 227.55935043096542 0.99698466
36 1 523.5945335626602 171.11502215266228 560.4483751058578 188.98379802703857 0.993087
36 2 1213.466126203537 160.62087938189507 1240.4951391220093 231.7962348461151 0.98982847
37 1 458.20663315057755 166.03406891226768 510.7027217745781 214.6541029214859 0.9998553
37 4 942.6476522684097 157.66603499650955 971.1559860706329 228.40914130210876 0.9981597
37 1 482.3553639650345 169.71741244196892 524.360511302948 203.1126469373703 0.9980254
37 4 961.6786494255066 158.37135538458824 992.3875683546066 230.54040223360062 0.9740288
37 1 515.4623032808304 171.61189019680023 547.5385742783546 189.35298174619675 0.9406539
37 2 1205.8676447868347 169.99061778187752 1240.413781285286 232.77995735406876 0.6922145
37 3 1205.3097624778748 172.83979430794716 1241.5473868846893 231.97516053915024 0.31930932
38 1 441.27791064977646 165.2127094566822 494.54834228754044 215.1683047413826 0.99951303
38 1 466.3462293148041 168.92196983098984 507.7904961705208 202.3816779255867 0.999097
38 4 928.146931886673 156.51126578450203 954.4519414901733 223.47693890333176 0.9945761
38 1 496.610345184803 171.50739580392838 527.6918148994446 188.53890895843506 0.98971456
38 4 934.2972586154938 156.15878999233246 961.5989202260971 226.28400474786758 0.7517374
38 3 1192.439530134201 169.8766127228737 1241.909906744957 227.2215485572815 0.6122621
38 2 1192.2696336507797 164.17210176587105 1240.8692815303802 229.0458083152771 0.54425174
38 4 939.5519088506699 155.3630232810974 976.1587157249451 230.55314272642136 0.40739304
39 1 420.7390174269676 163.1738506257534 478.4490773677826 216.63911640644073 0.9998783
39 1 449.5531278848648 168.23124513030052 490.9347662329674 201.19480043649673 0.9990127
39 4 906.5519413948059 155.83771839737892 936.1891429424286 223.97370636463165 0.9977502
39 4 918.3899137973785 154.81265634298325 948.9563269615173 224.7973009943962 0.9977297
39 1 472.28983014822006 169.15583610534668 511.5512048006058 185.88224798440933 0.9909149
39 2 1180.5411500930786 151.21887624263763 1240.5323016643524 226.15212947130203 0.93420327
40 1 400.09052431583405 162.3874269425869 459.7124934196472 216.57337993383408 0.9998332
40 4 888.5582381486893 155.6779481470585 925.0703619718552 225.02084076404572 0.999012
40 4 906.8508703708649 155.73563799262047 936.9908026456833 225.93598812818527 0.99752957
40 1 427.9867495894432 166.7015254497528 474.7951555252075 200.84765553474426 0.9962542
40 2 1158.9364618062973 152.03868225216866 1240.4644170999527 230.34795373678207 0.9806327
41 1 406.93539083004 166.60893335938454 453.33104825019836 203.17380130290985 0.99970764
41 1 378.5867745280266 162.7401039004326 440.37834763526917 219.75407749414444 0.999622
41 4 878.132442355156 157.52635896205902 907.5417087078094 225.60417652130127 0.99736834
41 1 434.2563369870186 167.59180650115013 473.61876118183136 184.86162275075912 0.9790734
41 2 1143.3243445158005 159.1828353703022 1240.1264748573303 232.27713257074356 0.97835195
42 1 353.5709794163704 164.17204588651657 417.5430387854576 224.16121512651443 0.9998142
42 1 383.47424107789993 168.305441737175 432.61511474847794 205.9568166732788 0.99955314
42 4 866.1502615213394 159.74977612495422 893.7800195217133 228.68558764457703 0.99813557
42 1 1129.2276742458344 155.45626357197762 1241.7135078907013 232.00678825378418 0.99777967
42 4 855.9723887443542 159.72084179520607 883.9901325702667 226.06739401817322 0.992084
42 1 409.31460785865784 170.53814604878426 449.31397730112076 188.71383368968964 0.7720817
43 1 321.05331069231033 167.06492006778717 393.4662271142006 229.85480725765228 0.99993825
43 1 354.871002137661 169.92035508155823 403.53264927864075 208.70491862297058 0.9997478
43 4 823.3159157037735 160.12731939554214 851.725790977478 230.42674362659454 0.9992724
43 4 837.4176939725876 161.36617586016655 861.7056362628937 230.70768266916275 0.99597895
43 1 379.711163520813 172.45981469750404 423.8085916042328 189.54261392354965 0.9320391
43 2 1100.154499411583 160.04005819559097 1238.660997390747 231.54021799564362 0.80375457
44 1 286.55769896507263 169.12531480193138 363.1701677441597 235.11862009763718 0.99984825
44 1 322.5657225251198 170.33256590366364 374.3692701458931 211.46830916404724 0.99880517
44 4 806.5764852762222 162.14744746685028 829.6607905626297 230.37468641996384 0.98952824
44 1 1068.8862916231155 163.78534957766533 1242.0 235.24276167154312 0.9862125
44 4 813.2495305538177 162.70707920193672 844.7828360795975 233.0654114484787 0.87934864
44 1 355.0584064722061 174.10098016262054 392.8653339743614 190.6103789806366 0.68751925
45 1 245.90256240963936 168.71262341737747 334.6533206105232 241.18450284004211 0.99984884
45 1 281.7616211771965 171.93115130066872 339.0740715265274 212.9802703857422 0.99915934
45 4 767.5512260198593 163.23118284344673 798.5079199075699 232.8362613916397 0.9980666
45 1 312.21643567085266 174.92938041687012 361.8042222261429 193.44867020845413 0.96353877
45 2 1042.8329805135727 163.61498460173607 1230.7673624753952 235.361248254776 0.93400687
46 1 199.29423826932907 168.85803267359734 294.11157792806625 247.83135205507278 0.9997738
46 1 237.81702589988708 173.14297333359718 299.4096831679344 217.48153120279312 0.9995372
46 4 747.4431073665619 164.7021733224392 775.0478435754776 235.9120398759842 0.99894446
46 4 735.7113665342331 164.59976881742477 763.9762930870056 234.3330904841423 0.99892443
46 1 1011.0715917348862 163.35010528564453 1196.5177119970322 236.50208115577698 0.67416745
46 2 1007.2905621528625 165.9601852297783 1197.0550882816315 236.34696006774902 0.5625362
47 1 143.34738180041313 170.8870343863964 256.0069799423218 256.77770376205444 0.9997944
47 1 190.35566595196724 174.72010105848312 254.77654445171356 220.57494521141052 0.9996983
47 4 700.0369545221329 164.4214242696762 729.3881081342697 236.2937182188034 0.9983448
47 1 234.28545543551445 177.60809138417244 278.4133649468422 197.50528782606125 0.94702464
47 2 976.8713926076889 166.41582548618317 1154.2931427955627 236.77586764097214 0.92354345
48 1 74.01568986475468 175.85160210728645 208.7573428452015 265.3563469648361 0.999796
48 1 125.55220574140549 175.1144416630268 206.34538650512695 227.84779965877533 0.9992206
48 4 662.4006267786026 164.66520354151726 689.6110106706619 237.18852549791336 0.9965919
48 1 185.8941805958748 179.17193099856377 231.4045070707798 198.6445114016533 0.9913304
48 4 678.8195858001709 167.83436760306358 711.9662046432495 238.37703466415405 0.9910478
48 2 940.3840684890747 166.93611815571785 1111.481819987297 236.50916665792465 0.965887
49 1 1.967906438978389 171.72125726938248 158.39413985610008 274.840347468853 0.999778
49 1 74.86876731365919 176.2247309088707 151.0223351418972 224.0668684244156 0.9995615
49 4 626.8833042383194 161.9829162955284 657.5366274118423 236.58914119005203 0.99883217
49 4 615.4776980280876 163.9922596514225 651.0813753604889 236.37454211711884 0.99761754
49 1 123.88354651629925 179.41832542419434 177.78362229466438 199.6093913912773 0.99022573
49 2 903.585896730423 163.99766877293587 1073.165684223175 237.0925024151802 0.8914558
50 1 0.0 171.74404487013817 99.3778665214777 286.20097786188126 0.99887544
50 4 573.8227817416191 163.0604937672615 613.1453413367271 236.42217367887497 0.99682236
50 4 587.287614762783 164.63930904865265 616.7422978878021 234.63168740272522 0.99582493
50 2 865.2223824262619 163.95598277449608 1027.2739419937134 235.6473058462143 0.8640076
51 4 528.8398191332817 160.31572222709656 563.6484993696213 237.7321869134903 0.9993162
51 4 546.9300931692123 160.95764189958572 574.8731417655945 238.49934339523315 0.9989322
51 2 828.4239145517349 162.06223145127296 985.8273432254791 231.96613043546677 0.9782495
52 4 484.81438422203064 158.82372111082077 521.6453137993813 237.2535914182663 0.9990447
52 4 505.78175711631775 160.66576167941093 531.9939714074135 234.39283668994904 0.9960884
52 2 791.2459741830826 159.4739556312561 947.0633322000504 229.19288277626038 0.9878048
53 4 437.92891412973404 157.1449711918831 473.71651643514633 236.78333312273026 0.99928695
53 4 457.0760627388954 158.0987200140953 493.3700602054596 235.11341214179993 0.9985285
53 2 750.47607421875 160.74524447321892 907.8581085205078 228.37619483470917 0.8878412
53 1 749.976970911026 158.64001214504242 912.2667557001114 228.096641600132 0.4071214
54 4 386.84674179553986 156.89938142895699 423.95057916641235 241.2421479821205 0.99931943
54 4 405.13452512025833 156.1535820364952 443.99262696504593 239.1761988401413 0.99885225
54 2 712.967742562294 159.09100323915482 870.0196816921234 230.3941324353218 0.9862053
55 1 1181.112209558487 169.77452114224434 1238.0442620515823 200.4200890660286 0.99955565
55 4 330.5521157383919 157.417394220829 373.7554589509964 243.88280510902405 0.99931276
55 4 350.1396996974945 157.57057070732117 386.3008521795273 242.07600206136703 0.99843913
55 2 676.7082055807114 158.64723175764084 829.8807306289673 228.96069288253784 0.95454735
56 1 1122.0674443244934 171.42606899142265 1176.5127897262573 201.021708548069 0.99976856
56 4 293.5598585307598 158.29775109887123 332.20829182863235 246.890589594841 0.99892694
56 4 270.73794892430305 159.1988168656826 319.50114530324936 249.11398440599442 0.9968675
56 2 638.8088529109955 161.12881153821945 792.5896739959717 233.12808573246002 0.9187056
57 1 1067.6753997802734 175.1289926469326 1118.7512426376343 203.80454510450363 0.9996221
57 4 213.42494335770607 158.98922458291054 260.41227731108665 252.3937001824379 0.9988422
57 4 229.66380840539932 158.7997041642666 275.1691194176674 250.56633353233337 0.9932185
57 1 597.866539478302 163.7250892817974 757.4108119010925 237.30111122131348 0.58079076
57 2 603.0653718709946 162.20249980688095 758.4324116706848 237.47073858976364 0.48562363
58 1 1011.9097477197647 178.80941927433014 1061.2415421009064 207.72233605384827 0.9998578
58 4 156.11919263005257 156.32999315857887 202.5801806151867 259.96018946170807 0.9988569
58 4 131.26501201093197 153.5862721502781 179.50770145654678 256.87889009714127 0.9972325
58 2 558.2689252495766 163.50138187408447 719.7433919906616 239.8877665400505 0.97762656
59 1 960.7465506792068 181.46530911326408 1007.3264662027359 209.41606163978577 0.9998665
59 4 37.18765667080879 152.44857966899872 120.76337353885174 262.5851109623909 0.9987739
59 4 85.06080275774002 160.6745906174183 133.67409972846508 260.49546897411346 0.99848586
59 2 513.0003588795662 166.29114747047424 682.1650289297104 243.4944435954094 0.98246276
59 2 1207.7837365865707 170.71186378598213 1242.0 263.0706802010536 0.55653757
60 1 911.6732654571533 181.49378523230553 956.4613097906113 209.13469791412354 0.9998266
60 2 469.26356291770935 162.89551556110382 637.1040397882462 247.5205734372139 0.9866644
60 4 0.0 156.24038502573967 42.75196545571089 266.20370149612427 0.93512064
60 1 1181.6573588848114 190.73890149593353 1241.6861171722412 300.7180765271187 0.58722687
61 1 862.298238158226 177.88685113191605 907.2784616947174 206.63780719041824 0.99988234
61 2 419.7419582605362 161.71637177467346 594.6399498581886 249.6064156293869 0.9761427
62 1 814.8258293867111 176.45399272441864 859.793319940567 205.25886118412018 0.9997009
62 1 1092.4060353040695 189.86859172582626 1238.1339851617813 286.3206937909126 0.9993667
62 1 1090.6130536794662 184.03923511505127 1203.8568699359894 257.6524391770363 0.9946372
62 2 365.59165531396866 161.5988239645958 553.5566482543945 251.10425055027008 0.98396724
63 1 1049.552293896675 187.58274614810944 1200.225823044777 290.57297855615616 0.9999006
63 1 769.1717941761017 178.36860939860344 812.5086486339569 206.16982877254486 0.9997068
63 1 1044.6552035808563 185.76925992965698 1165.9566289186478 262.87610828876495 0.99939966
63 1 1014.6451181173325 184.18774008750916 1061.3626534938812 226.03337466716766 0.99799997
63 2 305.62606224417686 162.1141880750656 503.12918812036514 252.30292975902557 0.979431
64 1 1010.9145022630692 188.788041472435 1153.215725183487 288.0992665886879 0.9999217
64 1 725.1664581298828 178.23534831404686 768.6467807292938 206.1174362897873 0.99965894
64 1 1001.6661372184753 185.94171479344368 1121.2424654960632 264.5973935723305 0.9989404
64 1 972.064469575882 183.69215726852417 1019.4592959880829 225.20457208156586 0.9977289
64 2 242.65765061974525 157.709788531065 456.5299880504608 257.70995020866394 0.9897395
65 1 972.2590917348862 190.67859649658203 1113.764651298523 289.7500768303871 0.99985504
65 1 681.4251093864441 177.9945194721222 726.111289858818 207.1906104683876 0.9998211
65 1 960.2231658697128 186.27485632896423 1073.001191854477 257.53504782915115 0.9994143
65 1 930.4534524679184 183.728389441967 975.3678642511368 224.3494614958763 0.98858416
65 2 162.1321956217289 156.6431075334549 403.621669113636 262.14730739593506 0.9822802
66 1 638.1290448904037 176.3859987258911 684.3710922002792 206.43040537834167 0.99944705
66 1 922.7671726942062 185.01867726445198 1032.4140694141388 257.32404738664627 0.9993672
66 1 935.9524723291397 192.08186119794846 1106.946065068245 299.9071329832077 0.9989998
66 1 890.2959201335907 182.4813075363636 933.168909072876 223.42805564403534 0.9980465
66 2 79.63667245209217 155.0484448671341 357.3432365655899 268.80139857530594 0.98245287
66 1 929.7071664333344 190.7893717288971 1069.9682250022888 277.1148160099983 0.49251446
67 1 891.1413309574127 182.17138946056366 994.9940543174744 256.2914192676544 0.99983394
67 1 910.0926729440689 189.58590924739838 1079.196454167366 297.9525849223137 0.9994504
67 1 598.0162260532379 174.81649294495583 647.6370295286179 204.1100487112999 0.9977634
67 2 0.0 155.39006888866425 300.79315504431725 281.3783437013626 0.94019693
67 1 856.1571650505066 181.081373244524 899.0249719619751 219.76156532764435 0.5708677
68 1 562.177173614502 172.0464527606964 612.9367277026176 203.22129875421524 0.99988496
68 1 863.9691460132599 179.487694054842 972.9343839883804 255.7135820388794 0.9998067
68 1 888.2247376441956 186.72684207558632 1060.7712360620499 299.21677708625793 0.9996941
68 2 1.8280240755993873 146.0842341184616 248.1046281158924 285.440169274807 0.9412408
69 1 530.8205382227898 169.67417299747467 581.7995511889458 202.89313048124313 0.9999186
69 1 839.8841911554337 178.44635993242264 950.9021784067154 256.20319694280624 0.9996145
69 1 865.452316403389 186.18961796164513 1040.6618589162827 300.5874305963516 0.9995995
69 1 801.7010114192963 176.40794813632965 844.0529104471207 215.6400829553604 0.99833906
69 2 2.098203352186829 148.54076877236366 194.21801635622978 281.42139315605164 0.89514357
70 1 499.63409543037415 167.34174638986588 554.7513647675514 202.0728439092636 0.99987745
70 1 823.8253090381622 178.33305895328522 939.2720793485641 257.68402218818665 0.99972826
70 1 849.3768517971039 185.60869619250298 1039.8727841377258 308.6778447031975 0.9995882
70 1 782.2182154655457 175.26451125741005 824.9003577232361 214.97087180614471 0.9982496
70 2 2.585087831597775 146.1404375731945 133.63019129633904 281.5496027469635 0.99212545
70 1 775.9951182603836 178.69282141327858 804.475172996521 204.94338870048523 0.98699945
71 1 473.62671929597855 167.80414804816246 528.8046183586121 203.3078894019127 0.99987614
71 1 844.7965314388275 186.1640252172947 1044.249820947647 316.2180483341217 0.9997255
71 1 767.4612067937851 175.93126371502876 810.1512701511383 215.6933918595314 0.99946016
71 1 809.9611637592316 176.41962692141533 932.1841757297516 256.8354606628418 0.9994393
71 1 761.9110329151154 178.95327508449554 789.8994612693787 205.4230347275734 0.99417144
71 2 1.3604873274452984 144.98238265514374 85.36949430406094 286.53328120708466 0.97914463
72 1 449.313088953495 171.77791893482208 506.0491127371788 207.43545144796371 0.9997596
72 1 835.1042146682739 186.3403357565403 1061.0110899209976 325.3304734826088 0.9996201
72 1 798.7157932519913 177.07890272140503 925.6966470479965 262.64939457178116 0.99948823
72 1 754.4315900802612 179.01960387825966 797.6243841648102 215.67095071077347 0.9992982
72 1 743.6822876930237 178.90705168247223 784.3404039144516 208.3013579249382 0.96609527
73 1 419.8280539512634 175.29474198818207 484.5613532066345 213.88303488492966 0.9997894
73 1 830.439501285553 190.65461307764053 1072.817822098732 336.9264677166939 0.9996761
73 1 790.6394548416138 179.96003106236458 931.3222564458847 265.36423712968826 0.9991703
73 1 740.618968963623 178.37540432810783 787.654532790184 220.50755470991135 0.9981006
73 1 731.99007833004 180.49272894859314 764.8722656965256 211.39810234308243 0.99061966
73 1 717.4816589355469 179.34446409344673 741.6504145860672 201.89382880926132 0.97573304
74 1 829.694769859314 191.68896228075027 1096.6005166769028 352.53120213747025 0.9997875
74 1 398.9551050066948 176.06308311223984 464.75686436891556 214.839868247509 0.9996679
74 1 786.0087207555771 182.19509348273277 939.0581356287003 273.35136383771896 0.9992399
74 1 731.7453385591507 179.70966920256615 780.8506042957306 224.49781000614166 0.99879444
74 1 723.1039370298386 182.17768147587776 759.206828713417 213.6082649230957 0.9860886
74 1 708.7827368974686 181.67924880981445 733.2288790941238 202.155701816082 0.36596438
75 1 832.2914839982986 192.89177656173706 1132.4413458108902 367.376446723938 0.99985397
75 1 726.0730168819427 179.54998835921288 773.5793309211731 221.8175232410431 0.9995697
75 1 374.10073006153107 174.18179288506508 446.51457184553146 216.54702723026276 0.999569
75 1 782.3237807750702 181.5195120871067 935.6277812719345 278.40931713581085 0.9994722
75 1 699.6157296895981 181.29705637693405 723.8619196414948 202.9704451560974 0.99594116
75 1 715.9735407829285 181.47274106740952 752.1620099544525 213.39181065559387 0.9953797
76 1 838.1187483072281 196.0195228457451 1185.649963259697 374.35928732156754 0.9998078
76 1 348.78833788633347 174.1122119128704 425.48534774780273 217.45289862155914 0.99970704
76 1 781.1824021339417 180.6110255420208 961.6220172643661 283.02081674337387 0.99963427
76 1 718.1565810441971 179.81039732694626 769.4856770038605 226.62225365638733 0.99855465
76 1 707.7336723804474 182.89655819535255 743.7018313407898 211.79091185331345 0.98668057
76 1 713.4296833276749 182.28048831224442 755.3077229261398 217.72009134292603 0.9374856
76 1 694.5634746551514 181.70244991779327 719.3169851303101 205.02814650535583 0.9324336
77 1 781.9044066667557 178.03891003131866 962.4109439849854 289.6808981895447 0.9997136
77 1 840.4338562488556 195.890374481678 1242.0 375.0 0.99968314
77 1 323.11353689432144 173.60764369368553 406.0205778479576 221.5280681848526 0.99951375
77 1 713.8862199783325 179.74305152893066 763.128365278244 224.97139871120453 0.99886143
77 1 702.1033991575241 182.15859308838844 736.5875734090805 214.6446257829666 0.9981229
77 1 533.6167234182358 180.66368624567986 563.5421197414398 198.7106055021286 0.99740005
77 1 685.4452525377274 181.81079998612404 709.2346097230911 203.2935842871666 0.991941
78 1 853.1826070547104 197.05096632242203 1240.9321321249008 375.0 0.9997645
78 1 781.2884856462479 180.78679963946342 973.3315494060516 297.214575111866 0.9994154
78 1 298.0605792403221 173.68456721305847 387.4788751602173 223.5071137547493 0.99926335
78 1 523.4995914101601 181.00712075829506 553.418584227562 199.80087876319885 0.99856454
78 1 678.8270627260208 182.15902894735336 701.8811641931534 203.6430537700653 0.997883
78 1 707.7488483190536 179.76802960038185 761.5990748405457 229.02245074510574 0.9970837
78 1 694.6761467456818 182.002242654562 730.33760368824 213.9136791229248 0.9930889
79 1 273.37697061896324 173.2497476041317 366.563877761364 224.6381789445877 0.9996865
79 1 782.6258189678192 181.2688149511814 991.4821200370789 307.86656588315964 0.9996567
79 1 868.2197413444519 199.36539977788925 1242.0 375.0 0.999624
79 1 705.9056010246277 179.362703114748 760.7994879484177 229.2817085981369 0.9986065
79 1 691.0711580514908 181.93400278687477 727.5171740055084 216.35008603334427 0.9984835
79 1 514.8340934514999 180.70638924837112 545.9205971360207 198.9317536354065 0.9982014
79 1 675.778327703476 180.5930994451046 702.01648914814 204.62919026613235 0.9918937
80 1 703.6652623414993 179.11627516150475 754.4240391254425 225.93504935503006 0.9999745
80 1 506.3208360671997 179.25935983657837 539.657006084919 199.9286413192749 0.9997837
80 1 243.21532934904099 173.0460450053215 347.70873641967773 227.585569024086 0.9997359
80 1 789.2440087795258 183.03482607007027 1007.2285258769989 317.1791508793831 0.9995159
80 1 884.0580911636353 200.00986754894257 1238.6760252714157 375.0 0.99900776
80 1 688.0227191448212 181.67459964752197 724.4717702865601 213.79027515649796 0.9960103
80 1 695.6186835765839 181.6210225224495 742.1194621324539 218.67147088050842 0.99356824
80 1 673.2401704788208 180.48422411084175 697.0031733512878 203.5563513636589 0.9899038
81 1 704.8872585296631 177.93100699782372 759.0440390110016 227.11973637342453 0.99995875
81 1 793.5310263633728 181.43900111317635 1037.7618480920792 323.30913841724396 0.99975055
81 1 213.70865938067436 171.81969434022903 329.00716817379 230.81090301275253 0.9996413
81 1 496.4801652431488 178.0794896185398 532.6043032407761 199.50391352176666 0.99927765
81 1 913.1337089538574 200.0562697649002 1239.094288945198 375.0 0.99706
81 1 668.5970735549927 180.07294088602066 694.5671761035919 202.5904878973961 0.9966473
81 1 694.1683820486069 179.7780878841877 748.131798863411 221.66577726602554 0.9964245
81 1 689.0790385007858 179.9340695142746 732.4050847291946 216.55268222093582 0.9953458
82 1 178.32283079624176 171.56870663166046 304.1398566663265 235.83682626485825 0.999877
82 1 798.5826151371002 182.2844333946705 1087.041896224022 339.5823687314987 0.99978656
82 1 707.32444024086 177.95948311686516 765.9539769887924 232.9859957098961 0.99958676
82 1 487.3927021622658 178.88715863227844 521.1188567876816 200.57905465364456 0.9994143
82 1 694.4385877847672 179.0468618273735 752.7812622785568 223.8580361008644 0.99902475
82 1 956.7709729671478 199.85975325107574 1242.0 373.5703378915787 0.9989962
82 1 666.6330850124359 179.5641928911209 691.8137426376343 203.90329509973526 0.9989176
82 1 685.0311344861984 180.17634004354477 725.0303928852081 215.5470997095108 0.99801445
83 1 139.63627257943153 170.7601435482502 279.7813832759857 238.57080191373825 0.9998921
83 1 805.174080491066 183.72643366456032 1139.3347753286362 362.0029538869858 0.99977726
83 1 698.1464027166367 178.65238711237907 757.1953876018524 228.74104231595993 0.99977034
83 1 478.966835975647 178.44406887888908 514.2626638412476 200.393445789814 0.99891853
83 1 1004.7384874820709 205.66461235284805 1241.974904179573 375.0 0.99668235
83 1 674.8898320198059 179.5494519174099 709.892431139946 209.9289447069168 0.9959824
83 1 684.1723244190216 181.04322999715805 727.9959193468094 217.7976742386818 0.99348915
83 1 662.3664253950119 179.08642441034317 687.7787936925888 201.13682001829147 0.96680486
84 1 825.157756447792 183.22090432047844 1204.1217455863953 375.0 0.99984527
84 1 95.46123437583447 171.56982421875 253.46223413944244 245.1379895210266 0.99984205
84 1 471.2678232192993 178.1802959740162 506.55728459358215 201.10192894935608 0.99968135
84 1 708.6780599355698 178.43754217028618 773.7356060743332 237.604558467865 0.9996376
84 1 691.2860641479492 178.32857742905617 752.0933110713959 226.44786536693573 0.99695706
84 1 678.1669464111328 179.78962138295174 720.2837294340134 214.72153812646866 0.9963182
84 1 662.4824287891388 178.13564836978912 688.135613322258 201.4608085155487 0.9954526
84 1 1106.4074302911758 198.87634366750717 1236.0492553710938 375.0 0.97667766
84 1 684.8994369506836 179.45601046085358 733.0051635503769 219.9043482542038 0.5836255
85 1 843.4321035146713 181.61514401435852 1242.0 375.0 0.9999211
85 1 47.53424609452486 171.59370705485344 223.22328811883926 251.93779170513153 0.9998491
85 1 709.4519587755203 175.85832998156548 778.9970669746399 239.9248480796814 0.9995789
85 1 462.42102831602097 178.77798154950142 499.595378279686 202.41954177618027 0.999405
85 1 676.1973316669464 179.1047751903534 715.7231748104095 211.23164892196655 0.9970348
85 1 698.7465555667877 177.4364523589611 764.076454281807 232.7188476920128 0.99626654
85 1 687.1627986431122 179.01081964373589 746.8400673866272 222.79614955186844 0.97819054
85 1 662.6523252725601 177.46007815003395 688.3833142518997 199.856199324131 0.8441404
86 1 713.8884408473969 176.8258698284626 786.6422606706619 244.9074536561966 0.99978167
86 1 6.169005741365254 173.44549298286438 191.62881615757942 260.05538552999496 0.9997063
86 1 860.0285840034485 179.49463427066803 1242.0 375.0 0.9996878
86 1 453.8076837658882 178.4285567700863 495.5001327395439 202.44546979665756 0.9993801
86 1 700.1596205234528 176.62546411156654 770.197317481041 236.71788722276688 0.99748164
86 1 680.9849331378937 179.95069921016693 729.3882561922073 216.57000482082367 0.9861267
86 1 660.5045968294144 176.50313302874565 689.8438317775726 203.63420248031616 0.97422236
86 1 672.8932707309723 179.77730557322502 717.2917746305466 211.01291477680206 0.780394
87 1 702.5215147733688 177.24109813570976 783.3373113870621 236.98970675468445 0.9999356
87 1 3.481074321549386 172.75115847587585 156.66110318899155 271.30206674337387 0.9995055
87 1 444.96003752946854 180.0255998969078 488.60662919282913 204.96540516614914 0.9994598
87 1 896.7656818628311 182.21306428313255 1237.6027532815933 375.0 0.99916375
87 1 680.0306997299194 179.3142780661583 727.3855504989624 218.38700026273727 0.99877316
87 1 661.3823583126068 177.7518130838871 690.0004770755768 202.85553485155106 0.9950755
87 1 688.8659831285477 179.74722012877464 743.6475681066513 223.7517088651657 0.7438051
88 1 718.9047918319702 176.37358233332634 803.125550866127 247.77263402938843 0.9999472
88 1 3.073218079749495 176.31220445036888 113.06012262403965 274.0786671638489 0.9996797
88 1 920.9538331031799 181.24239519238472 1238.011097073555 375.0 0.9995888
88 1 701.2294871807098 178.1763844192028 773.0902215242386 234.9613979458809 0.99937797
88 1 437.47630101442337 180.9394508600235 481.2893468141556 207.35856145620346 0.99931204
88 1 676.7061327695847 179.14871871471405 724.2864017486572 217.16541051864624 0.9989686
88 1 661.3162504434586 177.89749056100845 688.0837190151215 201.39645785093307 0.9984085
89 1 723.1177804470062 175.99919065833092 817.009535908699 257.3285847902298 0.99972636
89 1 680.9913736581802 179.90149185061455 727.6459103822708 218.4489592909813 0.9997136
89 1 966.5632288455963 175.63416436314583 1242.0 375.0 0.9995783
89 1 704.532733798027 178.69935929775238 778.1603915691376 235.3631928563118 0.99953616
89 1 426.2795675396919 181.39170482754707 473.97824585437775 208.80454033613205 0.99897254
89 1 660.8264747858047 176.8401749432087 691.2601540088654 203.50780338048935 0.9986092
89 1 2.5677832709625363 176.25819146633148 59.34280586242676 278.2469764351845 0.9955146
90 1 727.2126928567886 175.4055842757225 828.6048413515091 259.51626151800156 0.999706
90 1 415.54755091667175 181.39079958200455 468.85966086387634 210.16819775104523 0.9995192
90 1 1032.428060889244 203.7644237279892 1235.6392089128494 375.0 0.99845374
90 1 690.3058465719223 179.51055988669395 742.4260901212692 224.1983637213707 0.99798703
90 1 675.4494169950485 179.41028997302055 723.8107656240463 218.56925636529922 0.99663407
90 1 662.9572505950928 178.1337596476078 692.6539714336395 205.25208860635757 0.99629265
90 1 708.0752420425415 178.75911667943 782.6256709098816 236.69475317001343 0.9951609
91 1 740.6493948698044 175.34156888723373 846.7192858457565 270.8817645907402 0.99986947
91 1 708.1662976741791 176.60286650061607 794.5928238630295 241.00575596094131 0.9998454
91 1 689.3009773492813 178.66815626621246 744.2285474538803 223.83727133274078 0.99965656
91 1 404.553878903389 182.47875943779945 460.5407665371895 212.71160244941711 0.9990895
91 1 677.4866942167282 179.14997041225433 725.1878525018692 218.30123662948608 0.9984297
91 1 662.9363744258881 179.268267005682 693.5786672830582 205.8093622326851 0.9977843
91 1 1116.161783337593 156.97964653372765 1234.847987294197 375.0 0.8691144
92 1 748.3327875137329 175.87528377771378 867.6298044919968 275.99769830703735 0.99983144
92 1 713.7731777429581 175.31723901629448 805.047120809555 244.47856843471527 0.99977666
92 1 394.0936226248741 183.487918227911 451.1622955799103 215.05102515220642 0.9996846
92 1 694.8702507019043 180.19866943359375 753.298724770546 228.4858301281929 0.9996118
92 1 664.6926376819611 179.36888337135315 694.405718922615 206.06164634227753 0.99957925
92 1 679.0891993045807 178.4452088177204 729.9071992635727 218.66847574710846 0.99877316
93 1 696.5290178060532 179.74591255187988 755.6039868593216 231.31386190652847 0.9998368
93 1 381.50732839107513 183.35577473044395 441.712164580822 216.5963128209114 0.9997358
93 1 717.1291329860687 174.34292659163475 812.7961031198502 248.62121790647507 0.9996785
93 1 679.9300943613052 179.51639369130135 730.2994047403336 219.2104160785675 0.9995908
93 1 751.2870615720749 175.1764677464962 878.8877599239349 283.60044211149216 0.9992367
93 1 664.7317990064621 179.34612929821014 696.2730996608734 207.24769681692123 0.9988335
94 1 697.5029429197311 178.15857008099556 764.0147141218185 230.96729815006256 0.9997602
94 1 686.8937033414841 177.9986433684826 741.7936606407166 223.46292436122894 0.999754
94 1 366.3136228322983 183.67542698979378 431.6730961203575 216.62984043359756 0.9995517
94 1 723.4992517232895 175.81585049629211 831.4644323587418 254.17035073041916 0.99954957
94 1 764.5546814203262 175.01678690314293 908.8153771162033 292.61574894189835 0.9991461
94 1 666.7093348503113 178.77808213233948 698.5006313323975 207.09481090307236 0.99910295
95 1 701.9690365791321 177.0397424697876 773.4589598178864 233.63126814365387 0.99974734
95 1 726.5613119602203 175.33862963318825 843.9594858884811 258.4112137556076 0.9997166
95 1 349.8982912302017 182.01250210404396 421.10420233011246 218.55910867452621 0.9996327
95 1 774.7312957048416 176.56958475708961 942.593092918396 305.08486926555634 0.99899656
95 1 665.6313990354538 179.2660988867283 698.7609171867371 208.04574340581894 0.99892324
95 1 684.3285255432129 176.82980373501778 739.2857812643051 221.68569266796112 0.998187
96 1 731.4512954950333 175.3528118133545 866.3508059978485 264.75682854652405 0.9996773
96 1 704.8480231761932 178.84493619203568 781.0143563747406 236.87759041786194 0.9996013
96 1 684.3628749847412 179.1420355439186 742.4157260656357 225.3994345664978 0.9993124
96 1 791.7640289068222 175.24023726582527 985.4884386062622 322.1913278102875 0.99910754
96 1 332.83335542678833 183.5043579339981 409.2635648846626 221.3807925581932 0.99905044
96 1 667.9825590848923 178.14215272665024 702.1958613395691 210.44305711984634 0.9986284
97 1 314.17653769254684 183.99149179458618 397.60970252752304 224.47916865348816 0.9998418
97 1 710.0602548122406 178.27705666422844 786.6210143566132 239.90944772958755 0.9996785
97 1 740.5117750167847 175.6257265806198 876.5913813114166 271.46344631910324 0.99966216
97 1 689.232130408287 178.02468314766884 755.6436663866043 228.74978184700012 0.9996271
97 1 805.326061964035 179.01646345853806 1029.8425251245499 343.16879510879517 0.9993724
97 1 667.582284450531 179.59995567798615 701.3528934717178 210.10056138038635 0.9987908
98 1 290.956925958395 182.93827772140503 380.72724813222885 227.15145349502563 0.9998863
98 1 824.2748869657516 178.75751852989197 1101.6418894529343 372.8921636939049 0.99965084
98 1 749.6977336406708 175.9069450199604 899.2278853654861 280.53899109363556 0.9995179
98 1 690.7271454334259 179.23031374812126 755.1398992538452 229.6425998210907 0.9989471
98 1 711.1825339794159 179.41925302147865 796.6645985841751 243.0265098810196 0.9989324
98 1 667.0555683374405 179.0764443576336 705.2968608140945 211.7588371038437 0.99707067
99 1 268.3707430958748 182.75152891874313 364.4161123037338 229.07797247171402 0.9998952
99 1 845.8837208747864 175.69206655025482 1183.8746745586395 374.6054917573929 0.99955934
99 1 715.8493942022324 180.35856261849403 807.838457107544 245.87508291006088 0.99919826
99 1 756.0975379943848 174.31078478693962 926.9512159824371 291.6213199496269 0.99901736
99 1 692.6704058647156 180.1919974386692 759.1222876310349 231.23974353075027 0.9989506
99 1 667.7048023939133 179.7841675579548 706.7945408821106 213.20859342813492 0.9954984
100 1 241.33867648243904 181.93277344107628 346.5920464396477 233.24643820524216 0.9999013
100 1 873.9593553543091 180.12915551662445 1235.6709673404694 375.0 0.99979454
100 1 720.6307772397995 180.83855509757996 819.3932687044144 251.03965401649475 0.9995159
100 1 693.3873023986816 179.5962229371071 767.5045137405396 235.0640818476677 0.9993667
100 1 765.5864971876144 174.36133325099945 964.63159096241 304.2563572525978 0.9991684
100 1 670.0953458547592 178.3553771674633 709.1379278898239 213.02349865436554 0.98965466
101 1 207.70378106832504 181.0544840991497 325.9441455602646 236.39295995235443 0.9998336
101 1 781.9942038059235 172.88731411099434 1005.5300792455673 320.41923701763153 0.99977607
101 1 724.3177900314331 179.45881560444832 832.1838458776474 254.09764051437378 0.9996419
101 1 697.0694292783737 179.0440008044243 774.4182271957397 237.67009377479553 0.99961925
101 1 921.2428421974182 176.35929957032204 1236.793912768364 373.5109716653824 0.99745566
101 1 670.4723753929138 177.07866802811623 715.2510920763016 211.90419048070908 0.99646074
101 1 577.060549736023 174.93587359786034 598.2548214197159 191.82061403989792 0.36737484
102 1 171.0269242823124 180.5533692240715 305.35683739185333 240.3814047574997 0.9998542
102 1 701.6581889390945 178.16995829343796 784.7618508338928 239.40210789442062 0.99981517
102 1 796.7644636631012 174.9027706682682 1061.152781367302 342.9574593901634 0.9998124
102 1 732.3554112911224 179.06643077731133 851.6132669448853 264.4663229584694 0.99966884
102 1 673.332558631897 177.52382531762123 716.6017506122589 213.46724778413773 0.99926215
102 1 688.8066118955612 178.77176776528358 747.8575955629349 221.94041311740875 0.9984995
102 1 977.058611869812 174.4692698121071 1237.484603047371 375.0 0.99530977
103 1 128.23147143423557 181.28550052642822 278.0933932363987 246.63164466619492 0.9998975
103 1 816.678108215332 178.58127504587173 1138.554435968399 370.5020695924759 0.9997782
103 1 740.5585613250732 178.8845658302307 866.4620715379715 271.09895646572113 0.9997763
103 1 707.1408483982086 178.3786453306675 796.242337346077 243.93101781606674 0.9993426
103 1 1049.1309950351715 188.28045576810837 1241.0285918712616 375.0 0.99785966
103 1 672.5041004419327 176.96354538202286 718.191078543663 213.92112225294113 0.9956648
103 1 568.7918100357056 174.81901869177818 592.2773893475533 192.02081859111786 0.98883516
103 1 694.2338236570358 178.43549698591232 751.9689424037933 222.68839180469513 0.30830973
104 1 80.0145255625248 184.29594486951828 246.80871400237083 253.90861183404922 0.99990726
104 1 709.3121180534363 177.96771973371506 807.2047691345215 249.17500466108322 0.9997503
104 1 837.5857397317886 178.2214790582657 1240.0616995096207 375.0 0.9996284
104 1 751.1391516923904 179.54662442207336 890.0571026802063 281.83331340551376 0.99940825
104 1 692.1158548593521 179.76970598101616 758.0856599807739 227.1122708916664 0.9993228
104 1 674.3962068557739 178.6147691309452 721.1223295927048 218.1992009282112 0.9955454
104 1 563.6372839808464 176.81029066443443 588.7621237635612 195.46754658222198 0.9922283
104 1 1162.4401788711548 188.4119063615799 1241.9969648122787 375.0 0.98196363
105 1 15.686349838972092 185.23972481489182 211.15791723132133 263.38963955640793 0.9998779
105 1 713.6081671714783 179.18021231889725 821.294998884201 253.28023731708527 0.99975306
105 1 868.5981774330139 179.60140854120255 1241.8857733011246 375.0 0.9996232
105 1 696.1090514659882 180.7076632976532 763.5829771757126 229.4904738664627 0.99949396
105 1 674.198327422142 180.28393015265465 724.7535245418549 219.63559091091156 0.9978097
105 1 557.7638626098633 178.30782383680344 584.7557129859924 197.81088083982468 0.99704105
105 1 757.6334910392761 182.57391080260277 920.8017035722733 293.4311181306839 0.99612856
