0 1 459.07414162158966 180.07707595825195 568.3934601545334 216.37393534183502 0.99974996
0 1 655.5397700071335 180.3365908563137 689.2779543399811 207.4953317642212 0.9993709
0 5 549.2712593078613 168.55492070317268 669.0704147815704 268.24647188186646 0.9891459
0 1 680.1618790626526 185.73668226599693 699.9293164014816 204.7020122408867 0.3264809
1 1 656.6539800167084 180.1876723766327 690.4924736022949 207.473024725914 0.99930954
1 1 470.1922563314438 179.32091653347015 580.4822056889534 216.14304184913635 0.99826616
1 5 568.9038158655167 169.98520866036415 686.8911863565445 267.27303117513657 0.9891276
2 1 480.96513694524765 179.93395775556564 594.0838812589645 217.23780781030655 0.99960977
2 5 584.6673594117165 168.29967498779297 701.6439753770828 266.0840302705765 0.9918305
2 1 654.9614557027817 180.93767389655113 690.0014394521713 204.9867957830429 0.98591995
3 1 496.9391818642616 180.51302433013916 604.6107636094093 216.92262589931488 0.99977404
3 5 608.3743963837624 170.03000155091286 713.6830104589462 265.2922421693802 0.99596393
3 1 646.9292385578156 180.92608451843262 690.4098572731018 210.21687984466553 0.85232556
4 1 510.733110666275 179.66442927718163 616.7428901195526 216.8169915676117 0.9997297
4 5 628.9568556547165 165.6247414648533 732.4084160327911 267.44145154953003 0.9905545
4 1 658.0713386535645 180.1324523985386 691.7258702516556 206.48639649152756 0.96060497
5 1 523.3234394788742 180.06446957588196 633.5654550790787 216.94379299879074 0.99946517
5 5 642.7567437887192 164.4953191280365 752.2923009395599 265.97321033477783 0.9965258
5 1 656.4575811624527 181.3131384551525 704.8318848609924 214.56849575042725 0.98110896
6 1 535.943305850029 178.50947007536888 642.5525718927383 216.2138968706131 0.9996456
6 1 656.6103769540787 179.70499768853188 686.7845106124878 206.33992552757263 0.9977198
6 5 659.5382226705551 164.4885130226612 771.0771517753601 266.94517582654953 0.98776835
7 1 547.0321791172028 178.6193512380123 651.2169964313507 216.16092324256897 0.9997272
7 1 656.0490152835846 180.04950508475304 687.7382998466492 206.43217116594315 0.9992126
7 5 677.8755683898926 168.9056195318699 786.2498331069946 263.6823132634163 0.989512
8 1 558.3183395862579 179.1255958378315 662.0709017515182 216.96098148822784 0.9997242
8 1 654.9313999414444 180.33478036522865 689.5440884828568 207.8249752521515 0.9994172
8 5 700.2859879732132 166.598092764616 802.9085719585419 263.7631371617317 0.9933008
9 1 572.0865063071251 179.15061861276627 672.675551533699 216.5030613541603 0.9997471
9 1 654.7796405553818 181.8566545844078 693.6851949691772 207.30149745941162 0.99803203
9 5 712.8007332086563 163.39703276753426 824.1212768554688 263.4290009737015 0.9958858
10 1 583.5996025800705 178.7421852350235 684.578817486763 215.52731841802597 0.9990926
10 1 652.8111362457275 179.96517196297646 692.8483715057373 206.13576471805573 0.9990194
10 5 737.02656519413 165.34423828125 840.1489927768707 261.3237798213959 0.99324656
11 1 655.7115912437439 180.71091547608376 691.3580203056335 207.01050013303757 0.99935156
11 1 594.0178474187851 179.1185662150383 689.768470287323 215.72130918502808 0.99931586
11 5 750.3488184213638 164.607223123312 857.8864817619324 260.0181922316551 0.99195236
12 1 603.2408205270767 179.96535077691078 701.5239744186401 216.4779156446457 0.9996538
12 5 769.9692342281342 163.74344006180763 873.481424331665 258.3344355225563 0.9967474
13 1 618.6269273757935 179.90856617689133 709.3893302679062 214.92768824100494 0.99862075
13 5 787.1630544662476 164.40311819314957 891.2175807952881 260.2784112095833 0.996811
14 1 625.5051809549332 179.7272488474846 717.2606084346771 214.48402851819992 0.99918467
14 5 802.6300749778748 164.29828852415085 910.3106142282486 261.3315358757973 0.9946601
14 4 596.3034918308258 181.18172138929367 608.5763103961945 212.14862912893295 0.99301034
14 1 649.9805645942688 180.23891374468803 696.5072532892227 204.53591644763947 0.62380385
15 1 638.344025015831 178.65505814552307 724.5925855636597 212.62657642364502 0.999328
15 5 818.0300252437592 163.63897919654846 926.040807723999 260.4028880596161 0.99633837
15 4 594.7971503734589 181.7956008017063 605.7618400454521 211.64846420288086 0.9695524
16 1 649.484126329422 179.7674261033535 732.2887852191925 212.24677562713623 0.9978769
16 5 838.0424984693527 166.3549840450287 943.5801951885223 260.20413637161255 0.9972506
17 1 657.336971282959 180.09209632873535 740.3494294881821 212.27898448705673 0.99929583
17 5 855.7063286304474 165.11866450309753 961.3239766359329 260.79339534044266 0.99770015
17 4 585.5195068717003 180.43942004442215 596.9428800344467 212.45605498552322 0.893866
17 1 658.4693183898926 181.91976472735405 695.6394857168198 202.42354273796082 0.7501256
18 1 653.1745444536209 180.3249791264534 690.2600226402283 206.68865740299225 0.99937516
18 1 665.1944800615311 179.1711039841175 744.7439371347427 212.15618401765823 0.99915254
18 5 871.7719473838806 161.91551461815834 982.2820218801498 259.5105841755867 0.9974935
18 4 586.1314303278923 179.97810244560242 597.1933200359344 211.46754920482635 0.9929842
19 1 654.3071136474609 179.6228215098381 688.6015516519547 207.06702768802643 0.99973005
19 1 677.7828841209412 179.8161305487156 748.4343552589417 211.12460643053055 0.99830246
19 5 889.9524997472763 164.7556722164154 997.4993426799774 258.150190114975 0.9965675
20 1 654.5393425226212 180.3339421749115 688.9605181217194 207.20044523477554 0.99961156
20 5 907.9174057245255 165.164552628994 1010.1809492111206 255.42810559272766 0.998309
20 1 687.1714600324631 179.10842970013618 753.9970400333405 210.53429692983627 0.99828255
21 1 654.741959810257 180.0149716436863 689.2542650699615 207.52622187137604 0.9997191
21 1 692.1254045963287 179.3527789413929 758.8475661277771 209.9461555480957 0.99896777
21 5 926.2581567764282 160.8470231294632 1025.9204703569412 257.9449564218521 0.99318826
22 1 654.3555285930634 179.8318661749363 689.0504633188248 207.16479420661926 0.99969304
22 1 699.9357569217682 179.74823713302612 762.5166639089584 209.62925255298615 0.9995208
22 5 940.0541954040527 160.40495038032532 1045.1038191318512 256.1858966946602 0.99464947
22 4 570.1515371203423 181.74231424927711 581.3784003853798 211.46032959222794 0.5618569
23 1 655.0622831583023 179.9333207309246 689.1484036445618 207.16126263141632 0.9996723
23 1 706.7049658298492 179.79708686470985 766.6774621009827 209.2740833759308 0.9985312
23 5 959.820374250412 158.53651240468025 1060.7600576877594 254.16391342878342 0.99577516
23 4 570.370033621788 180.79542741179466 582.5135235786438 211.40111982822418 0.96959084
24 1 655.1277987957001 180.03498762845993 689.4082453250885 207.2766199707985 0.99968493
24 1 713.8107844591141 180.09717017412186 767.6732257604599 208.46356451511383 0.9989557
24 5 974.3896454572678 159.0115651488304 1074.307655096054 256.4125880599022 0.99648947
24 4 568.5613948702812 181.52760341763496 580.4065480828285 211.91856265068054 0.9786321
25 1 655.1617040634155 179.83299493789673 689.8893595933914 207.38712698221207 0.9996563
25 1 719.4229946136475 180.2896186709404 769.3536093235016 208.26487988233566 0.9995466
25 5 991.1201183795929 159.38348695635796 1092.383086323738 255.87324053049088 0.99457717
25 4 566.4125930070877 180.5362030863762 577.2987749576569 211.4361897110939 0.98183995
26 1 655.0136461257935 179.97075989842415 689.556155204773 207.45550096035004 0.9996933
26 1 723.5880864858627 180.8582916855812 771.845054268837 208.12296867370605 0.9995153
26 5 1007.5846792459488 158.42746943235397 1103.8176008462906 254.48749959468842 0.9939458
26 4 565.6795581579208 185.60907617211342 574.5969396829605 211.84931695461273 0.7195283
27 1 654.7084987163544 179.7778531908989 689.4337853193283 207.27525651454926 0.9996136
27 5 1022.7943750619888 160.01957282423973 1122.782194018364 252.9299631714821 0.99596715
27 1 727.0307296514511 180.35244941711426 773.8998023271561 208.3304598927498 0.99582076
27 4 562.5413221120834 182.20369890332222 571.8873683810234 211.29152923822403 0.97475284
28 1 654.7609852552414 179.90093305706978 689.1551402807236 207.59267359972 0.99971455
28 1 731.123125076294 180.07661774754524 774.3341302871704 208.07363837957382 0.99768806
28 5 1039.6485503911972 158.7166227400303 1143.597955584526 252.00310349464417 0.99749655
28 4 560.7312397956848 181.21448904275894 571.090483546257 211.89625561237335 0.9928437
29 1 654.8531513214111 179.79353293776512 689.5839900970459 207.32932537794113 0.9996909
29 5 1058.214127421379 163.52332010865211 1153.7208988666534 250.6912797689438 0.99777126
29 1 733.6464765071869 180.0452135503292 773.6508429050446 207.95629173517227 0.99758923
29 4 560.9034681916237 184.07604843378067 570.7149345874786 210.96870303153992 0.97977453
30 1 654.7270799875259 179.92354184389114 689.5511952638626 207.376129925251 0.99971765
30 1 737.7178477048874 181.13605678081512 774.1709704399109 207.49260485172272 0.9993216
30 5 1071.090578198433 160.17215698957443 1170.4607734680176 249.31789934635162 0.992031
30 4 559.6278380155563 185.49638986587524 568.7377688884735 211.79133653640747 0.5536957
31 1 654.8989752531052 180.0224706530571 689.5453469753265 207.36251771450043 0.9997043
31 1 740.4804607629776 180.75942993164062 773.8715972900391 206.9651484489441 0.99851686
31 5 1089.3933523893356 159.8321534693241 1181.7720297574997 249.72282350063324 0.9954536
31 4 553.8644977211952 182.55290016531944 564.3824595808983 211.72674000263214 0.8716781
32 1 655.050660610199 179.97007817029953 689.3440622091293 207.4793055653572 0.9997768
32 1 742.682008266449 181.1669021844864 774.7540225982666 206.75168931484222 0.99872404
32 5 1103.4674438238144 160.482008010149 1195.885504603386 247.01667577028275 0.9970702
32 4 546.9329432845116 178.68245020508766 559.1405423283577 211.45621687173843 0.9949411
33 1 655.1463060379028 180.01671507954597 689.0320301055908 207.46135711669922 0.9997453
33 1 743.2849742174149 181.80040642619133 774.986177444458 206.77126944065094 0.9994789
33 4 545.0197386145592 180.1905892789364 557.4668954014778 211.97690069675446 0.9973924
33 5 1119.3000193834305 155.5885188281536 1224.038573384285 248.89681488275528 0.99341255
34 1 654.7791223526001 179.90417405962944 688.9549659490585 207.31700956821442 0.999728
34 1 744.4824668169022 181.81471154093742 776.1546506881714 206.58952742815018 0.9991885
34 4 541.8445250988007 180.59108778834343 554.9841858744621 211.88226342201233 0.9962165
34 5 1137.9036473035812 158.04092958569527 1234.4074409008026 245.07871270179749 0.99147195
35 1 654.9868476390839 180.04853278398514 688.955558180809 207.59030431509018 0.9997373
35 4 540.0268548130989 180.13591691851616 552.3552321195602 212.10602670907974 0.9979838
35 1 745.553591966629 182.73649737238884 775.9608428478241 205.81363141536713 0.99708515
35 5 1151.7683848142624 152.55851671099663 1241.195749282837 250.01167505979538 0.9769132
36 1 654.7522498369217 179.78603392839432 688.9517086744308 207.18171447515488 0.9997069
36 4 537.7290696501732 180.06408959627151 549.938556432724 211.49788051843643 0.99868435
36 1 746.1755833625793 182.1925789117813 776.4215251207352 206.4386084675789 0.99852884
36 5 1164.7325599193573 155.95439448952675 1241.9999259710312 248.11935424804688 0.9886565
37 1 655.2061214447021 179.84772473573685 689.4599175453186 207.40149915218353 0.99966514
37 1 747.9650856256485 181.68053403496742 778.1405518054962 205.22841811180115 0.99924624
37 4 534.9702690839767 180.423092097044 547.5011156201363 212.13258057832718 0.9988174
37 5 1180.042268872261 160.12760996818542 1241.9999259710312 246.37211859226227 0.98405844
38 1 655.3532170057297 180.27180433273315 688.9391977787018 207.34211057424545 0.99970394
38 1 748.1728109121323 182.13754892349243 777.9428204298019 204.74546402692795 0.99960834
38 4 530.8309392929077 180.99184334278107 544.7136288285255 211.77392452955246 0.99808466
38 5 1205.3661725521088 158.26040133833885 1240.8093180656433 245.57208269834518 0.9662251
39 1 655.1484528779984 180.07801473140717 688.6419714689255 207.50927925109863 0.99975556
39 1 749.5584111213684 182.64658749103546 778.4224541187286 204.5132964849472 0.99959034
39 4 528.6756969094276 180.74438720941544 540.4545941948891 211.51084452867508 0.9974553
40 1 655.3952654600143 180.07221445441246 689.2353876829147 207.72980153560638 0.9996865
40 1 750.3437844514847 183.24320018291473 776.2981188297272 205.1692083477974 0.9995609
40 4 525.8503072857857 180.8408573269844 537.5897101163864 211.36801689863205 0.99889034
41 1 655.105516076088 179.92926388978958 688.7199980020523 207.54287391901016 0.99960333
41 1 750.234369635582 182.8099675476551 775.9940818548203 204.74550873041153 0.9987305
41 4 522.8139351010323 180.03706634044647 535.3437452316284 211.80814504623413 0.9985153
42 1 654.1378093957901 179.868645966053 688.8306713104248 207.44944363832474 0.9995503
42 1 749.9719369411469 182.8264519572258 775.9513671398163 204.0650099515915 0.9988367
42 4 520.6444051265717 181.62420764565468 533.4660004377365 211.35496348142624 0.99843735
43 1 654.7212316989899 179.9912452697754 688.901887178421 207.54817128181458 0.99949574
43 1 750.4908800125122 183.0451413989067 775.0610947608948 203.8472592830658 0.9993856
43 4 519.6592276096344 181.18492886424065 532.0772539973259 212.6285657286644 0.9984106
44 1 654.9616777896881 180.00606447458267 688.7137055397034 207.3431834578514 0.99956983
44 1 750.7194074392319 183.12376365065575 774.2719459533691 203.529953956604 0.9987583
44 4 515.0951936244965 179.97723072767258 528.0965312719345 211.3056555390358 0.9981865
45 1 654.9030468463898 180.0406314432621 689.0024185180664 207.42333680391312 0.99952507
45 1 750.8005431890488 183.64952132105827 774.0631102323532 203.30753177404404 0.99891734
45 4 513.1914276480675 179.73409965634346 526.181401848793 211.56835556030273 0.99809235
46 1 655.1042575836182 180.20282685756683 689.205109834671 207.46605098247528 0.9996081
46 1 751.2986100912094 183.7250031530857 773.443043589592 202.85184681415558 0.9984798
46 4 510.4197460412979 181.0523048043251 522.9277176260948 211.4771157503128 0.99809366
47 1 655.084713935852 180.0435483455658 688.7520525455475 207.32943713665009 0.9995034
47 4 508.8839780688286 181.5015859901905 521.8618115186691 211.88664436340332 0.9989182
47 1 751.1424829959869 183.59903991222382 772.0683256387711 202.28498429059982 0.998386
48 1 655.2494283914566 180.20042404532433 689.1973367929459 207.32644200325012 0.9995036
48 4 504.8905223608017 179.59709465503693 519.7427322864532 211.8370458483696 0.9988003
48 1 750.6482656002045 183.35985392332077 772.3622946739197 202.30943709611893 0.9954137
49 1 655.038519859314 180.11606857180595 688.7544955015182 207.28053152561188 0.9995591
49 1 749.9443241357803 183.77186357975006 772.1277709007263 203.01906019449234 0.9979054
49 4 503.341392159462 180.45418336987495 516.2582627534866 211.55671030282974 0.9978003
50 1 654.8763964176178 180.0684593617916 689.1161270141602 207.20943063497543 0.9995326
50 4 500.54576218128204 179.8807717859745 512.8210977315903 211.0917493700981 0.99751294
50 1 749.3021228313446 183.92017856240273 771.6203763484955 202.36781984567642 0.9938793
51 1 655.0741277933121 179.9817457795143 688.8501409292221 207.00086653232574 0.99952924
51 4 498.24216574430466 180.97958341240883 510.8261650800705 212.09751069545746 0.99933654
51 1 749.289834022522 184.02385711669922 770.2361826896667 201.9580453634262 0.99860555
52 1 655.2341784238815 180.05607649683952 689.1203466653824 207.2097435593605 0.9996573
52 4 494.18152874708176 179.787028580904 508.6880604028702 211.3991305232048 0.9988576
52 1 749.1402214765549 184.44976955652237 769.710354924202 201.16223394870758 0.9960712
53 1 654.673779129982 180.11269345879555 688.6575915813446 207.22085237503052 0.9996644
53 4 491.0296713709831 180.8740496635437 506.0364167690277 211.5808054804802 0.997519
53 1 749.5945372581482 185.08024513721466 769.4321540594101 200.8783221244812 0.993634
54 1 654.8370130062103 180.14008551836014 688.711114525795 207.37744867801666 0.99964106
54 1 749.0071173906326 184.92091074585915 768.6560343503952 201.22629404067993 0.9983865
54 4 489.17506062984467 180.07812649011612 501.4442147612572 211.68411523103714 0.9977137
55 1 655.0509567260742 180.3097017109394 688.8331882953644 207.28037506341934 0.9996873
55 1 748.0261595249176 185.5814941227436 767.000524520874 201.6570121049881 0.9993293
55 4 486.5650953054428 179.8797883093357 499.15768200159073 212.0283767580986 0.99876654
56 1 655.1035913228989 180.34647032618523 688.8394067287445 207.4255719780922 0.9996928
56 1 747.7703154087067 184.86499786376953 766.9282722473145 201.0902836918831 0.9991072
56 4 484.89622324705124 179.07625436782837 496.895948946476 211.40677481889725 0.9989317
57 1 655.1666640043259 180.27353659272194 688.7723364830017 207.24257826805115 0.9996896
57 4 482.41218119859695 179.47357892990112 495.61780178546906 210.94322204589844 0.9988432
57 1 747.6968786716461 184.52126160264015 766.7580796480179 200.5767524242401 0.9978517
58 1 655.2023459672928 180.10086938738823 688.9288337230682 207.13265240192413 0.9996277
58 4 479.37865912914276 179.7923929989338 490.8744326233864 211.3179937005043 0.9969221
58 1 747.2575907707214 184.92447584867477 766.1960517168045 200.38414746522903 0.99094886
59 1 655.0787175893784 179.95590716600418 688.7251060009003 207.04487711191177 0.99952805
59 4 476.5271002650261 180.51939457654953 488.047636449337 210.36703884601593 0.9950099
59 1 746.6482583284378 184.2055320739746 766.4271701574326 200.29742270708084 0.9889993
60 1 655.1813957691193 180.18055334687233 688.9411965608597 207.13718980550766 0.9995914
60 4 473.4675199985504 180.63963577151299 486.50705659389496 211.71529591083527 0.99370134
60 1 746.566308259964 184.60283428430557 764.6367055177689 199.87886399030685 0.987987
61 1 654.9929180145264 180.13865500688553 689.057051897049 207.268126308918 0.99964094
61 1 746.9579215049744 184.52347442507744 764.370275259018 200.0514194369316 0.99351865
61 4 469.54731595516205 181.0942478477955 483.9375110864639 211.7583453655243 0.9796213
62 1 655.0915246009827 180.4686225950718 689.2130309343338 207.42414146661758 0.9997048
62 4 467.00482803583145 180.72273954749107 482.5392149090767 212.08325028419495 0.99277943
62 1 745.9449090957642 184.8272569477558 763.024576663971 200.03702491521835 0.98940325
63 1 655.1072187423706 180.27418479323387 689.0185568332672 207.257978618145 0.99961495
63 4 465.3339201807976 178.9894960820675 479.8477066755295 211.36616170406342 0.99899274
63 1 745.2082468271255 184.76031348109245 762.8778512477875 199.71616566181183 0.9970198
64 1 655.2741540670395 180.33286929130554 689.3127479553223 207.40120857954025 0.9996481
64 4 462.51826536655426 180.79252168536186 476.5198454260826 211.95311844348907 0.99606884
64 1 745.4230788946152 184.50579419732094 762.0473942756653 199.38520342111588 0.9924272
65 1 654.9743367433548 180.20708486437798 688.9793955087662 207.2955071926117 0.99957186
65 4 461.1600928902626 182.098388671875 473.4137379527092 211.20022237300873 0.9979552
65 1 746.4054433107376 185.44650077819824 761.8609153032303 198.83329421281815 0.92374027
66 1 655.0283778905869 180.03086373209953 688.6675854921341 207.23171532154083 0.999468
66 4 458.51736974716187 181.24865368008614 470.81728291511536 210.51878482103348 0.99151015
66 1 746.0421831607819 185.08018925786018 761.6014437675476 198.28254729509354 0.96662706
67 1 655.168588757515 180.11486157774925 689.0549050569534 207.1768194437027 0.99944824
67 4 456.11820191144943 178.98224294185638 468.6058525443077 210.5032056570053 0.9697683
67 1 745.6786268949509 184.6381053328514 761.3777282238007 198.22651147842407 0.83069557
68 1 655.1320924758911 180.20956590771675 688.738135099411 207.49933272600174 0.9996803
68 4 452.9896636605263 179.968424141407 465.77302300930023 211.80514991283417 0.9971097
68 1 745.2615476846695 184.3939796090126 761.190731048584 198.45999777317047 0.9338037
69 1 655.2752645015717 180.14376237988472 689.0566077232361 207.37165957689285 0.99967194
69 4 451.0015416741371 180.33680319786072 463.1982214450836 211.36680990457535 0.99828523
69 1 744.8778555393219 184.17499959468842 761.4792959690094 198.24841618537903 0.4378074
70 1 654.9609375 180.25633692741394 688.8713132143021 207.61998742818832 0.99971646
70 4 448.5563648343086 180.58906495571136 460.974835395813 211.8767872452736 0.99909794
71 1 654.9570879936218 180.31460791826248 688.7941009998322 207.43343979120255 0.99970406
71 4 446.34674817323685 180.57183176279068 459.99643152952194 212.19424903392792 0.9973008
72 1 655.1292793750763 180.07347732782364 688.8607270717621 207.2288990020752 0.99954224
72 4 444.1682236790657 178.27171459794044 457.23988884687424 209.83880013227463 0.99742436
73 1 655.0507346391678 179.9408532679081 688.5227108001709 207.19890296459198 0.99962866
73 4 441.0829553604126 178.21303009986877 452.58709412813187 210.2232277393341 0.9688867
74 1 655.1409019231796 180.12266233563423 688.9274271726608 207.30898529291153 0.9995302
74 4 438.98815762996674 178.66402119398117 450.4680519104004 210.5133980512619 0.9886458
75 1 655.5760442018509 179.83804643154144 688.3391929864883 207.34667032957077 0.9994036
75 4 435.55028933286667 177.30455473065376 448.9085576534271 210.7808142900467 0.98069715
76 1 655.2744501829147 179.93345484137535 688.7998012304306 207.35163241624832 0.9995937
76 4 432.96194046735764 174.5194047689438 447.45962566137314 209.18771624565125 0.5945356
76 5 429.1621445417404 175.9478822350502 450.0983142256737 208.58947187662125 0.37994134
77 1 655.2423956394196 180.1697239279747 688.7166666984558 207.38312602043152 0.9996314
77 4 431.7603392601013 175.75214803218842 444.84621798992157 208.89705419540405 0.9132244
