0 5 744.788502573967 160.72678193449974 916.6014479398727 372.3578006029129 1.0
0 1 297.15912848711014 162.79711201786995 458.1981568336487 288.78168761730194 0.9999999
0 4 1108.9297453165054 168.41816157102585 1205.2169301509857 317.35020875930786 0.99999976
1 5 745.0958708524704 156.05441853404045 919.5019769668579 374.11900609731674 1.0
1 4 1137.1375215053558 163.9399789273739 1222.0400133132935 320.5356225371361 0.9999999
1 1 298.7280984520912 161.9914323091507 455.8025423884392 284.413106739521 0.9999882
2 5 745.9777779579163 147.32296764850616 926.8335099220276 365.64626544713974 1.0
2 1 295.2765718102455 154.00875359773636 453.84758538007736 276.57998353242874 0.9999864
2 4 1154.0992609262466 148.56566861271858 1240.1157406568527 316.0689175128937 0.9998354
3 5 758.9047164916992 142.09504052996635 929.0365380048752 373.6541122198105 1.0
3 1 288.11117836833 149.57132935523987 450.02162021398544 270.4913914203644 0.9999423
4 5 758.8470479249954 146.14805951714516 937.8530920743942 371.17286771535873 1.0
4 1 289.55796352028847 148.56355637311935 446.0909410715103 267.4269452691078 0.9999999
4 5 1169.756239771843 109.30094495415688 1241.5478310585022 328.66135239601135 0.6965727
5 1 289.1791387796402 151.37125924229622 444.59859108924866 267.2604024410248 1.0
5 5 773.627153635025 143.65286752581596 932.3780575990677 366.58700555562973 1.0
6 1 288.5236307680607 151.90847218036652 440.4193226695061 269.87258344888687 1.0
6 5 783.8152424097061 148.2669711112976 939.0950020551682 369.8842003941536 1.0
7 1 286.42302176356316 154.05486524105072 435.5845647454262 269.67450231313705 1.0
7 5 774.1288479566574 147.42141589522362 954.5040578842163 362.8029003739357 1.0
7 2 389.3956332206726 162.89087757468224 471.8917393684387 206.261046230793 0.99997807
8 5 766.3099822998047 155.63977137207985 954.7902538776398 375.0 1.0
8 1 283.6224503517151 155.14731779694557 435.6350154876709 269.4120481610298 0.9999999
9 5 768.4716281890869 158.34973007440567 958.0243574380875 369.6915954351425 1.0
9 1 283.58402931690216 155.09897097945213 433.13302141427994 268.2548761367798 0.999995
10 5 767.9700078964233 161.31708025932312 951.8062201738358 375.0 1.0
10 1 283.6445665061474 156.86850249767303 431.12132120132446 270.02448588609695 0.9999999
11 5 766.2110795974731 162.79085353016853 948.2470554113388 372.2854033112526 1.0
11 2 281.0365814566612 154.59023416042328 426.9254332780838 271.00617438554764 0.999998
12 5 764.4936815500259 153.6492146551609 947.8733571767807 370.45037001371384 1.0
12 1 280.3071185052395 154.68686074018478 425.64454704523087 268.7471732497215 0.9999999
12 2 43.01482844352722 103.40080037713051 133.21852545440197 141.32314547896385 0.99914646
13 1 277.136291205883 155.02877533435822 425.3885918855667 264.63089883327484 1.0
13 5 756.8995678424835 151.9356295466423 944.69921708107 370.8054721355438 1.0
14 1 274.02181845903397 156.15875646471977 422.51500940322876 263.41988146305084 1.0
14 5 770.4675232172012 149.725791066885 938.2137612104416 369.61662769317627 1.0
15 5 761.3185050487518 153.93976494669914 935.2619301080704 374.94293600320816 1.0
15 1 276.66542994976044 155.53312003612518 417.8979336619377 264.44028317928314 0.9999982
16 5 753.1824252605438 151.0016843676567 927.9169979095459 374.900221824646 1.0
16 1 277.48204350471497 154.13126349449158 416.311381816864 259.26706194877625 0.99999964
16 2 460.87052857875824 164.90284726023674 533.6697651743889 202.69764214754105 0.999987
17 1 277.56380850076675 156.12679347395897 413.7795910835266 260.35214960575104 1.0
17 5 746.7505663633347 159.81243923306465 921.6140234470367 375.0 1.0
17 2 470.9463894367218 168.00552606582642 531.4099938869476 204.96681332588196 0.99999917
17 5 1022.9670106172562 180.82617223262787 1167.1139978170395 257.94875621795654 0.66118836
18 5 747.7127208709717 171.161737293005 918.2742805480957 374.52182918787 1.0
18 2 477.74180459976196 173.62265288829803 548.2934106588364 213.70931714773178 0.9999995
18 2 273.53724333643913 161.7622822523117 416.54238921403885 265.1646137237549 0.9062579
19 5 742.9336327314377 175.3418818116188 904.4568475484848 369.21796202659607 1.0
19 1 278.3200884461403 173.72360453009605 412.35098004341125 273.91811460256577 0.9999999
19 2 488.6673699617386 177.95581743121147 559.91277551651 218.5722067952156 0.9999969
20 5 730.8587676286697 177.67923697829247 902.3881080150604 367.407850921154 1.0
20 1 281.44314855337143 178.53718623518944 411.6910858154297 275.0799134373665 0.9999999
21 1 284.7930334210396 177.72949486970901 408.42992466688156 274.4157761335373 1.0
21 5 724.7336847782135 174.0168035030365 892.9610370397568 370.6517145037651 1.0
22 5 714.0763263702393 172.4986732006073 881.0642856359482 368.18021535873413 1.0
22 1 290.563795119524 173.73447865247726 412.01363003253937 267.41547882556915 0.9999999
22 2 507.9732736945152 177.88998037576675 580.928970515728 218.51876378059387 0.99999654
22 5 1145.1471598148346 124.41999837756157 1239.6892597675323 284.26849097013474 0.9980452
22 2 673.847726225853 171.80946841835976 811.5492331981659 255.167618393898 0.3691889
23 5 701.1351002454758 168.91640424728394 877.7646664381027 364.9425208568573 1.0
23 1 294.89580380916595 170.9875501692295 411.9473000764847 264.3312066793442 0.9999999
23 2 515.2512096762657 172.36599326133728 591.9909712672234 214.51954543590546 0.9936144
24 1 301.49618965387344 170.87620496749878 412.4768663048744 263.89528065919876 1.0
24 5 694.3799568414688 167.4884296953678 866.273445725441 366.71845614910126 1.0
24 2 522.9441890716553 174.91653934121132 600.9627931714058 214.83901888132095 0.99998987
25 5 688.6291644573212 173.3921840786934 851.8167725801468 364.59843814373016 0.9999999
25 1 305.92658284306526 169.6782186627388 413.2353301048279 263.9196664094925 0.99999964
25 2 531.5985456705093 173.48764836788177 608.1953573226929 213.38286995887756 0.50775164
26 5 676.380035161972 162.6065857708454 844.2903213500977 357.901431620121 1.0
26 1 313.6172858476639 162.2418388724327 415.64215993881226 255.98718971014023 0.9999999
27 5 664.4737340211868 161.6172417998314 833.7864249944687 357.33917355537415 1.0
27 1 320.2280727624893 156.26730769872665 419.4287046790123 248.30733239650726 0.9999999
28 5 647.0025272369385 157.29714184999466 822.3840390443802 351.7172634601593 1.0
28 1 329.3381887078285 155.49413859844208 422.6704332232475 249.20951575040817 0.99999845
28 2 554.6155586242676 160.6232486665249 638.2491939067841 206.19182288646698 0.999997
29 5 643.167752623558 161.33591160178185 804.4496330022812 349.8295247554779 0.9999999
29 1 335.50946563482285 159.44958105683327 422.6488167643547 252.900168299675 0.9999919
30 5 632.94087266922 160.45383363962173 808.0527709722519 342.724084854126 1.0
30 1 343.3145248889923 163.51962089538574 426.3222082257271 254.59089875221252 0.9995809
30 1 570.2487371563911 162.94272243976593 653.6453686952591 207.76160806417465 0.91429615
31 5 626.6758750677109 165.3556488454342 791.6127136945724 338.25261890888214 1.0
31 2 579.897265791893 162.70218417048454 669.9202673435211 219.13616359233856 0.9999932
31 1 347.3994063735008 158.44250097870827 433.3420422077179 251.22787803411484 0.9999926
32 5 624.0362981557846 155.84349632263184 767.2781331539154 352.09496319293976 1.0
32 2 354.3926639556885 158.36158767342567 438.38863402605057 247.2449094057083 0.999997
32 5 939.5746357440948 186.45405024290085 1048.2734434604645 253.84312123060226 0.9993506
32 2 591.0987371206284 164.7675186395645 686.6963421106339 215.549536049366 0.99467766
33 5 623.2508507966995 167.2356314957142 748.6014386415482 348.1006622314453 1.0
33 1 599.6397183537483 164.9327091872692 700.5444971323013 209.6157968044281 0.9999999
33 1 361.0048204064369 161.57062724232674 451.12709480524063 251.6699731349945 0.9999999
34 1 369.6594361066818 161.94838285446167 463.4209375977516 250.04985183477402 1.0
34 5 605.4715354442596 160.62184050679207 745.9809612035751 344.94180232286453 1.0
35 1 378.90258210897446 160.31334176659584 475.1405376791954 248.69075417518616 1.0
35 5 603.7528418898582 147.57930859923363 733.3972209692001 337.33613044023514 1.0
36 1 389.2412828207016 158.37502107024193 488.88516318798065 241.8602854013443 1.0
36 5 591.7128074169159 155.75862675905228 718.023402929306 334.3246132135391 1.0
36 2 638.2252085208893 158.15740451216698 712.5721317529678 212.9666805267334 0.99843377
37 1 398.6110183596611 157.380111515522 502.85813105106354 244.0909668803215 1.0
37 5 598.5451630353928 153.24674919247627 705.4586881399155 332.1826234459877 0.99999976
37 2 642.8657884597778 157.7278934419155 728.546102643013 212.4902307987213 0.9999993
37 5 646.7685216665268 154.9471914768219 793.8660074472427 298.1072813272476 0.81744623
38 5 582.9405226707458 158.76800939440727 706.9223148822784 337.007112801075 1.0
38 1 410.16927230358124 157.68686681985855 515.2485816478729 246.77997082471848 0.999998
38 1 653.6458868980408 161.09920665621758 735.7893190383911 209.37294512987137 0.6813451
38 2 653.1892021894455 159.39030423760414 738.4420731067657 209.7303718328476 0.31850043
39 1 422.7433517575264 157.78235346078873 531.2326574921608 245.87642401456833 1.0
39 5 577.9271328449249 160.19581630825996 689.3795961141586 330.0201818346977 1.0
39 1 668.3989720344543 159.9600501358509 758.0489416122437 212.8797098994255 0.9999926
40 1 437.3236902952194 158.56672078371048 548.3305732011795 245.30377238988876 1.0
40 5 575.5280020236969 159.177727997303 686.8589837551117 333.3209306001663 1.0
40 2 674.985403418541 160.50853952765465 774.6523067951202 215.6897708773613 0.99999213
41 1 452.1418098807335 162.39147260785103 564.8466952443123 246.73714488744736 1.0
41 5 567.7718018889427 161.6024449467659 684.0686098337173 339.61837738752365 1.0
41 2 695.9061380624771 162.19120100140572 793.2176617383957 213.23753893375397 0.9997094
42 5 566.9082909822464 165.70081561803818 680.7183548212051 340.43915569782257 1.0
42 2 706.1363493204117 161.58835217356682 808.1926116943359 217.9669886827469 0.9999988
42 1 466.3820223212242 161.1170656979084 578.7086936831474 246.8242272734642 0.9999981
42 5 693.4277222156525 162.69304230809212 755.95525431633 273.2660248875618 0.8891305
43 5 577.2196750044823 167.63683408498764 679.0162807703018 343.9524471759796 1.0
43 1 483.708687543869 165.52437096834183 598.369751393795 248.68275225162506 0.9999995
43 2 721.5722776651382 165.77187180519104 826.9692453145981 220.8731174468994 0.998844
44 5 573.82304084301 165.79106077551842 680.5728138685226 343.537375330925 1.0
44 1 500.00187134742737 163.35348039865494 624.4901697635651 247.5840300321579 0.9999999
44 2 734.6942825317383 164.21854868531227 861.9145460128784 223.63295406103134 0.9893923
45 5 581.567914545536 161.9778648018837 678.6275546550751 345.0910225510597 1.0
45 2 756.4300020933151 164.82052579522133 870.4270631074905 223.00708293914795 0.9999901
45 1 516.549196600914 165.13750702142715 669.4986723661423 247.3028004169464 0.99995506
45 4 623.4853005409241 169.69604417681694 650.3629242181778 246.09676748514175 0.9878405
46 1 540.8018640875816 161.82074323296547 677.3317515850067 247.3033368587494 1.0
46 5 582.8383256793022 164.690762758255 678.0514612197876 352.0541489124298 1.0
46 2 767.8600008487701 162.31121867895126 902.6872590780258 219.98389810323715 0.99976534
47 1 561.8623284101486 161.48529946804047 684.5528333187103 245.07737159729004 1.0
47 5 594.2496691346169 167.99378022551537 682.4230198860168 350.2846956253052 1.0
47 1 784.0531715154648 161.64883598685265 921.6257940530777 220.5108404159546 0.9999472
48 5 596.4448501467705 163.32035511732101 687.0159991979599 347.62269258499146 1.0
48 2 804.248718380928 156.5496325492859 956.8856438398361 222.7373644709587 0.99968374
48 2 577.7628255486488 163.12475502490997 704.5501306056976 241.06641858816147 0.9841537
49 5 605.8379048109055 172.10054397583008 698.7179063558578 347.11387753486633 1.0
49 1 823.1859208345413 159.52962264418602 970.9264222383499 225.33803433179855 0.99999917
49 1 589.8154079318047 160.03279387950897 720.811555981636 242.2814816236496 0.9935941
50 5 615.3414847254753 161.4449881017208 704.7355731725693 346.65124118328094 1.0
50 1 847.3950222730637 158.9370109140873 980.3790332078934 224.92602467536926 0.9999999
50 1 614.1931843757629 160.08837148547173 743.875281214714 249.72479045391083 0.9999993
50 2 987.4244441986084 149.83657747507095 1100.543891787529 221.3088646531105 0.99823666
51 5 625.4848970174789 162.71203011274338 715.6564747095108 343.17391365766525 1.0
51 2 1005.7232208251953 146.65375649929047 1155.6380270719528 221.61396592855453 0.9999982
51 1 635.7094820737839 159.83280166983604 768.6129494905472 245.47677487134933 0.9999881
51 2 867.1170798540115 152.5185965001583 1016.9388316869736 225.56166350841522 0.9998754
52 1 660.9812693595886 157.79442340135574 792.7347707748413 242.31626093387604 1.0
52 5 638.5961676836014 161.586731672287 729.0957677364349 337.71488070487976 1.0
52 1 883.8112045526505 154.74916622042656 1047.7656787633896 227.36261039972305 0.99998724
52 1 1037.222843170166 148.43422919511795 1192.955067873001 229.01366651058197 0.99035525
53 5 649.3641253709793 160.23990511894226 737.3503679037094 350.09700804948807 1.0
53 2 906.5811088085175 148.4455056488514 1069.4027177095413 230.51060736179352 0.99999964
53 2 1062.1954053640366 141.5708027780056 1222.8361208438873 228.39224338531494 0.9999987
53 1 677.9543352127075 153.37137132883072 815.0416238307953 243.14962327480316 0.9998611
54 1 704.0263756513596 153.79102528095245 839.1856538057327 242.44379997253418 1.0
54 5 658.9605005979538 164.02244567871094 746.4439383745193 337.6174718141556 1.0
54 2 921.9525579214096 154.9019068479538 1098.9338357448578 232.53431171178818 0.9999801
54 2 1087.405452489853 135.49679517745972 1198.881234884262 233.65189880132675 0.45072722
55 2 943.0541453361511 149.92829784750938 1122.4748257398605 234.17586833238602 0.9999999
55 5 669.9404032230377 160.26335209608078 761.807762503624 345.9354490041733 0.99999976
55 1 729.4143884181976 151.64436399936676 863.8566219806671 239.46518450975418 0.99999416
55 2 774.7230044603348 131.98179379105568 915.276403427124 193.35490465164185 0.8129196
56 5 686.9821679592133 165.54615274071693 773.1686922311783 342.48532354831696 1.0
56 2 958.6279156208038 150.66583827137947 1148.0197058916092 236.50550097227097 0.99998426
56 2 1139.8637863397598 134.08253341913223 1241.96513235569 263.9816030859947 0.99997807
56 1 751.6854114532471 153.17825227975845 889.2954186201096 238.28494548797607 0.99663514
57 5 699.3419705629349 167.4804724752903 789.8548958301544 323.81878048181534 1.0
57 2 978.0933147668839 149.0599326789379 1160.927544951439 237.77081072330475 0.9999987
57 1 1168.505298256874 137.4862678349018 1239.6957743167877 239.46907371282578 0.9961511
57 2 776.570471405983 149.94963258504868 913.6013499498367 242.39008873701096 0.99292505
58 5 724.1232419013977 168.53268072009087 803.3297967910767 318.09552758932114 0.99999905
58 2 1199.3469511270523 137.7083994448185 1241.4559611082077 234.35291647911072 0.99901116
58 1 798.14118039608 152.73227915167809 939.5835192203522 244.2513406276703 0.9405627
58 1 1003.1042239665985 152.59670466184616 1180.436028957367 238.66841197013855 0.6887147
59 2 1029.2619899511337 142.87550747394562 1222.9034872055054 241.3972243666649 0.9992341
59 4 751.6083472967148 164.30522873997688 814.0873163938522 319.6272701025009 0.9843593
59 2 824.9370020627975 151.41893550753593 964.5642986297607 237.92170733213425 0.78838843
59 4 1220.946013212204 137.10903748869896 1241.9999259710312 240.15656858682632 0.66090614
60 5 757.7916169166565 165.23024439811707 841.4470167160034 310.1858049631119 0.9999783
60 2 1042.0162929296494 143.02004501223564 1232.4617375135422 243.5467466711998 0.9999627
60 1 844.614938378334 152.72360667586327 993.4512906074524 240.9908026456833 0.99995625
60 3 818.785416841507 144.2631594836712 880.6697112321854 204.7967165708542 0.6405325
60 6 818.0346150398254 145.08920162916183 885.1690438985825 199.4146630167961 0.3432381
61 1 1063.5600553750992 144.9257656931877 1233.9647476673126 244.72524225711823 1.0
61 5 768.7539006471634 168.72534155845642 860.4102033376694 319.06038522720337 1.0
61 1 866.9622112512589 151.79229900240898 1020.2217943668365 241.68891459703445 0.9222433
62 5 783.1776309013367 162.5073328614235 875.9545841217041 329.9254775047302 1.0
62 1 1077.846461892128 141.5233500301838 1235.6705971956253 245.43296545743942 0.99999976
62 2 889.3464245796204 150.90958401560783 1046.1595462560654 240.84361642599106 0.99845815
63 1 1094.072353363037 142.58001744747162 1241.030812740326 247.03267961740494 1.0
63 5 793.5037837028503 161.39183565974236 891.6562024354935 331.34785294532776 1.0
63 2 909.5492262840271 150.08682757616043 1075.7922320365906 241.80031567811966 0.99999285
64 1 1111.8929768800735 141.5301114320755 1241.9999259710312 252.38697230815887 1.0
64 5 820.7127610445023 156.68156370520592 909.5832055807114 327.448770403862 1.0
64 2 933.1877864599228 150.70926770567894 1098.9155505895615 243.93609166145325 0.9964522
64 2 1214.768739938736 139.79461044073105 1241.3007963895798 244.3177029490471 0.89739877
64 1 1218.455604672432 141.29741862416267 1241.2264713048935 241.87061190605164 0.45850387
65 1 1127.245918750763 144.34702321887016 1241.9999259710312 259.1995596885681 1.0
65 5 839.1467885971069 160.8918383717537 930.4822497367859 322.21437245607376 1.0
65 1 951.468425989151 152.28302031755447 1122.102904200554 241.63082242012024 0.9999385
65 4 882.9081991910934 168.6704456806183 912.7651187181473 237.44192719459534 0.9993344
65 1 1226.110570192337 161.9207002222538 1241.9999259710312 340.07473289966583 0.7010155
65 5 618.6425104737282 185.69540977478027 658.5896894931793 226.60334408283234 0.48288074
66 1 1136.9152125120163 141.95233583450317 1237.9751930236816 262.75013387203217 0.99999964
66 5 858.7959276437759 160.55363416671753 953.8900616168976 312.237024307251 0.99999964
66 1 966.722020983696 156.49281442165375 1143.2640849351883 241.59416556358337 0.9999981
67 1 1142.4510247707367 145.35387977957726 1241.0841876268387 261.5509182214737 1.0
67 2 988.2348393201828 156.61229565739632 1169.4764102697372 244.3162277340889 0.99999905
67 5 868.8594996929169 166.03922098875046 975.5865458250046 317.1698972582817 0.9999883
68 1 1149.5358191728592 149.38664808869362 1241.3107903003693 266.4657309651375 1.0
68 4 911.5868736505508 165.32661393284798 977.832732796669 323.0963945388794 0.9816674
68 2 1007.7644956111908 155.21808341145515 1182.516242980957 246.36532366275787 0.9366974
68 5 896.5299736261368 171.9457134604454 987.1845903396606 307.8092783689499 0.38330233
69 1 1148.7957515716553 150.48817545175552 1240.7192248106003 265.0659307837486 0.9999999
69 4 928.3380006551743 163.801196962595 997.5307309627533 332.1327343583107 0.9999889
69 2 1023.018386721611 158.53235498070717 1196.1132177114487 248.2612431049347 0.99611866
70 1 1160.913035273552 152.3357592523098 1240.4570142030716 261.5957111120224 1.0
70 4 880.7533639669418 169.8288582265377 902.8867671489716 231.509730219841 1.0
70 2 1045.1307656764984 156.24897927045822 1207.406781077385 245.25146931409836 0.9999691
70 4 941.2248154878616 164.31648284196854 1014.8140522241592 316.05881452560425 0.9599374
71 1 1166.7675422430038 147.78511226177216 1240.5377798080444 269.14025098085403 1.0
71 4 876.0383849143982 169.55223307013512 899.4220633506775 233.49038511514664 0.99999845
71 4 953.0301411151886 162.89535909891129 1022.1310014724731 316.13367050886154 0.9995364
71 2 1057.7317546606064 155.81092983484268 1216.2631627321243 245.44105678796768 0.99922764
72 5 946.7092516422272 163.38054835796356 1042.4486961364746 317.59967654943466 1.0
72 1 619.7754498124123 181.61017075181007 709.4444818496704 211.22460812330246 0.9999987
72 1 1158.8592495918274 143.4541717171669 1241.431161403656 271.68984711170197 0.99999666
72 2 1066.4141682386398 155.95673024654388 1230.6985895633698 246.7140331864357 0.99996865
72 4 869.4605408906937 167.6652766764164 895.4943823814392 228.9765402674675 0.9999373
73 4 863.6146212816238 168.52844506502151 883.4127806425095 229.48689758777618 1.0
73 5 949.7677584886551 159.79648008942604 1052.2972880601883 324.8817175626755 1.0
73 2 1074.1348714828491 155.72834014892578 1223.8002001047134 248.73581528663635 0.9999999
73 1 1163.2063046693802 146.35562896728516 1239.6910364627838 271.17864042520523 0.9999995
74 2 1086.5911338329315 156.3521884381771 1239.9803416728973 247.6135790348053 0.9999999
74 5 961.187615275383 159.50209647417068 1054.7246979475021 320.018894970417 0.9999999
74 4 853.5505310297012 167.79175400733948 874.2560634613037 238.8782501220703 0.999997
74 1 1164.3208848237991 149.13835376501083 1240.351078748703 276.2022390961647 0.99999094
75 1 596.302418410778 181.85551464557648 682.2624510526657 211.43250167369843 1.0
75 5 966.6502869129181 161.2575575709343 1059.8842949867249 311.5868791937828 1.0
75 1 1157.3141909837723 150.12411028146744 1241.9999259710312 277.4141952395439 0.9999999
75 1 1095.9138239622116 155.43165430426598 1238.8399254083633 247.36735224723816 0.99998105
75 6 835.8124498128891 115.13431370258331 1020.3432018756866 221.77228331565857 0.8654793
75 4 844.013230919838 167.09934175014496 867.9934347867966 236.82895302772522 0.7581794
76 1 1159.417650103569 150.77614411711693 1241.4528518915176 281.1921313405037 1.0
76 5 975.3997707366943 169.0291464328766 1054.5463621616364 293.5490682721138 0.9999895
76 1 1125.9760998487473 153.23224291205406 1232.148372888565 260.0920870900154 0.99947137
76 4 832.0223146677017 170.1519414782524 856.918182849884 234.42379385232925 0.99680364
77 1 563.8426773548126 185.21509319543839 646.3011767864227 214.03837949037552 1.0
77 1 1147.8675763607025 150.6507284939289 1239.177349448204 278.58708053827286 1.0
77 1 1100.0798041820526 160.59479489922523 1232.6308937072754 244.9934408068657 0.9999994
77 4 984.2746596336365 164.58416730165482 1051.6105213165283 302.55353450775146 0.9999975
78 5 968.993451833725 167.8081937134266 1061.7997205257416 316.0129263997078 1.0
78 1 548.9652235507965 184.8263405263424 634.2272740602493 216.2586897611618 0.9999999
78 4 806.6707241535187 175.91053247451782 830.7510892152786 242.26947873830795 0.9999995
78 1 1146.0799248218536 153.57374399900436 1239.559338927269 296.72178626060486 0.9999993
78 2 1106.584063410759 163.49022835493088 1236.3493688106537 249.93561208248138 0.99999845
79 5 976.1371732950211 168.2429574429989 1058.6183255910873 323.675237596035 0.9999999
79 1 1141.909873008728 151.03178098797798 1239.4700599908829 304.49554324150085 0.9999989
79 1 532.8260940313339 186.0184147953987 612.3880620002747 216.3665145635605 0.99999714
79 4 790.4439443349838 174.3912510573864 816.7373313903809 249.01603907346725 0.9999963
79 1 1101.987160563469 162.27829456329346 1237.0405772924423 253.2452791929245 0.9999962
80 1 1128.431788802147 151.19728446006775 1238.5694975852966 305.9809282422066 1.0
80 4 777.68579185009 176.2564703822136 802.9917064905167 249.89931285381317 1.0
80 1 517.5428504347801 188.8118013739586 594.5799493789673 219.5555493235588 0.9999995
80 5 977.3729388713837 165.07748141884804 1058.2652074098587 310.3681728243828 0.999997
80 5 5.394138162955642 196.40828669071198 89.19300726056099 281.49019181728363 0.99999523
80 1 1106.274178147316 164.694182574749 1220.3232815265656 246.51604145765305 0.6921063
80 2 1104.5132510662079 167.00516268610954 1215.0330973863602 246.41983956098557 0.30780718
81 5 968.2814412117004 172.47144877910614 1044.469242811203 300.66005140542984 0.9999999
81 5 480.3764215707779 184.14291366934776 579.0574441552162 256.30107522010803 0.99999976
81 5 3.1626806426793337 192.41935014724731 36.70438862219453 285.5340465903282 0.9999982
81 4 759.4876205921173 176.97647586464882 788.3412255048752 248.13348054885864 0.9999968
81 1 1118.144945383072 146.0823006927967 1241.9999259710312 315.15079736709595 0.99467283
81 2 1097.5279515981674 167.2874540090561 1233.7211183309555 250.21279603242874 0.9686336
82 5 964.6914803981781 171.42071574926376 1043.7173305749893 299.3038147687912 0.9999999
82 4 748.5858925580978 176.0951690375805 773.9736092090607 254.55956161022186 0.99999833
82 1 1110.8729317188263 147.9397527873516 1238.8314861059189 321.68977707624435 0.9934673
83 5 951.5495617389679 170.88015004992485 1027.5057266950607 309.0769797563553 1.0
83 4 729.4819768667221 179.1565977036953 755.940744638443 253.57049703598022 0.99999857
83 2 1090.9396694898605 164.28381577134132 1222.4736009836197 257.7495351433754 0.99861455
83 1 1104.7630988359451 148.33806082606316 1241.1233489513397 322.6132169365883 0.9955603
83 2 1102.8533735275269 147.73722365498543 1241.9999259710312 313.5136663913727 0.403048
84 5 944.5858047008514 173.46422374248505 1017.9055759906769 305.89109659194946 1.0
84 1 1098.5188293457031 143.98466795682907 1238.646931886673 329.07868176698685 0.9999912
84 2 1087.724295258522 159.49610620737076 1186.0203301906586 238.66713792085648 0.99996006
84 4 713.5704864263535 176.8043227493763 745.0172520875931 253.70632857084274 0.42304802
85 5 933.4777579307556 169.6220599114895 1013.8561913967133 308.3670660853386 1.0
85 4 697.9265366792679 178.33292484283447 724.9981162548065 258.8183954358101 0.9999999
85 2 1078.65389585495 164.59763422608376 1160.8344165086746 228.61873358488083 0.99999976
85 1 1088.0626076459885 146.8968763947487 1240.4265882968903 322.76634871959686 0.99992156
85 5 378.9631378054619 188.02137672901154 493.19413036108017 270.47717571258545 0.9998952
85 1 1045.065472126007 181.55891820788383 1116.7880684137344 219.66172009706497 0.30411378
86 4 678.3175953626633 175.9900152683258 707.2163579463959 256.9318190217018 1.0
86 5 928.136715888977 171.93443700671196 1000.7988878488541 298.6579164862633 1.0
86 1 1087.7106739282608 157.86705538630486 1234.6823844909668 271.13449573516846 0.9999994
87 5 917.0459178686142 175.65201222896576 1000.6425386667252 302.1073713898659 1.0
87 2 1069.444766163826 137.4339424073696 1234.836290717125 330.61181008815765 0.999987
87 2 416.95232462882996 185.4024901986122 507.256451189518 225.86781531572342 0.99998295
87 4 658.1983723640442 173.30214008688927 691.0027552843094 259.98399406671524 0.9999691
87 2 1063.9514465332031 161.0790118575096 1195.096873998642 253.87942045927048 0.9973793
88 5 911.966050028801 173.07091131806374 989.3702216148376 305.76154589653015 1.0
88 4 641.9339118003845 176.02073773741722 673.9917125701904 262.4121978878975 0.9999958
88 2 1060.0095520019531 133.61501321196556 1233.4606844186783 347.22820669412613 0.8919821
89 5 904.0177817344666 170.13490945100784 977.3486573696136 305.42586743831635 1.0
89 4 622.471843957901 173.5905110836029 655.3606939315796 262.24835962057114 0.9999988
89 2 1059.5854400396347 135.84931567311287 1241.9999259710312 338.8713598251343 0.93876827
90 5 896.8916791677475 174.43351820111275 964.5908750295639 294.0330281853676 1.0
90 1 1045.611583828926 139.51576128602028 1241.9999259710312 346.2347164750099 0.9999999
90 4 605.9936987757683 177.22073569893837 637.6782824993134 266.2670910358429 0.99999964
90 2 345.43948942422867 189.42075222730637 432.7663189172745 232.9787090420723 0.9999757
90 2 1020.0423481464386 171.2750717997551 1100.5489257574081 232.38538205623627 0.99973375
91 5 893.676675081253 170.15258967876434 957.8095993995667 296.5788245201111 1.0
91 1 1041.0980376005173 133.64477455615997 1241.9999259710312 339.79813009500504 0.9999995
91 4 586.8270435333252 176.2816607952118 619.7537593245506 269.69578117132187 0.9999993
91 2 1008.5475740432739 170.66441103816032 1075.5167702436447 233.4546446800232 0.9999987
91 1 925.2777171134949 181.91414326429367 973.7203495502472 214.55863863229752 0.9999902
92 1 1032.2898488044739 140.14916494488716 1237.8364627361298 354.68515008687973 1.0
92 1 996.2563222646713 173.3764261007309 1073.5267975330353 231.59535974264145 1.0
92 5 887.4179699420929 172.565259039402 946.5762956142426 296.79762572050095 1.0
92 4 566.0759092569351 175.8849397301674 601.6922825574875 269.99077945947647 0.9999999
93 1 149.51307879388332 188.18680197000504 208.61470752954483 212.2298777103424 1.0
93 1 982.6648997068405 173.54067787528038 1064.175976395607 228.8735881447792 1.0
93 4 544.7076694965363 175.00603571534157 579.4270337820053 270.3254073858261 1.0
93 5 873.2007805109024 177.03958600759506 943.1027083396912 297.75991290807724 1.0
93 1 1009.4793766736984 136.52728870511055 1241.9999259710312 362.8557398915291 0.99987435
94 1 118.11942891776562 187.10964918136597 189.05549517273903 210.90549230575562 1.0
94 1 1015.1407420635223 137.07635924220085 1240.784740447998 369.13398653268814 1.0
94 2 971.4874877929688 169.48912292718887 1051.270580291748 227.05920785665512 1.0
94 5 871.6069368124008 179.57821860909462 935.6756780147552 298.01948368549347 1.0
94 4 522.5457281470299 172.58410155773163 557.8125736713409 274.4320258498192 0.99999976
94 2 870.9062526226044 181.89316615462303 918.8341616392136 214.0386700630188 0.98716855
95 1 86.76696690917015 184.8590187728405 151.0222796201706 209.35821533203125 1.0
95 5 862.5072219371796 172.6616509258747 935.3833376169205 296.8609482049942 1.0
95 5 139.30849081277847 174.29038882255554 178.62814477086067 216.1213830113411 1.0
95 1 1014.3472995758057 124.40057471394539 1239.405358672142 371.9874992966652 0.9999999
95 4 498.7785056233406 170.98204046487808 535.3001051545143 281.3110649585724 0.9999989
95 5 0.0 185.38647517561913 127.53963370621204 348.9420711994171 0.9934006
95 2 67.92591420561075 181.05503171682358 97.67454323172569 209.8783627152443 0.9797427
96 5 858.7282651662827 178.1897060573101 923.1299146413803 297.6735010743141 1.0
96 5 116.95974661409855 171.97206616401672 152.7054762840271 214.94058519601822 0.9999999
96 4 473.83196461200714 169.0031848847866 513.71832883358 283.624492585659 0.9999994
96 1 54.47367998957634 184.13688987493515 116.71907843649387 208.1422135233879 0.9999981
96 2 1011.2145416736603 122.83464521169662 1235.0712586641312 363.59772831201553 0.9968713
96 2 942.9245946407318 170.23679986596107 999.3861190080643 227.85479575395584 0.99628013
97 1 18.435582160949707 183.07451158761978 78.73423156142235 208.0364003777504 1.0
97 5 852.1800327301025 179.3607361614704 913.1435548067093 295.925036072731 1.0
97 1 1008.2617481946945 132.4114166200161 1241.0680493116379 368.74788254499435 0.9999995
97 4 449.26633965969086 170.74358090758324 488.31425178050995 288.927286863327 0.9999956
97 1 0.0 177.99516767263412 32.1415923088789 206.36900514364243 0.9999516
97 2 928.7997193336487 172.72378876805305 983.5258566141129 227.06128656864166 0.9992999
97 5 870.6602543592453 179.2653277516365 911.5226905345917 268.5420289635658 0.3371875
97 2 993.4074654579163 118.91307681798935 1199.2999427318573 329.3345421552658 0.30139932
98 2 912.3939374685287 171.56044766306877 964.9738268852234 225.28186440467834 1.0
98 4 421.2159490585327 172.28712514042854 461.35367864370346 291.00577533245087 0.9999999
98 5 850.0724279880524 172.38682508468628 911.166833281517 293.75432431697845 0.99999964
98 2 821.6197639703751 170.30710726976395 859.4119226932526 198.83738458156586 0.9928763
98 1 1001.6075803041458 116.66308343410492 1238.5631310939789 370.2133297920227 0.7007363
99 4 388.200213432312 169.75784674286842 436.4367862343788 305.52953481674194 1.0
99 1 0.0 255.17472624778748 104.08405463397503 347.8102907538414 0.99999905
99 5 843.2407386302948 173.46648126840591 903.9583364725113 287.1173322200775 0.9999988
99 2 977.4829459190369 113.14486339688301 1241.9999259710312 368.2858273386955 0.99999595
99 2 894.3269455432892 172.2656451165676 950.2117842435837 225.2754047513008 0.60293984
99 1 896.597265958786 172.84025251865387 950.7130343914032 225.7767766714096 0.39660951
100 1 942.1013184785843 185.17622351646423 994.4109281301498 219.78704631328583 1.0
100 4 352.50196409225464 167.26549342274666 402.61772525310516 304.69344556331635 1.0
100 5 830.9144711494446 173.53463172912598 900.4648354053497 286.5598350763321 1.0
100 2 963.7792214155197 118.92144754529 1241.9999259710312 373.8709017634392 0.99999976
100 2 867.6948019266129 174.86628144979477 927.9974673986435 228.36416959762573 0.9995701
101 1 950.3409647941589 187.49218806624413 1029.086393237114 231.69037699699402 1.0
101 2 968.0800824165344 116.5250614285469 1241.9999259710312 374.12218004465103 1.0
101 4 307.93894931674004 158.35712850093842 371.9849451184273 331.2491253018379 1.0
101 5 826.4186918735504 174.6097169816494 894.4447256326675 286.53687983751297 1.0
101 1 926.5952106714249 184.8297379910946 975.9382574558258 219.34951096773148 0.9999999
101 1 856.6593775749207 174.94909465312958 912.7625277042389 222.66127914190292 0.81946987
101 2 854.0103249549866 174.57226663827896 913.9403285980225 221.97968512773514 0.34842739
102 1 933.1447756290436 186.34141981601715 1013.2898697853088 226.38407349586487 1.0
102 5 824.3784534931183 172.47650027275085 894.2942247390747 286.30681335926056 1.0
102 2 843.6337584257126 173.08206483721733 893.5859895944595 225.26326775550842 0.9999999
102 4 265.5176296234131 159.4700776040554 334.4922335743904 323.7601965665817 0.9999999
102 2 963.1478283405304 113.06201666593552 1241.0753781795502 364.34242129325867 0.98762465
102 1 907.4847804307938 183.57164785265923 957.3769000768661 216.79984778165817 0.95541036
103 1 921.0182383060455 186.52073666453362 992.6237947940826 226.65104269981384 1.0
103 2 832.6540778875351 172.22818359732628 878.4188604354858 224.84862059354782 1.0
103 5 822.9966287612915 164.69165682792664 890.2610524892807 282.78183192014694 1.0
103 4 216.8955139517784 153.11049297451973 283.26461282372475 346.6157913208008 0.99999976
103 1 892.3857579231262 183.32970142364502 940.4446241855621 216.7445495724678 0.9999906
103 1 991.7432942390442 118.26751381158829 1237.7687262296677 371.94424867630005 0.96773213
104 1 873.3672716617584 183.31623449921608 924.7290884256363 216.12053364515305 1.0
104 1 903.0458554029465 187.1172934770584 975.6402908563614 228.2351553440094 1.0
104 1 811.9568367004395 173.2335090637207 867.3554531335831 217.47464686632156 1.0
104 4 159.06547155976295 160.42263060808182 235.4423616528511 349.9678149819374 1.0
104 5 818.9353995323181 170.30340805649757 888.4848754405975 285.1897403597832 0.9999999
104 2 955.5769597291946 109.50297117233276 1241.9999259710312 371.7995434999466 0.9999993
104 1 939.1403818130493 193.1297779083252 1026.5366134643555 231.65787756443024 0.9846571
105 1 860.6222223043442 183.05574730038643 909.3516429662704 216.34409576654434 1.0
105 1 919.9422272443771 189.82766568660736 1014.5516935586929 238.4834960103035 1.0
105 1 888.4920562505722 187.95081228017807 967.8542940616608 228.5015434026718 1.0
105 5 815.0915933847427 173.56135323643684 878.7995173931122 285.5527102947235 1.0
105 2 952.8346306085587 94.64935585856438 1241.9999259710312 373.44975024461746 0.9999999
105 4 73.68528006970882 160.4432389140129 185.65447479486465 370.07859349250793 0.99999964
105 1 796.1179686784744 174.08617213368416 849.3540508747101 219.10330653190613 0.99999845
106 1 907.5373409986496 188.3014664053917 1034.2165267467499 238.1124123930931 1.0
106 1 841.5718295574188 184.94537472724915 895.4555912017822 219.2433625459671 1.0
106 1 873.2173629999161 187.86891549825668 949.713717341423 230.31523078680038 1.0
106 5 814.7928124666214 177.04271525144577 879.8650903701782 282.5682610273361 0.9999993
106 1 798.4319661855698 182.8182265162468 850.6383054256439 209.54925566911697 0.99999785
106 1 778.8011863231659 173.14087226986885 832.3784680366516 220.15705704689026 0.99999416
106 2 961.2696393728256 92.74283610284328 1241.9999259710312 372.9488030076027 0.9999938
106 4 8.884169700555503 150.36281570792198 123.06773802638054 366.7145222425461 0.9972006
107 1 894.6249121427536 187.57277727127075 1002.6834433078766 243.35172772407532 1.0
107 1 815.6257123947144 182.37379565835 878.5056964159012 210.69806814193726 1.0
107 1 860.7279356718063 187.58010864257812 934.7670464515686 229.95132207870483 0.99999964
107 5 815.3889677524567 178.1320609152317 876.0295014381409 283.85552018880844 0.9999995
107 2 960.5879065990448 98.99342805147171 1241.9999259710312 375.0 0.9998696
107 2 760.7147988080978 171.78314924240112 811.9809701442719 217.96609461307526 0.63556737
107 1 762.572851896286 173.00764471292496 813.0232980251312 218.4629738330841 0.3637367
108 1 881.9501903057098 187.58578598499298 1001.5699735879898 244.72935497760773 1.0
108 5 809.450141787529 176.69912427663803 868.1246141195297 286.6274490952492 1.0
108 2 977.3282253742218 94.42390501499176 1241.9999259710312 375.0 0.99999976
108 1 853.9117183685303 190.28062373399734 924.2865432500839 231.54135793447495 0.9999881
108 2 744.925604224205 174.5026856660843 794.1557568311691 220.2824056148529 0.998307
109 1 874.009917140007 187.33588233590126 981.9254243373871 244.22304332256317 1.0
109 5 803.2340033054352 176.27892270684242 867.9559761285782 282.90123492479324 1.0
109 2 992.8538028001785 85.00363491475582 1241.9999259710312 372.22760170698166 0.99999845
110 1 862.633219242096 186.99853867292404 975.9147162437439 244.77121978998184 1.0
110 1 817.212893486023 189.10753726959229 894.8389298915863 231.75416886806488 1.0
110 1 783.6600776910782 182.91844055056572 835.2356901168823 219.0834805369377 1.0
110 5 803.5464795827866 175.63341557979584 857.70918238163 280.4759368300438 1.0
110 1 741.0144317150116 181.45084753632545 790.0472230911255 207.92607218027115 0.99979025
110 1 108.20601537823677 203.09606194496155 278.7694442868233 266.3598954677582 0.8440127
110 2 1000.7075361013412 78.5395447164774 1241.9999259710312 375.0 0.833563
111 1 851.7267533540726 186.07323244214058 963.6490044593811 245.14489620923996 1.0
111 1 809.1836374998093 188.09565156698227 887.4842258691788 231.76416009664536 1.0
111 1 768.6564785242081 181.09430372714996 820.2816903591156 218.02255511283875 1.0
111 5 799.1701830625534 172.78797179460526 853.1324154138565 282.86683559417725 1.0
111 2 696.4445507526398 168.46944764256477 743.1919938325882 213.86781334877014 0.9999454
111 1 733.0589085817337 181.05291947722435 787.4439203739166 210.5501890182495 0.999458
111 2 1026.4602895975113 86.68278716504574 1241.9999259710312 375.0 0.9719587
112 1 0.2952014295151457 177.24725604057312 255.1155416071415 269.67108249664307 1.0
112 1 754.975036740303 179.80767041444778 809.9953651428223 217.65636652708054 1.0
112 1 840.0705960988998 184.87311154603958 955.6291501522064 244.5949763059616 1.0
112 1 798.2961230278015 188.08230757713318 873.94684445858 233.08952897787094 1.0
112 5 795.7130302190781 173.14251512289047 848.6389310359955 279.34907376766205 1.0
112 1 679.1483484506607 170.64527794718742 727.4244157075882 213.41172605752945 0.99999034
112 2 1056.6477484703064 60.12989021837711 1241.9999259710312 375.0 0.9996124
113 1 826.8562771081924 184.0152069926262 947.2586946487427 244.93809789419174 1.0
113 1 737.9411931037903 179.4641576707363 798.7007653713226 218.90560537576675 1.0
113 1 0.0 172.62480407953262 242.9485104382038 280.30306845903397 1.0
113 5 787.3154801130295 173.89721050858498 844.0175986289978 276.46270394325256 1.0
113 1 785.6918767690659 186.78101152181625 858.073478937149 229.2405366897583 0.9999999
113 2 664.8423982858658 168.0925190448761 711.4370455741882 212.14769035577774 0.99999964
113 2 1073.5518193244934 40.821801871061325 1241.9999259710312 375.0 0.99677163
113 3 1073.7892302274704 44.87230349332094 1241.9999259710312 375.0 0.35869342
114 1 819.9711388349533 184.71020087599754 936.5290839672089 245.458222925663 1.0
114 1 728.5075335502625 179.237712174654 787.4314094781876 218.6615914106369 1.0
114 1 0.0 173.39720204472542 224.00120303034782 287.85574436187744 0.99999654
114 4 790.5776406526566 173.8869845867157 826.7797311544418 257.65590369701385 0.99999654
114 1 776.8625897169113 184.0077079832554 844.8815166950226 231.97196424007416 0.9999813
114 4 1136.0555140972137 67.25706160068512 1241.9999259710312 375.0 0.9994678
114 4 214.2892500758171 173.65868389606476 235.03146386146545 228.51209342479706 0.9115394
115 1 813.2744042873383 186.26541271805763 923.8280078172684 250.14766305685043 1.0
115 1 717.0677629709244 178.5985417664051 775.9214594364166 219.1653773188591 1.0
115 1 757.4718117713928 186.70333921909332 831.3406559228897 232.13502019643784 1.0
115 5 777.0342628955841 173.70758950710297 824.103954076767 267.30796694755554 1.0
115 4 176.5326622724533 171.77700251340866 210.3498910367489 264.40881192684174 0.99999714
115 1 0.0 181.48819729685783 209.16154101490974 299.73312467336655 0.9999932
115 2 637.0203130245209 168.77052560448647 681.893712759018 214.34039622545242 0.999708
116 1 805.0294278860092 185.96630170941353 917.322193980217 252.33983248472214 1.0
116 1 704.7352030277252 179.83336374163628 764.4867228269577 221.2763875722885 1.0
116 1 748.3028057813644 186.87668815255165 820.3393589258194 236.2043783068657 1.0
116 5 769.2638121843338 171.21420800685883 817.8250390291214 278.6324545741081 1.0
116 1 663.5282360315323 180.32320216298103 711.2339841127396 210.73946356773376 0.99987006
116 1 623.2007331848145 170.78226059675217 669.9595767259598 212.65726536512375 0.7460744
116 1 683.7177865505219 184.34124067425728 730.8117592334747 216.35638922452927 0.6095811
117 1 796.1146373748779 187.24052980542183 911.7720201015472 256.495401263237 1.0
117 1 736.0411655902863 186.77863106131554 809.699693441391 238.8230413198471 1.0
117 1 694.2408564090729 181.61270767450333 753.8610488176346 223.43270480632782 1.0
117 5 758.0980228185654 171.87286913394928 807.7291903495789 277.1375700831413 1.0
117 2 497.5716853737831 163.62527757883072 551.952773630619 198.94686341285706 0.9999788
117 4 107.52378290891647 173.11373725533485 135.2017615288496 258.44885408878326 0.79086083
117 1 610.2120544910431 171.3423952460289 654.6162586212158 213.41805160045624 0.31344876
118 1 786.3699080944061 188.06473910808563 902.6153029203415 258.18172842264175 1.0
118 1 680.7923097610474 181.8491779267788 744.5721899271011 224.86500442028046 1.0
118 1 728.8107562065125 186.80330738425255 803.8034341335297 240.39079248905182 1.0
118 5 743.7816345691681 170.53089290857315 799.357624411583 275.42808651924133 1.0
118 2 4.922155483625829 175.44040828943253 142.8547930419445 337.4819755554199 0.97929275
118 1 467.9779018163681 178.46807464957237 535.6124333739281 226.88566893339157 0.9612548
119 1 778.9909225702286 188.65372985601425 896.2668006420135 260.3539153933525 1.0
119 1 716.0389083623886 189.5901784300804 797.2626045942307 238.62071335315704 1.0
119 1 0.0 221.9458892941475 115.04870729148388 348.2402041554451 1.0
119 1 668.5998126268387 181.8944402039051 734.1934025287628 225.30367970466614 1.0
119 5 732.9229913949966 173.91609773039818 784.1996748447418 279.9591198563576 0.99999917
119 1 630.8325276374817 182.67275020480156 673.5650836229324 212.52096444368362 0.99999905
119 1 449.2356176376343 177.54709348082542 519.7200794219971 230.5631786584854 0.99999225
119 2 579.9617820382118 171.2261103093624 622.6860097646713 215.06334096193314 0.99869734
119 4 18.674698043614626 168.86593401432037 65.55354485660791 289.13459926843643 0.95350456
119 4 740.6415477991104 181.4848780632019 769.0838477611542 256.2854513525963 0.3117265
120 1 769.9451007843018 188.45008313655853 888.6655061244965 261.89205050468445 1.0
120 1 655.9549244642258 180.90220168232918 720.0074533224106 225.26952624320984 1.0
120 1 707.4620600938797 190.16875326633453 790.8456995487213 242.34724044799805 1.0
120 1 432.02421551942825 178.54031547904015 503.4084994196892 231.70776665210724 1.0
120 5 712.8442622423172 170.27611657977104 769.854489326477 278.3351540565491 1.0
120 1 0.0 210.29019355773926 76.6012441366911 356.2984988093376 0.9999999
120 1 563.7781981229782 171.19348794221878 608.9352768659592 211.02815866470337 0.99959034
120 1 634.9047871828079 186.01660430431366 686.3521074056625 220.09936720132828 0.99880505
121 1 761.6038867235184 189.05062973499298 884.5813279151917 268.7073424458504 1.0
121 1 643.2111335992813 181.6876083612442 706.5898507833481 225.5358025431633 1.0
121 1 697.6441901922226 190.01935422420502 781.4167778491974 241.3490116596222 1.0
121 1 414.4269374012947 178.90118435025215 484.9495611190796 231.22349381446838 1.0
121 5 699.0724310874939 174.07067120075226 756.2741711139679 279.5563191175461 1.0
121 1 599.7344014048576 182.70737305283546 647.2662184238434 212.61665225028992 0.9999999
121 1 621.1644183397293 188.90927731990814 670.3340892791748 220.07784247398376 0.9999901
121 2 549.8705608248711 169.9671819806099 590.8813880681992 212.68408745527267 0.99982065
122 1 752.86698782444 189.6202191710472 878.1353294849396 270.62009274959564 1.0
122 1 683.0898728370667 189.52374905347824 771.5826956033707 246.14053219556808 1.0
122 1 630.2100920677185 181.01399391889572 696.9390642642975 227.05455869436264 1.0
122 5 685.09827876091 172.21460491418839 746.2428756952286 275.8062332868576 1.0
122 2 533.6794629693031 169.850405305624 576.7887523770332 211.08774840831757 0.9999995
122 1 392.33214032649994 178.360216319561 470.83071917295456 231.81259632110596 0.9994511
123 1 743.7599440813065 189.01967257261276 869.5165067911148 272.9695290327072 1.0
123 1 616.8885421156883 181.2571920454502 680.2112563848495 226.17937624454498 1.0
123 1 593.7194736599922 184.7006119787693 647.8662972450256 221.01759910583496 1.0
123 1 667.3081551790237 188.65469098091125 766.8442493677139 251.16679072380066 1.0
123 5 670.338308930397 176.4715611934662 725.9539042711258 274.0696370601654 1.0
123 1 373.6173579096794 176.7522431910038 451.1431590914726 233.94455015659332 0.9999999
123 2 517.8471465110779 169.22304779291153 561.6446092128754 211.25876158475876 0.9999999
124 1 645.9177067279816 187.29834258556366 758.2163211107254 251.58286839723587 1.0
124 1 604.9755043387413 180.2794151008129 671.3787860870361 228.19002717733383 1.0
124 1 735.4911303520203 187.0577707886696 866.6427762508392 274.5855376124382 1.0
124 1 583.3541225194931 183.01372602581978 639.2759016752243 221.79999947547913 1.0
124 5 650.0628107786179 173.92749711871147 709.403913974762 275.48642456531525 0.99999976
124 1 347.0475836992264 179.1861355304718 432.7901562452316 237.81658709049225 0.9999896
125 1 644.2211848497391 185.37691980600357 749.5777326822281 250.57802349328995 1.0
125 1 730.1061891317368 185.9903745353222 858.8025902509689 278.6179706454277 1.0
125 1 591.3986284732819 179.31374162435532 661.0021455287933 229.05372083187103 1.0
125 1 328.60863322019577 181.31901696324348 414.1731290817261 242.33365058898926 1.0
125 5 628.4005279541016 172.837033867836 692.9748870134354 273.2449471950531 0.9999995
126 1 634.8320167064667 185.34594029188156 740.392958521843 252.85419076681137 1.0
126 1 719.6745450496674 185.48999726772308 856.3209911584854 280.49030900001526 1.0
126 1 579.0510776638985 178.29076945781708 654.176230430603 228.9726957678795 1.0
126 5 614.1453986763954 176.15995556116104 670.0321991443634 272.69404381513596 1.0
126 1 551.6798658370972 183.86215344071388 609.2961310744286 221.66606783866882 0.9999976
126 1 303.3004606962204 176.86552181839943 394.8456088900566 244.93474513292313 0.9992617
126 1 342.85069638490677 176.92232877016068 408.24659192562103 229.49574887752533 0.99903476
126 2 470.02835619449615 168.4924140572548 513.2865548729897 207.7678218483925 0.99014246
127 1 617.5795285105705 184.84444543719292 731.8286951780319 254.91363555192947 1.0
127 1 566.3507418036461 178.43738570809364 640.3496918678284 231.4036265015602 1.0
127 1 542.1426397562027 181.2063418328762 605.2594054341316 222.08882868289948 1.0
127 1 712.9486430883408 184.27599593997002 851.8817700147629 285.8048602938652 1.0
127 1 523.9493544101715 182.02178925275803 568.7237403988838 215.05708247423172 1.0
127 1 276.3236937224865 184.20717492699623 376.31512159109116 250.01337379217148 1.0
127 2 458.29124826192856 172.0098741352558 500.114839553833 211.77218109369278 1.0
127 2 322.86953741312027 177.97383293509483 393.10977762937546 236.09615117311478 0.99999964
127 5 591.036182641983 173.0269119143486 656.1482141017914 273.48098158836365 0.9999994
128 1 611.9666520953178 185.2252297103405 730.6377911567688 258.0987587571144 1.0
128 1 531.8742295503616 182.10569769144058 593.2382113337517 223.17121177911758 1.0
128 1 553.6564763188362 182.62885138392448 620.4775405526161 230.80240935087204 1.0
128 1 709.6575372219086 183.8320568203926 852.8250471353531 286.99254244565964 1.0
128 1 251.76891401410103 184.42706018686295 356.91553419828415 254.15700674057007 1.0
128 5 569.068234205246 173.69236797094345 636.8194724321365 274.10347759723663 1.0
128 1 512.0760331749916 181.5859079360962 562.3040222525597 216.9695422053337 0.9999995
128 2 445.54860484600067 171.33964598178864 484.9415289759636 211.11264824867249 0.95800984
128 1 574.8128451704979 183.1660531461239 628.894745349884 213.14813196659088 0.83957636
129 1 606.5823771357536 184.22973901033401 727.5389385223389 262.1791139245033 1.0
129 1 519.035126388073 182.2446472942829 581.846855700016 224.58603233098984 1.0
129 1 561.9666352272034 182.19871446490288 628.1890271902084 221.04131430387497 1.0
129 1 709.0257740020752 181.8087436258793 856.6724807024002 292.2488898038864 1.0
129 5 555.6061032414436 174.01280254125595 616.4491801857948 273.79826456308365 1.0
129 2 435.91902762651443 172.84513637423515 476.11150163412094 210.29654145240784 0.9999976
129 1 546.3919765949249 185.0600279867649 605.913710474968 233.56325179338455 0.9999938
129 1 505.61478477716446 182.17754736542702 551.7172134518623 217.93857961893082 0.99998724
129 1 245.13521513342857 186.38090416789055 342.16104251146317 258.16362351179123 0.9990251
129 1 289.32299557328224 182.72646144032478 368.41452795267105 241.1482036113739 0.71700555
130 1 712.4054925441742 182.5813315808773 862.4552536010742 298.2508912682533 1.0
130 1 541.1901460289955 181.8692833185196 622.9300832748413 236.56102269887924 1.0
130 1 602.4128065109253 185.57754904031754 733.5127061605453 266.9118493795395 1.0
130 1 516.0260338783264 183.41906368732452 585.1281157135963 227.0808219909668 1.0
130 2 430.31011176109314 173.79718646407127 468.16593539714813 211.9358405470848 0.9999999
130 5 544.9658455252647 171.80185765028 604.9296063780785 274.0551307797432 0.99999976
131 1 715.1570752859116 182.93533846735954 872.2797861099243 306.06284737586975 1.0
131 1 537.5865268707275 180.25877326726913 620.0963653922081 237.960085272789 1.0
131 1 504.19172590970993 185.33730134367943 585.1840445995331 226.63743048906326 1.0
131 1 191.55186304450035 194.018192589283 316.072012424469 273.28748255968094 1.0
131 1 600.1080626249313 186.18405237793922 730.887638926506 271.3327556848526 1.0
131 5 531.6835309267044 176.2687750160694 585.1370362043381 274.74338561296463 0.9999999
131 2 423.6865918636322 176.72794684767723 461.5624403357506 213.9294147491455 0.9999993
132 1 723.5965257883072 184.43983420729637 885.9501975774765 315.84928929805756 1.0
132 1 173.70216464996338 196.00964337587357 304.11997988820076 283.4324687719345 1.0
132 1 531.042366027832 181.54341727495193 620.0090112090111 241.33756756782532 1.0
132 1 597.8652069568634 187.47496604919434 732.9924305677414 277.0965099334717 1.0
132 5 523.5746937990189 177.40428820252419 577.2637962698936 274.50795471668243 1.0
132 2 421.8799518942833 177.79891937971115 459.17189687490463 214.33650702238083 0.9999982
132 1 289.6936401128769 190.37242233753204 345.71769028902054 239.98522013425827 0.9999634
132 1 491.04991829395294 187.50113993883133 539.2382612228394 223.31010550260544 0.99886996
132 1 250.36702743172646 184.0580217540264 337.45280009508133 254.9067959189415 0.99672455
133 1 732.1282904148102 183.25741589069366 900.9420261383057 325.1029998064041 1.0
133 1 514.1135324835777 183.90349298715591 585.6855908632278 230.35937547683716 1.0
133 1 538.6844875216484 182.0802167057991 623.614629149437 244.3121150135994 1.0
133 1 596.1406651139259 187.35117092728615 744.7205439805984 279.4102281332016 1.0
133 2 419.3810670375824 175.08601024746895 456.55497282743454 213.61852437257767 1.0
133 5 515.4611188173294 177.43626236915588 575.7447588443756 277.01664716005325 1.0
134 1 748.9856489896774 181.3390776515007 923.9228389263153 335.98431944847107 1.0
134 1 602.8046788573265 185.79239398241043 755.2265871763229 284.7767025232315 1.0
134 1 534.482603251934 180.7892695069313 626.4195867776871 245.34791707992554 1.0
134 1 501.9077841639519 186.1337162554264 551.7943886518478 224.46826100349426 1.0
134 1 280.31683480739594 191.46175682544708 344.47411465644836 244.11975592374802 1.0
134 2 422.52888983488083 176.423080265522 458.50248992443085 213.4735956788063 1.0
134 5 507.62182116508484 176.94063484668732 567.2891700267792 279.840923845768 1.0
134 1 133.57190273702145 196.2142512202263 293.2788630723953 293.97113621234894 0.9999912
134 1 231.68302255868912 187.3975172638893 325.53210031986237 263.7763023376465 0.99994266
135 1 768.385014295578 179.29373681545258 967.939205288887 350.85953772068024 1.0
135 1 543.1101613640785 177.823718637228 634.3032277822495 244.66191977262497 1.0
135 1 280.4561018049717 189.44482505321503 344.75834888219833 243.44786256551743 1.0
135 1 226.53192034363747 183.49092453718185 322.5181959271431 262.2498571872711 1.0
135 1 117.11687310039997 194.88877058029175 288.030764400959 295.1947823166847 1.0
135 1 498.0451376438141 185.19991636276245 545.6909962892532 220.39731591939926 1.0
135 1 609.2866553664207 181.450042873621 771.6587973833084 288.16428780555725 1.0
135 5 507.75274139642715 175.95989629626274 563.3387991786003 276.08174085617065 1.0
135 2 425.1069486737251 174.77522045373917 459.9772580265999 211.6546556353569 0.999998
135 1 516.9578735232353 183.35521593689919 575.754197537899 216.2884622812271 0.9994948
135 5 390.906490445137 181.15299940109253 400.3014328479767 201.42587274312973 0.40536645
136 1 786.4397914409637 180.90752139687538 1018.1539431810379 360.61763763427734 1.0
136 1 551.3000972270966 174.4299754500389 646.1855435371399 244.923435151577 1.0
136 1 108.76465648412704 194.3124532699585 281.6052349805832 299.0671992301941 1.0
136 1 616.2840585708618 179.65123057365417 791.4159446954727 290.7164543867111 1.0
136 4 683.5903826951981 167.21000522375107 704.0529520511627 225.89841485023499 1.0
136 5 502.05665642023087 172.06665873527527 562.0056114792824 271.08990401029587 1.0
136 2 431.03526252508163 170.99853605031967 465.8150714635849 208.2984521985054 0.9999999
136 1 219.24630385637283 180.47812208533287 320.86035418510437 266.10613614320755 0.9999993
136 1 276.6988725364208 189.90806490182877 343.7860894203186 244.00444328784943 0.9999739
137 1 557.355185687542 172.4962256848812 654.4781205654144 244.63123083114624 1.0
137 1 98.39012575149536 195.40196657180786 283.34034445881844 300.3213554620743 1.0
137 1 819.1218785047531 179.29250746965408 1071.3278410434723 375.0 1.0
137 1 624.9125790596008 176.90325155854225 810.0496283769608 295.45866698026657 1.0
137 4 694.5390450954437 163.49762678146362 717.2227056026459 226.27922147512436 1.0
137 5 505.0718563199043 168.42623054981232 559.3390139937401 264.15080577135086 1.0
137 2 437.8724670410156 167.9850071668625 472.0613767504692 205.7056501507759 0.9999999
137 1 514.0914348363876 180.89136108756065 598.9543951749802 230.45633733272552 0.99999607
137 1 278.0959287285805 188.20345401763916 348.41319608688354 245.2511116862297 0.9999956
137 1 217.69795095920563 180.25633692741394 322.25613337755203 266.22992008924484 0.9999702
138 1 80.99279062449932 194.1433623433113 281.556838542223 310.2150186896324 1.0
138 1 525.6051603555679 176.11819133162498 612.2735021710396 232.13019222021103 1.0
138 1 567.1560289263725 169.5435382425785 666.8294838666916 246.39690667390823 1.0
138 1 846.2576411962509 169.8298305273056 1154.5534286499023 375.0 1.0
138 4 710.1633031368256 159.139271825552 734.557254910469 231.8120151758194 1.0
138 5 509.08559596538544 167.62098670005798 562.7807317972183 269.7005644440651 1.0
138 1 639.479333281517 176.01703852415085 841.6486716270447 303.6130294203758 0.99999976
138 2 445.2226923108101 167.3099733889103 479.1614211201668 205.37547022104263 0.99999976
138 1 504.5847457051277 177.24695429205894 547.1471090912819 203.47608625888824 0.99999964
138 5 412.9322555065155 173.62358048558235 422.3529599905014 197.48546183109283 0.9961475
139 1 59.216341249644756 196.7368796467781 282.74400410056114 314.79160487651825 1.0
139 1 542.0949651002884 174.97659847140312 624.3559552431107 232.93516784906387 1.0
139 1 904.9630576372147 174.0577183663845 1239.7796491384506 375.0 1.0
139 1 528.0908680558205 178.36083099246025 580.787131011486 216.89283102750778 1.0
139 1 576.1355577707291 170.50886526703835 681.302147269249 248.95057082176208 1.0
139 4 727.1038702726364 160.57642176747322 756.4850056171417 230.82643747329712 1.0
139 5 509.9211239218712 169.9492111802101 565.5869849324226 266.8880447745323 1.0
139 2 453.202496945858 167.02022776007652 487.20118921995163 205.3884118795395 0.99999964
139 1 645.2462639808655 180.11761084198952 869.0675951242447 314.37595188617706 0.99999917
140 1 49.80675961822271 193.53244453668594 278.2824262082577 322.51954078674316 1.0
140 1 586.9160263538361 170.47296836972237 698.1212328672409 254.8833042383194 1.0
140 1 950.8168230056763 165.03307968378067 1240.3793578147888 374.16791170835495 1.0
140 1 556.2076626420021 179.02956157922745 633.935525894165 234.14258658885956 1.0
140 1 661.7780431509018 177.94325575232506 905.4577932357788 327.13767886161804 1.0
140 1 298.9917156100273 192.19408929347992 364.7454671859741 241.00421369075775 1.0
140 4 748.0998183488846 161.0119454562664 773.6645382642746 233.6486354470253 1.0
140 5 515.720220208168 171.4038848876953 568.2370739579201 267.44724065065384 1.0
140 1 316.0101982355118 186.87286600470543 372.6215572357178 230.8906987309456 0.9999999
140 2 464.07576084136963 168.09707880020142 497.33242374658585 204.83341813087463 0.9999999
140 1 540.477950334549 178.7651851773262 591.6168288588524 221.87568247318268 0.9997582
140 2 208.11525258421898 175.38610473275185 337.564583837986 273.9798501133919 0.9698196
141 1 22.16507601365447 195.90481370687485 278.66199123859406 334.540419280529 1.0
141 1 598.0331786870956 170.49601301550865 714.2063952684402 257.60065019130707 1.0
141 1 680.1618050336838 179.04343083500862 945.7411748170853 344.6628972887993 1.0
141 1 564.2458021044731 177.11393907666206 647.0856617689133 235.84527522325516 1.0
141 4 766.671835899353 160.82069277763367 796.2393021583557 232.2855144739151 1.0
141 5 517.0542592406273 171.48544639348984 568.8091328144073 268.30192655324936 1.0
141 2 473.934457719326 168.87642815709114 507.112872004509 205.27680963277817 0.9999999
141 1 1009.7166395187378 175.39012804627419 1240.1022673845291 375.0 0.9999993
141 1 555.6935314536095 179.46937680244446 622.6592112779617 226.60144418478012 0.99060625
141 2 205.56262269616127 178.07643860578537 339.9855902194977 277.96149998903275 0.78476286
142 1 2.0475825746543705 199.03483986854553 275.5154639482498 342.4510359764099 1.0
142 1 574.4804921150208 177.534319460392 662.0166385173798 240.04697799682617 1.0
142 1 554.4691663384438 181.31351843476295 612.4541698694229 223.40771555900574 1.0
142 1 695.4303538799286 181.8661205470562 997.9130165576935 362.8605008125305 1.0
142 1 608.184141933918 171.25418409705162 729.3048995733261 262.43631541728973 1.0
142 4 785.6135541200638 160.53085774183273 816.7605024576187 241.08242243528366 1.0
142 5 523.5170622467995 171.06406018137932 577.1900634169579 269.79341357946396 1.0
142 1 1081.9831266403198 174.7177205979824 1241.9999259710312 368.9218685030937 0.9999999
142 2 482.8465831875801 169.21187192201614 516.7093952894211 205.6492120027542 0.99999976
143 1 1.3996579055674374 196.5341717004776 269.34725922346115 353.85169833898544 1.0
143 1 621.7138613462448 171.07032984495163 747.6871808767319 267.3684284090996 1.0
143 1 716.819543838501 182.81609192490578 1060.8710271120071 375.0 1.0
143 1 585.3510909676552 179.35974150896072 674.1949961185455 243.25013905763626 1.0
143 4 808.8914451599121 158.48198533058167 843.5123509168625 254.292793571949 1.0
143 5 527.3383635878563 170.62652483582497 579.0456735491753 269.9948474764824 1.0
143 2 493.38264513015747 168.9504235982895 525.5929825901985 206.13692700862885 0.9999999
143 1 193.73358929157257 178.78330126404762 347.4443789720535 282.46361017227173 0.99999833
143 1 291.82204699516296 196.91026210784912 379.6307680606842 253.6446824669838 0.99999714
143 1 566.5981096029282 180.8979995548725 625.0256212949753 224.97104108333588 0.9993662
143 1 333.00665724277496 187.0480366051197 394.90224105119705 235.5319708585739 0.37943712
144 1 0.0 192.77648627758026 262.6210056245327 364.1253411769867 1.0
144 1 747.7687608003616 181.2930330634117 1137.6932569742203 374.7514486312866 1.0
144 1 595.4102582931519 178.17780375480652 691.6399966478348 245.2319785952568 1.0
144 1 576.7950448393822 181.8351186811924 633.7897628545761 227.2985279560089 1.0
144 1 631.4961233139038 171.07752710580826 771.8970226049423 273.017942905426 1.0
144 1 335.5053200125694 187.1454231441021 402.5151581168175 234.9301502108574 1.0
144 2 503.0646348595619 168.17955672740936 535.2098268270493 203.89936119318008 1.0
144 4 833.4686926603317 156.83704242110252 867.0862838029861 273.8947793841362 1.0
144 5 532.3744432926178 173.4963320195675 583.8743981122971 274.67018365859985 1.0
144 1 189.1283581852913 180.15505000948906 349.47980546951294 285.02771258354187 0.9999994
144 1 311.759713947773 191.08913093805313 388.9023782014847 244.82345581054688 0.9999975
145 1 601.5687282085419 176.4950416982174 701.9328364133835 246.4831843972206 1.0
145 1 750.9868000745773 179.35695871710777 1239.513144850731 375.0 1.0
145 1 0.0 197.1893236041069 254.79512572288513 374.2099776864052 1.0
145 1 581.2312307953835 182.424645870924 645.3199968338013 229.3715849518776 1.0
145 1 642.4758038520813 171.72623053193092 791.5127005577087 277.2238925099373 1.0
145 4 859.4775123596191 157.78247639536858 902.7261242866516 257.5416639447212 1.0
145 5 537.974586725235 170.60857638716698 590.5388190150261 272.2247466444969 1.0
145 2 510.2762038707733 168.16792264580727 543.7039477229118 204.1478008031845 0.9999999
145 2 170.36405038833618 177.6365116238594 346.912184715271 290.67083448171616 0.99999976
146 1 165.7031680047512 175.9791411459446 349.769887983799 294.43971812725067 1.0
146 1 614.4734580516815 176.25166475772858 717.3220524787903 249.15826320648193 1.0
146 1 792.3319051265717 186.9613118469715 1241.9999259710312 374.56192821264267 1.0
146 1 653.013901591301 169.25900056958199 813.0306268930435 281.4819887280464 1.0
146 1 1.3640535862650722 195.68558782339096 246.38595306873322 373.9152252674103 1.0
146 1 342.1953549385071 184.21785905957222 413.9533740878105 235.60083657503128 1.0
146 4 885.5183125734329 157.16556832194328 933.2231723070145 266.41056686639786 1.0
146 1 284.9346138238907 189.30566310882568 391.9850555062294 256.73907995224 0.99999976
146 2 519.0747318863869 166.07685014605522 551.0928901433945 201.89816504716873 0.99999726
146 5 482.8585388660431 174.20047894120216 492.46957182884216 200.5961760878563 0.95732987
146 5 539.3799526691437 167.37448051571846 596.9087156653404 265.63818007707596 0.5447065
147 1 162.39327728748322 172.46348038315773 350.64383697509766 298.69819432497025 1.0
147 1 4.417110483627766 195.88013738393784 231.5869329571724 372.69245088100433 1.0
147 1 347.0659428834915 180.66781014204025 419.47471368312836 234.27490890026093 1.0
147 1 669.9511374235153 168.9884439110756 841.9328688383102 289.42977637052536 1.0
147 1 623.4059414863586 175.6092645227909 730.7922155857086 252.8895065188408 1.0
147 1 818.9106738567352 184.41448733210564 1237.193076968193 374.492883682251 1.0
147 1 601.1197795271873 175.87227746844292 666.1245059967041 227.38060355186462 1.0
147 1 281.8448667526245 188.18729370832443 395.80598670244217 256.79100304841995 1.0
147 4 912.4032651185989 157.01302886009216 974.3275351524353 281.1788320541382 1.0
147 5 550.235116481781 166.17009043693542 596.8728116154671 268.3734521269798 1.0
147 2 527.7534440159798 164.45523127913475 560.1071385741234 199.0700662136078 0.9999999
147 5 489.34995406866074 170.42294517159462 499.1433573961258 198.70128482580185 0.9995327
148 1 133.61909620463848 170.47026380896568 349.44693660736084 301.2695163488388 1.0
148 1 0.9362399586243555 197.2932144999504 210.39745464920998 373.3101636171341 1.0
148 1 860.8560057878494 176.58470571041107 1233.8476338386536 374.8859837651253 1.0
148 1 612.0950183272362 173.56395721435547 679.9839134216309 231.5291315317154 1.0
148 1 684.1078451871872 164.7067330777645 866.7224314212799 296.8430891633034 1.0
148 1 280.2789874970913 186.50060892105103 398.58925384283066 257.76102393865585 1.0
148 1 349.32086527347565 179.90034073591232 421.409571826458 234.7923070192337 1.0
148 1 632.3074808120728 173.49174991250038 749.7898256778717 254.77290898561478 1.0
148 4 950.1778789758682 150.33907815814018 1011.821505188942 296.4997664093971 1.0
148 5 551.8947349190712 163.40523585677147 603.665006518364 268.84324103593826 1.0
148 2 536.4944515228271 162.99131512641907 569.4308651089668 197.26279377937317 0.9999999
148 4 495.52304470539093 168.3659814298153 507.4959349036217 201.0916918516159 0.99999106
148 1 608.2936307787895 176.36211588978767 664.8152296543121 221.33586555719376 0.9995096
149 1 125.6844862550497 173.0157919228077 341.33909887075424 309.28920954465866 1.0
149 1 697.7631547451019 163.8718843460083 897.4765080213547 307.96605348587036 1.0
149 1 888.3199388980865 185.5035200715065 1241.4531480073929 374.4821324944496 1.0
149 1 0.648916686186567 204.30444180965424 200.75170210003853 371.6994524002075 1.0
149 1 272.71690982580185 186.03279814124107 397.8936776518822 263.775072991848 1.0
149 1 643.296266913414 171.0335947573185 764.6790500879288 259.6398666501045 1.0
149 1 348.9051185846329 180.12668564915657 425.8588609099388 235.57430505752563 1.0
149 1 616.8684062361717 174.3466816842556 670.821347951889 220.43410688638687 0.9999999
149 5 559.5154990553856 163.65674883127213 606.6425997018814 269.5641964673996 0.9999999
149 4 992.7702240943909 152.46950089931488 1050.0094227790833 297.4925637245178 0.99999964
149 1 620.1017695069313 177.54220962524414 689.2885404825211 231.14508390426636 0.9999987
149 4 500.76040917634964 167.34402626752853 511.08759838342667 201.20331645011902 0.9977842
149 2 544.1897258162498 163.45595195889473 578.7145419716835 196.7090740799904 0.98672926
149 1 600.4598482847214 169.22937333583832 643.7997379302979 202.03806459903717 0.52149266
149 2 598.3378449082375 169.2865826189518 642.3245626688004 202.15614885091782 0.4783355
150 1 84.4662483483553 174.42795261740685 340.6310117840767 320.7888901233673 1.0
150 1 708.2857064008713 167.06306487321854 932.0715036392212 324.67733323574066 1.0
150 1 630.0914236307144 176.9750788807869 703.6592659950256 236.5405485033989 1.0
150 1 1.6841198571491987 199.91333037614822 175.0593747496605 372.4137246608734 1.0
150 1 651.9475883245468 172.66855761408806 782.4810183048248 264.6765410900116 1.0
150 1 268.3620631992817 190.288245677948 399.5951224565506 267.3734351992607 1.0
150 1 350.33454394340515 181.279968470335 431.0753862261772 239.22155052423477 1.0
150 5 560.9239001870155 163.54763880372047 618.7071007490158 270.8408385515213 1.0
150 1 954.1738886833191 147.4413089454174 1237.6644934415817 372.84401804208755 0.9999999
150 4 1037.1150569915771 149.86472949385643 1105.1818807125092 299.5094060897827 0.99999964
150 1 552.6129269599915 163.47860544919968 586.2639791965485 198.39144498109818 0.8250403
151 1 44.152598172426224 177.75165662169456 332.96845829486847 334.7207307815552 1.0
151 1 725.6228467226028 169.12056505680084 975.5279148817062 342.44392812252045 1.0
151 1 252.45394107699394 190.62546640634537 398.14585733413696 277.045838534832 1.0
151 1 5.478036697022617 206.87149465084076 144.55117611587048 372.11769819259644 1.0
151 1 638.5694432258606 180.0980195403099 714.9785914421082 241.44574999809265 1.0
151 1 661.846519947052 179.8160970211029 802.380819439888 277.37800776958466 1.0
151 2 558.0751544237137 166.4479896426201 592.6631543040276 199.98284429311752 0.9999999
151 5 566.6464505195618 171.5806983411312 620.4367505908012 269.57885921001434 0.9999999
151 1 629.9535816907883 183.68816748261452 688.7667843103409 230.69114238023758 0.99999976
151 1 1031.8648484945297 247.5939765572548 1223.1274988651276 370.35050243139267 0.9999994
151 1 343.0850721001625 184.3050979077816 435.6965705752373 242.33563989400864 0.9999993
151 4 1089.5659139156342 154.5802429318428 1169.382911682129 314.514197409153 0.99999607
151 2 616.4055401086807 174.92491006851196 659.61388027668 210.7701078057289 0.99999416
151 4 337.58168452978134 170.29239982366562 357.02150666713715 235.97388714551926 0.9981806
151 5 509.93426406383514 172.06215485930443 523.0475335121155 207.15533941984177 0.9962514
152 1 345.48087161779404 187.63504922389984 433.3805002570152 248.57164174318314 1.0
152 1 6.111006357707083 179.65131998062134 325.65421110391617 353.52272540330887 1.0
152 1 740.7771688699722 173.9608235657215 1022.5799871683121 365.7829463481903 1.0
152 1 670.8054317235947 180.4693266749382 809.4035775661469 280.4216891527176 1.0
152 1 637.5048326253891 183.0996572971344 695.1199504137039 236.74479871988297 1.0
152 1 250.9327568113804 194.01796907186508 394.429788172245 284.5541685819626 1.0
152 1 646.535330414772 180.66349625587463 728.3120230436325 248.8568276166916 1.0
152 2 564.1012605428696 168.0748164653778 596.4181256890297 203.88639718294144 0.99999976
152 5 573.4477880001068 173.44345897436142 626.1818797588348 273.49095046520233 0.9999993
152 4 1140.5204973220825 155.42928501963615 1227.7021189928055 329.3277472257614 0.9999926
152 1 624.6357107162476 176.67806893587112 670.6990520954132 210.84029227495193 0.98876077
153 1 340.57767391204834 188.74023109674454 435.53540951013565 251.77507102489471 1.0
153 1 752.5947833061218 175.91679096221924 1085.0311954021454 375.0 1.0
153 1 650.8222739696503 180.76695129275322 723.2291940450668 247.06799536943436 1.0
153 1 0.07771320226311218 179.93896454572678 313.43857991695404 371.9397336244583 1.0
153 1 247.14343598484993 195.8978846669197 394.85526967048645 287.77724504470825 1.0
153 5 576.0969886779785 171.35335877537727 631.977533698082 275.480791926384 1.0
153 1 679.7319188117981 180.2401766180992 831.5738471746445 288.93571346998215 0.9999999
153 2 570.6527502536774 167.96337068080902 603.6692261695862 202.97440141439438 0.9999999
153 4 517.4964342713356 175.62799528241158 531.3139042854309 211.3795280456543 0.999998
153 1 630.6878750324249 176.1322282254696 682.0742694139481 214.007668197155 0.9922334
153 1 2.470256755594164 215.28878062963486 37.86101723089814 375.0 0.9865404
153 4 331.22355848550797 175.09740963578224 348.899196267128 235.67607253789902 0.9677133
