0 1 1134.434723854065 162.04500943422318 1241.9999259710312 221.03076428174973 1.0
0 1 805.0585952997208 162.63004392385483 956.7210774421692 251.30753964185715 1.0
0 1 71.11125118285418 182.21523240208626 274.14032033085823 244.83639746904373 1.0
0 1 430.8654770851135 169.76013779640198 574.6902902126312 218.59708428382874 1.0
0 2 922.5239135026932 150.2225026488304 1061.1632194519043 206.96546137332916 0.9474347
1 1 399.2651383280754 170.43285816907883 551.4004805088043 221.787191927433 1.0
1 1 1.913158257259056 180.5434226989746 218.70058080554008 251.47531181573868 1.0
1 1 826.0369244813919 160.5612002313137 989.4650527238846 252.93977558612823 1.0
1 2 927.1821863651276 146.24713361263275 1056.3284615278244 205.44075965881348 0.9999999
1 1 1176.5418090820312 160.72309389710426 1241.9999259710312 221.46083414554596 0.99999917
2 1 1205.3783873319626 149.7284173965454 1241.9587658643723 194.91925835609436 1.0
2 1 854.7961424589157 158.77261385321617 1024.8084812164307 251.8983855843544 1.0
2 1 0.4343660589074716 181.40442296862602 158.14077571034431 258.09357315301895 1.0
2 1 363.5748100876808 169.88734155893326 528.1877719759941 223.81675243377686 1.0
2 2 908.4933511018753 144.0209224820137 1055.7888643741608 203.1794786453247 0.99999964
2 1 1226.242563843727 161.4249274134636 1241.2041145563126 219.48938816785812 0.99993765
3 1 0.0 181.57165870070457 97.1955758035183 258.1454962491989 1.0
3 1 882.6060129404068 154.20011803507805 1056.7276997566223 251.58007442951202 1.0
3 1 1208.10879778862 150.86882561445236 1241.743785738945 192.79877096414566 1.0
3 1 322.3525561094284 168.11707243323326 499.2005817890167 225.8024588227272 1.0
3 2 914.5940043926239 140.53624123334885 1054.015278339386 216.39351546764374 0.999995
4 1 909.3185520172119 154.6022593975067 1094.3687653541565 252.97386199235916 1.0
4 1 277.3676132261753 166.82934388518333 467.84283596277237 228.9595529437065 1.0
4 1 1204.0518622398376 149.6599093079567 1241.7068452835083 196.26809656620026 1.0
4 2 884.933779835701 139.1701027750969 1041.5049748420715 205.27484267950058 1.0
5 1 937.2779610157013 150.97511932253838 1130.1553312540054 250.84897130727768 1.0
5 1 222.51410910487175 165.71012511849403 430.3944307565689 231.9130226969719 1.0
5 1 1196.2965874671936 148.66013824939728 1241.8014543056488 193.9631626009941 1.0
5 2 873.5775879621506 137.95474916696548 1024.7011392116547 204.5709192752838 0.99999726
6 1 965.4559775590897 152.18355506658554 1169.5345970392227 254.15153056383133 1.0
6 1 1188.5886172056198 153.39714288711548 1240.6475647687912 203.0671387910843 1.0
6 1 161.13165709376335 166.128259152174 384.32353842258453 238.92004787921906 1.0
6 2 850.8930391073227 142.28752255439758 1009.3892093896866 209.33083444833755 0.99999976
7 1 990.9888650178909 152.91046723723412 1204.0837687253952 252.82258540391922 1.0
7 1 1171.8175764083862 153.65929529070854 1240.692278265953 205.76005429029465 1.0
7 1 78.98531006276608 169.3718545138836 336.74619358778 249.06125664710999 1.0
7 2 831.4503668546677 143.5323916375637 989.607114315033 214.1980603337288 0.99999976
8 1 1022.6013075113297 152.33521163463593 1237.6023831367493 255.80716878175735 1.0
8 1 1161.5953602790833 157.30777010321617 1241.03740131855 207.97891169786453 1.0
8 1 0.0 166.0987325012684 274.0810231268406 255.97216933965683 1.0
8 2 807.1361442804337 144.7434201836586 973.7829040288925 216.49514883756638 1.0
9 1 1045.2278176546097 153.91941368579865 1241.407694220543 258.33912938833237 1.0
9 1 1.1234555337578058 170.65734788775444 205.28073889017105 260.5821266770363 1.0
9 2 779.4422031641006 146.9620205461979 946.9312645196915 217.53964573144913 0.9999999
10 1 1073.8554861545563 152.1558277308941 1241.9999259710312 261.33783906698227 1.0
10 2 744.6775331497192 144.35214176774025 920.4753098487854 219.40800547599792 1.0
10 1 0.0 170.9916964173317 120.57806052267551 262.3545750975609 0.9999999
11 1 1092.9282356500626 155.29482811689377 1241.9999259710312 262.95849680900574 1.0
11 2 706.9865720272064 144.61325481534004 883.8506619930267 223.07874262332916 0.9999999
12 1 1054.0020271539688 160.20238772034645 1192.8502428531647 215.99916368722916 1.0
12 1 1109.4708230495453 160.82649305462837 1240.595892548561 264.04034346342087 1.0
12 2 670.831563949585 146.15656435489655 848.8493213653564 227.48686373233795 0.9999999
13 1 1021.8943308591843 168.62045601010323 1161.7822093963623 223.31395000219345 1.0
13 1 1122.1604987382889 166.42894595861435 1241.8540889024734 272.14211225509644 1.0
13 2 616.6415444612503 152.1437130868435 807.4006497859955 237.49259859323502 0.99999857
14 1 982.348944067955 170.38708180189133 1120.4040874242783 226.39310359954834 1.0
14 1 1134.2809656858444 169.6585714817047 1241.7919045686722 272.79122918844223 1.0
14 2 569.6002804040909 153.49629521369934 764.0886690616608 245.34335732460022 1.0
15 1 939.8840028047562 171.76182568073273 1080.020322561264 230.34612089395523 1.0
15 1 1137.7729861736298 169.86680030822754 1241.8839225769043 273.7120985984802 1.0
15 2 513.0511057376862 152.80960500240326 718.0841066837311 250.30361115932465 0.9999999
16 1 900.9815576076508 175.29598250985146 1038.183072924614 233.602836728096 1.0
16 1 1140.115262746811 172.92292043566704 1241.9999259710312 272.64730632305145 1.0
16 1 1106.7528494596481 178.88224124908447 1221.9071313142776 222.58246690034866 1.0
16 2 449.21389013528824 154.24112230539322 667.6560913324356 259.74053889513016 1.0
17 1 854.3472307920456 176.7943985760212 994.969920873642 236.28287762403488 1.0
17 1 1064.7712433338165 180.75883761048317 1184.9229987859726 222.59990125894547 1.0
17 1 1137.0500192642212 175.0151328742504 1241.9999259710312 272.0874175429344 1.0
17 2 372.6297374367714 154.6601504087448 613.8239648938179 266.6894495487213 0.99999917
18 1 814.2290818691254 177.19324305653572 953.1122392416 239.33333158493042 1.0
18 1 1026.998702287674 181.01711198687553 1135.4942264556885 225.7354035973549 1.0
18 1 1131.8115813732147 174.5498701930046 1241.9999259710312 271.33747190237045 1.0
18 2 297.15864729881287 153.24674919247627 552.7790849804878 276.7668440937996 1.0
19 1 767.0723326206207 179.25329133868217 909.3421672582626 242.5062730908394 1.0
19 1 988.5057853460312 180.57575449347496 1093.453027009964 225.45960545539856 1.0
19 1 1126.1778287887573 177.50908434391022 1241.2798461914062 269.3476527929306 1.0
19 1 1117.4012503623962 184.48687344789505 1191.9468673467636 218.34520250558853 1.0
19 2 196.79992470145226 146.1060382425785 490.08991062641144 287.1323749423027 0.9999999
20 1 721.9895049333572 177.50579863786697 868.5514651536942 245.58395147323608 1.0
20 1 1118.6433084011078 175.32366514205933 1241.5406502485275 265.74423909187317 1.0
20 1 951.3850693702698 179.67699095606804 1056.204388976097 225.34163296222687 1.0
20 1 1080.8949007987976 179.730623960495 1165.4589321613312 213.71573209762573 1.0
20 2 90.11511209607124 149.28241074085236 411.9616987109184 298.12364280223846 1.0
21 1 914.7810755968094 178.71084809303284 1017.1558105945587 226.08625888824463 1.0
21 1 1111.8397500514984 174.12449419498444 1240.6959056854248 262.99186795949936 1.0
21 1 674.1110472679138 177.6634231209755 825.0558185577393 249.84363466501236 1.0
21 1 1042.094023346901 178.32183837890625 1123.7532320022583 212.612584233284 1.0
21 2 1.6424496446270496 147.60660007596016 334.4163538813591 315.5915066599846 1.0
22 1 876.9692251682281 180.36587163805962 979.4140655994415 227.61071473360062 1.0
22 1 1096.0931961536407 174.4077354669571 1233.981848359108 260.68534702062607 1.0
22 1 621.9930986166 178.3531755208969 782.3301472663879 256.0393363237381 1.0
22 1 1006.6714578866959 180.52025511860847 1084.3054894208908 214.24520015716553 1.0
22 2 2.894692594651133 149.3634693324566 225.03246358036995 326.83076709508896 0.9999999
22 1 1077.8004899024963 179.7211915254593 1139.726610660553 210.03442257642746 0.99999976
23 1 838.8792479038239 181.68075755238533 940.3794786930084 230.1229164004326 1.0
23 1 971.5789875984192 182.44372308254242 1045.607290148735 217.46858954429626 1.0
23 1 565.5189152956009 180.3976446390152 735.4173234701157 261.1900046467781 1.0
23 1 1078.454905986786 178.52936312556267 1205.9581081867218 262.314073741436 1.0
23 1 1039.7312407493591 182.17941373586655 1096.9030730724335 211.97788417339325 1.0
23 2 0.0017692438950689393 153.7606157362461 106.09339517354965 332.3429524898529 0.9999999
23 1 1223.9199049472809 184.31321159005165 1241.6274862289429 221.81884199380875 0.99999917
24 1 798.5575933456421 184.6974603831768 901.4939861297607 234.38069969415665 1.0
24 1 1000.5278677940369 184.80543047189713 1055.0466499328613 215.5277207493782 1.0
24 1 1184.7750148773193 187.15420737862587 1240.9239889383316 224.91252422332764 1.0
24 1 933.7187962532043 184.33037772774696 1006.4780201911926 219.5742130279541 1.0
24 1 1060.9276592731476 182.37291276454926 1175.8142523765564 263.1981521844864 1.0
24 1 1030.3633929491043 185.15709042549133 1076.2158257961273 212.9087895154953 1.0
24 1 501.28701424598694 179.54397574067116 685.5257960557938 268.14986765384674 1.0
25 1 757.5002388954163 185.42888760566711 861.6256849765778 237.22337186336517 1.0
25 1 1038.2536225318909 185.80254167318344 1142.2394499778748 260.1272240281105 1.0
25 1 988.9227905273438 186.94845959544182 1039.840211391449 213.82007002830505 1.0
25 1 897.1307187080383 188.05720657110214 971.459949016571 222.8465974330902 1.0
25 1 427.6773084998131 179.43653091788292 635.3245314359665 275.95002204179764 1.0
25 1 1145.9701398611069 191.49280339479446 1203.4810988903046 226.4137789607048 1.0
25 1 960.9902540445328 187.6494437456131 1014.8625411987305 217.39648282527924 0.99999976
26 1 339.566475212574 177.20722407102585 575.756936609745 285.62595695257187 1.0
26 1 1012.5314429998398 182.3911853134632 1109.4639383554459 256.4377784729004 1.0
26 1 923.1613029241562 185.46505272388458 971.8742891550064 213.29151839017868 1.0
26 1 1107.827083826065 188.38640302419662 1156.3948992490768 221.56740725040436 1.0
26 1 717.4766989946365 183.97513031959534 820.1892281770706 238.3088618516922 1.0
26 1 857.3819003105164 184.2947043478489 924.9926315546036 219.79500353336334 1.0
26 1 980.755248427391 183.22716280817986 1012.1765481233597 206.61216974258423 0.971857
27 1 231.9251157939434 175.40356144309044 507.73738038539886 295.5043092370033 1.0
27 1 980.2031403779984 178.49556729197502 1071.2195366621017 250.7202923297882 1.0
27 1 937.1561093330383 182.44808167219162 969.166605591774 206.5158113837242 1.0
27 1 1064.9840025901794 186.02299690246582 1105.972139954567 219.25076097249985 1.0
27 1 668.4693735837936 182.70916119217873 778.2498185634613 237.8103733062744 1.0
27 1 816.925735116005 184.73365902900696 884.3613878488541 219.20974552631378 1.0
27 1 882.054719209671 184.55595150589943 929.9573843479156 213.07173371315002 0.99999976
27 1 912.1334295272827 182.56700411438942 948.7316490411758 207.65548199415207 0.9999869
28 1 615.9890901446342 183.21968615055084 732.2933750152588 242.45155602693558 1.0
28 1 776.2336395978928 183.65296348929405 846.6278600692749 219.335675239563 1.0
28 1 871.4585827589035 182.26750195026398 909.1535414457321 208.63468945026398 1.0
28 1 1017.7925337553024 187.55925446748734 1056.8223087787628 218.68213266134262 1.0
28 1 90.4562931060791 173.9126779139042 423.58887362480164 320.0543224811554 1.0
28 1 951.1002058982849 180.05914986133575 1033.8061841726303 248.05480241775513 1.0
28 1 895.5917304754257 181.81227520108223 927.6092594861984 205.52241057157516 1.0
28 1 843.4547563791275 183.38999524712563 889.673706650734 212.73887157440186 0.9999999
29 1 562.3416659832001 183.74015763401985 685.5705835819244 245.86296826601028 1.0
29 1 735.1446007490158 183.92346426844597 806.0126066207886 220.39016336202621 1.0
29 1 4.324451662134379 172.6369522511959 334.0043826699257 345.6210717558861 1.0
29 1 975.9610583782196 186.59696727991104 1012.5273714065552 216.50683879852295 1.0
29 1 831.8401293754578 182.73164704442024 869.1619820594788 209.19343829154968 1.0
29 1 802.8201813697815 183.86860191822052 848.2105994224548 213.53470534086227 1.0
29 1 920.2625505924225 181.44112452864647 997.2383905649185 246.81007862091064 1.0
29 1 856.269837141037 182.40635097026825 887.2423732280731 205.24638891220093 1.0
30 1 0.6584067083895206 170.82447186112404 206.45557862520218 342.37461537122726 1.0
30 1 937.9881949424744 186.4754743874073 970.7013001441956 214.53619748353958 1.0
30 1 816.0057030916214 182.43781104683876 846.422133564949 205.3724080324173 1.0
30 1 791.2570785284042 182.35932290554047 829.2765061855316 209.2965468764305 1.0
30 1 885.9087413549423 181.1700537800789 958.1414712667465 244.17118728160858 1.0
30 1 504.1822502017021 183.26635658740997 636.7807552814484 249.88210201263428 1.0
30 1 763.0216155052185 183.40729549527168 809.3949902057648 213.38383108377457 1.0
30 1 694.4998097419739 183.7669461965561 765.8701761960983 220.69454938173294 1.0
31 1 439.54970437288284 181.8598173558712 586.0764638185501 255.52082061767578 1.0
31 1 652.7435477972031 183.36397781968117 724.9557716846466 221.24406695365906 1.0
31 1 779.1887279748917 181.6801093518734 808.636859536171 204.93134111166 1.0
31 1 895.0793019533157 186.41477823257446 928.0917803049088 213.16107362508774 1.0
31 1 853.4805736541748 181.73451349139214 920.7903031110764 242.9274469614029 1.0
31 1 753.4608482122421 181.9096840918064 789.5920189619064 208.3016261458397 1.0
31 1 723.1177804470062 182.63892084360123 768.6838692426682 213.2488489151001 1.0
32 1 682.9073914289474 182.6561987400055 729.7196098566055 213.2466360926628 1.0
32 1 712.8160572052002 181.65157735347748 750.6773589849472 208.9061513543129 1.0
32 1 820.6349565982819 181.52477592229843 881.8050935268402 237.91314661502838 1.0
32 1 361.7646907567978 180.32799661159515 534.9521690011024 263.9324963092804 1.0
32 1 609.4647320508957 183.52266401052475 683.2869379520416 222.47332334518433 1.0
32 1 738.3986921310425 182.2691336274147 766.2058975696564 204.367496073246 0.9998852
33 1 276.0400332212448 180.97763881087303 477.1719295978546 271.33385092020035 1.0
33 1 641.7798575162888 181.9574609398842 688.8488084077835 213.12928944826126 1.0
33 1 786.3871568441391 180.41477724909782 845.0440102815628 235.3488653898239 1.0
33 1 699.7276614904404 180.30808120965958 729.0808879137039 203.16874980926514 1.0
33 1 562.9290858507156 182.26902186870575 643.039682507515 222.73609042167664 1.0
33 1 673.4750643968582 181.29843100905418 709.8252868652344 208.36523920297623 1.0
34 1 164.17278563976288 180.02665042877197 406.8410409092903 283.67795795202255 1.0
34 1 600.8892163038254 181.09974637627602 649.9384421110153 213.1100445985794 1.0
34 1 751.7134684324265 179.0703646838665 807.7857484817505 232.8619435429573 1.0
34 1 635.2183738946915 180.85810169577599 672.1810380220413 207.12411403656006 1.0
34 1 660.8685972690582 179.6291023492813 690.0653264522552 202.15778052806854 1.0
34 1 517.6626293063164 181.57638609409332 600.242573261261 223.647840321064 1.0
35 1 22.329343982040882 181.04903027415276 334.7638088464737 307.29498714208603 1.0
35 1 560.9038013219833 180.83395063877106 610.4390643239021 213.8356938958168 1.0
35 1 719.6404176950455 178.93074452877045 774.0390508174896 231.08725994825363 1.0
35 1 594.0333194732666 179.754339158535 633.37297976017 206.9929987192154 1.0
35 1 620.5122231245041 178.6159761250019 650.5921919345856 201.6998827457428 1.0
35 1 469.4457482099533 181.223776191473 557.7840355038643 225.43492913246155 1.0
36 1 0.06668761664332123 183.1081062555313 236.7813051044941 327.8588131070137 1.0
36 1 421.62395972013474 181.60850554704666 518.5344684720039 229.14402186870575 1.0
36 1 520.8479107618332 181.3945211470127 575.2203006148338 215.15176445245743 1.0
36 1 586.1088514924049 179.20616269111633 618.1451468467712 203.10692489147186 1.0
36 1 688.8977415561676 177.6687428355217 741.9818422794342 229.18807715177536 1.0
36 1 558.7341232895851 179.60572242736816 598.8626362681389 208.22377502918243 1.0
37 1 376.5348765850067 182.78471007943153 480.08967036008835 233.60925167798996 1.0
37 1 486.64523166418076 181.81940540671349 543.8056265115738 217.2894850373268 1.0
37 1 0.0 187.07597628235817 147.36879269778728 330.00024408102036 1.0
37 1 528.2420352101326 180.17566949129105 568.256506562233 209.0633511543274 1.0
37 1 558.2615593671799 179.35549467802048 588.730698466301 203.22413742542267 1.0
37 1 664.162590265274 177.87456884980202 715.5518717765808 228.46059501171112 1.0
38 1 328.39239460229874 184.5739223062992 446.2852671146393 239.53624069690704 1.0
38 1 498.6362959742546 180.24996668100357 541.7241910099983 210.67683398723602 1.0
38 1 530.3400161862373 179.50591072440147 562.1476360559464 204.23396676778793 1.0
38 1 454.14614421129227 182.53681808710098 515.5598734617233 219.99657154083252 1.0
39 1 283.16347074508667 185.52162498235703 413.8512881398201 244.96185779571533 1.0
39 1 426.32187509536743 183.0158829689026 489.4088811278343 222.6594015955925 1.0
39 1 622.4143234491348 178.13894525170326 671.5285466909409 226.46085172891617 1.0
39 1 472.19995898008347 181.10444024205208 518.3800440430641 212.6021683216095 1.0
39 1 508.27801394462585 180.30784651637077 539.5479614138603 205.781489610672 1.0
40 1 230.945582985878 184.2157244682312 380.9589958190918 251.78564339876175 1.0
40 1 448.83630537986755 182.14178457856178 498.45951479673386 215.2968943119049 1.0
40 1 488.88120263814926 181.28082901239395 520.4725838899612 206.4572498202324 1.0
40 1 605.9044198393822 178.3243976533413 654.8474510908127 225.0843420624733 1.0
40 1 397.66955494880676 182.46620893478394 465.45706737041473 223.9464595913887 1.0
41 1 593.7637059688568 179.14528772234917 640.5663006305695 225.3187671303749 1.0
41 1 173.6231202185154 186.71486154198647 347.26337814331055 258.75096023082733 1.0
41 1 470.38584208488464 181.46922066807747 504.52456015348434 207.55498856306076 1.0
41 1 429.03903436660767 181.67196214199066 479.8174658417702 215.80859273672104 1.0
41 1 371.48040068149567 184.05354022979736 443.1827130317688 227.49745845794678 1.0
42 1 411.6615112423897 182.31913447380066 465.3936615586281 217.43901818990707 1.0
42 1 107.80738788843155 187.9047006368637 310.5957564711571 271.33119106292725 1.0
42 1 582.9758344888687 179.03891578316689 629.415391087532 224.78017956018448 1.0
42 1 347.12849736213684 184.8929263651371 426.51842200756073 230.02148419618607 1.0
42 1 453.9620341658592 182.06556513905525 493.08056992292404 208.75009149312973 1.0
43 1 38.45310786366463 191.46931171417236 276.82929307222366 284.82670336961746 1.0
43 1 399.34135115146637 183.69758874177933 455.2654992341995 220.14619410037994 1.0
43 1 446.67414128780365 182.4544407427311 481.9387659430504 209.70556139945984 1.0
43 1 575.957925260067 180.30821532011032 621.1385822296143 225.6500869989395 1.0
43 1 322.24817526340485 187.59825825691223 409.3950033187866 236.02496087551117 1.0
43 1 468.19488072395325 183.92662703990936 500.84043449163437 205.15885949134827 1.0
44 1 4.827574800699949 191.0955235362053 233.23035755753517 301.2419119477272 1.0
44 1 572.3200306892395 181.77899345755577 616.4615060091019 225.17093271017075 1.0
44 1 460.65995317697525 185.76257675886154 491.7715896964073 207.63934403657913 1.0
44 1 435.24680757522583 183.70535597205162 476.65417098999023 213.04971724748611 1.0
44 1 298.7392583191395 188.11127543449402 391.620092689991 239.43355679512024 1.0
44 1 381.36652529239655 183.94558131694794 440.6791273355484 223.23131561279297 0.9999999
45 1 0.0 194.90689784288406 191.42969673871994 319.25399601459503 1.0
45 1 569.7924225926399 181.5001666545868 613.4385700821877 224.54293817281723 1.0
45 1 458.95317828655243 186.09720468521118 489.7040346264839 207.22413808107376 1.0
45 1 276.8403048813343 190.4582753777504 378.1758027076721 245.2768161892891 1.0
45 1 372.09199100732803 184.81213599443436 434.5322799682617 225.51333904266357 1.0
45 1 428.49414414167404 182.78807401657104 467.4296432733536 213.02340924739838 0.9999999
46 1 249.58803910017014 188.2738173007965 365.4027704000473 249.12822246551514 1.0
46 1 422.484361410141 183.39787423610687 463.17838168144226 214.4516408443451 1.0
46 1 360.0688351392746 186.13377213478088 427.70121985673904 228.52317988872528 1.0
46 1 0.47563091944903135 201.30633562803268 143.71164134144783 318.221814930439 1.0
46 1 452.1322971582413 186.22570484876633 488.3367565870285 208.20560306310654 1.0
46 1 568.686244726181 180.6432232260704 613.0085728168488 224.18658435344696 1.0
47 1 217.93539887666702 191.11789762973785 347.5238490700722 257.60579109191895 1.0
47 1 414.4885295033455 183.15893411636353 457.816463470459 215.63666313886642 1.0
47 1 567.3836680054665 180.01116067171097 610.7095661759377 222.3331332206726 1.0
47 1 344.7762268781662 187.1250942349434 420.0846383571625 231.13004118204117 1.0
47 1 450.32343631982803 187.79779225587845 483.35257118940353 208.83368700742722 1.0
47 2 0.0 220.09161114692688 82.33462120592594 323.2415020465851 0.9241359
48 1 568.2294489741325 179.89812791347504 610.8670257925987 221.8005135655403 1.0
48 1 180.758309841156 189.75681066513062 326.39261305332184 262.4957039952278 1.0
48 1 409.8112682104111 183.9408315718174 454.2243188023567 217.2277271747589 1.0
48 1 447.5840683579445 186.5374557673931 485.0467981696129 209.55220609903336 1.0
48 1 330.91352516412735 187.64805793762207 409.86686396598816 234.71177369356155 1.0
49 1 567.4045071601868 179.19519916176796 610.3736227154732 220.56341171264648 1.0
49 1 400.53055250644684 183.34978446364403 448.2333394289017 217.1734794974327 1.0
49 1 134.69488517940044 191.99533760547638 303.268202573061 272.58726954460144 1.0
49 1 316.32263749837875 185.5483129620552 400.7590059041977 236.45487427711487 1.0
49 1 446.2041683793068 186.7324523627758 480.8110826611519 209.62180942296982 0.9999999
50 1 568.508797287941 178.95203456282616 610.5316005349159 219.51118111610413 1.0
50 1 394.6683095097542 184.07656252384186 443.2753232717514 220.2557623386383 1.0
50 1 439.56117886304855 187.46541067957878 479.35315614938736 210.09204536676407 1.0
50 1 82.01024477183819 195.50782442092896 277.39080280065536 284.2102199792862 1.0
50 1 300.1992576420307 185.52538007497787 390.50888085365295 239.06763643026352 1.0
51 1 14.310759734362364 196.19806855916977 244.5751489698887 299.88616704940796 1.0
51 1 280.13253968954086 190.17072021961212 380.43668442964554 245.55520713329315 1.0
51 1 385.4377484321594 185.24742498993874 437.2073907852173 223.99449348449707 1.0
51 1 438.861308991909 190.03095477819443 476.4143171310425 212.04820275306702 1.0
51 1 569.360685646534 181.48255348205566 610.4667881727219 221.3030755519867 1.0
52 1 252.35385391116142 190.30442833900452 363.31326574087143 253.31512838602066 1.0
52 1 2.818467336706817 195.5583617091179 202.10948592424393 315.20627439022064 1.0
52 1 433.8116449713707 188.18103522062302 476.7151338458061 213.34999054670334 1.0
52 1 569.7825397253036 181.00709840655327 610.0317939519882 220.93165665864944 1.0
52 1 377.2504405975342 184.81430411338806 432.95327907800674 224.8188927769661 1.0
53 1 570.6026696562767 179.40998822450638 610.730775475502 219.341978430748 1.0
53 1 220.91062313318253 191.2400722503662 346.18140774965286 258.9584290981293 1.0
53 1 0.0 197.69936800003052 148.5596967190504 324.8833492398262 1.0
53 1 366.0925723314285 184.6822053194046 426.207648396492 226.56360268592834 1.0
53 1 431.28422194719315 187.98400461673737 474.09576684236526 213.7196883559227 1.0
54 1 570.5926017165184 179.69780042767525 609.4377484917641 218.68734061717987 1.0
54 1 426.09060859680176 187.78784573078156 469.81900227069855 214.01307731866837 1.0
54 1 183.73370066285133 188.60270082950592 328.98888301849365 263.80663365125656 1.0
54 1 353.0610308647156 184.5553033053875 418.16384571790695 227.62495279312134 1.0
54 2 2.7310972488485277 194.495290517807 94.79116116464138 330.4074928164482 0.998442
55 1 572.061669588089 179.28648367524147 610.4963997602463 218.9791426062584 1.0
55 1 137.5061630308628 192.76314228773117 303.1872704029083 277.1737799048424 1.0
55 1 422.6044734120369 188.25995922088623 468.36399990320206 215.8840298652649 1.0
55 1 340.40059661865234 184.06423553824425 409.44900745153427 230.16276955604553 1.0
56 1 571.185314655304 181.74095079302788 609.8312494754791 220.37261724472046 1.0
56 1 418.0405504703522 188.29578906297684 462.8453993797302 217.02025830745697 1.0
56 1 75.17760229110718 193.29607486724854 275.91751527786255 287.4039262533188 1.0
56 1 323.20607310533524 185.6626197695732 399.5044739842415 236.28144711256027 1.0
57 1 0.8981273296521977 193.0493786931038 244.05892646312714 304.2984679341316 1.0
57 1 306.8290514945984 187.69888579845428 390.2952332496643 240.7398819923401 1.0
57 1 573.1239482760429 183.61720070242882 611.300613462925 221.9509407877922 1.0
57 1 412.1072026491165 188.56946378946304 462.04455399513245 218.63094717264175 1.0
58 1 0.6137130197603256 193.89957189559937 199.17190539836884 323.88413697481155 1.0
58 1 287.8247047662735 189.01526927947998 380.1782122850418 246.19565159082413 1.0
58 1 573.6702080368996 185.45334041118622 611.6720167994499 223.38493913412094 1.0
58 1 405.0623468756676 189.0450194478035 458.56089878082275 220.09442746639252 1.0
59 1 263.28893199563026 187.6172348856926 365.79020100831985 250.3805235028267 1.0
59 1 1.6975536569952965 194.08994168043137 142.39005768299103 322.1510052680969 1.0
59 1 574.9195209145546 183.8257871568203 612.5192783474922 221.40750288963318 1.0
59 1 398.38193571567535 189.49218839406967 454.73563688993454 221.52520716190338 1.0
60 1 233.86811712384224 183.7589107453823 348.11733931303024 253.31919640302658 1.0
60 1 390.509250998497 187.77387589216232 448.7395125031471 222.2956269979477 1.0
60 1 575.9102135896683 182.3354735970497 614.5866483449936 219.12585943937302 1.0
60 1 0.0 191.08770042657852 75.40216916799545 325.7395997643471 1.0
61 1 200.17470180988312 185.2807067334652 329.1328693628311 258.51599872112274 1.0
61 1 578.4492221474648 181.05419352650642 615.3479252457619 217.6709845662117 1.0
61 1 382.6171706914902 185.66977232694626 445.3208547234535 220.21673619747162 1.0
62 1 375.4552381038666 184.21532213687897 441.0815858244896 221.65661305189133 1.0
62 1 152.45067782700062 182.48626962304115 307.30252227187157 266.7956203222275 1.0
62 1 579.2713508605957 178.57487127184868 615.8579478263855 215.80850332975388 1.0
63 1 95.97442169487476 184.46087837219238 280.3246448636055 276.51576697826385 1.0
63 1 362.51234632730484 184.4904161989689 436.1691344976425 223.80883991718292 1.0
63 1 581.5832015275955 178.15977707505226 615.6258670091629 214.16417509317398 1.0
64 1 27.558627728372812 185.96012145280838 247.22320219874382 292.46585816144943 1.0
64 1 351.6968250274658 185.95242127776146 428.8354176878929 228.18660736083984 1.0
64 1 583.5675850510597 177.90348082780838 617.4105573892593 213.50669860839844 1.0
65 1 1.3295462548267096 188.96933645009995 200.5280975997448 313.09088319540024 1.0
65 1 337.17793053388596 189.48590755462646 421.3655616044998 232.47268795967102 1.0
65 1 585.0647099018097 180.53796887397766 620.3252259492874 215.62852710485458 1.0
66 1 586.9778035283089 181.572575122118 621.905374288559 216.4209857583046 1.0
66 1 319.8744733929634 192.43696331977844 413.5715696811676 239.11475390195847 1.0
66 1 0.0 186.24649196863174 144.1098801791668 331.7963406443596 0.9999851
66 1 6.358409436419606 203.11222225427628 80.70521584153175 277.57541835308075 0.85056216
67 1 298.7278763651848 189.8535043001175 402.2235950231552 240.21479487419128 1.0
67 1 588.4886977672577 178.19861322641373 622.8509463071823 212.2480273246765 1.0
67 6 458.9783851504326 171.33091762661934 482.87904489040375 191.7014792561531 0.9997929
68 1 274.3876141011715 186.97956204414368 389.7201021909714 241.39275401830673 1.0
68 1 589.4486314058304 174.78222772479057 623.3498275279999 208.3706259727478 1.0
68 6 458.1324561238289 167.19801351428032 483.06904023885727 187.38535791635513 0.9999459
69 1 245.15736830234528 184.27696824073792 375.25854313373566 242.930106818676 1.0
69 1 590.5943407416344 171.10880836844444 624.2673425674438 204.73254472017288 1.0
69 6 456.94603085517883 162.66696900129318 483.04072415828705 183.51895362138748 0.9999434
70 1 207.3895466029644 188.9495551586151 355.27390480041504 254.5148804783821 1.0
70 1 590.8507770895958 172.8365756571293 624.254757642746 206.06140047311783 1.0
70 6 455.94130969047546 163.1658934056759 482.36854112148285 184.05529484152794 0.9999423
71 1 591.0423270463943 177.2579289972782 623.7489176988602 209.70958471298218 1.0
71 1 160.475982517004 194.1908597946167 331.8704606294632 269.0247818827629 1.0
71 6 453.39471316337585 168.54142025113106 480.5898470878601 189.8982971906662 0.99999785
72 1 100.18116411566734 200.51763206720352 304.9245082139969 286.99902445077896 1.0
72 1 591.0357384681702 181.42004683613777 623.2846820354462 213.90733122825623 1.0
72 6 452.1808231472969 170.8008237183094 479.96744853258133 192.93446838855743 0.99999714
73 1 20.00002710521221 200.71247220039368 273.32263335585594 301.53047293424606 1.0
73 1 590.6445693969727 181.3945770263672 622.8617545366287 213.59116584062576 1.0
73 6 450.2401537299156 171.13474756479263 479.6311349272728 194.1060796380043 0.99999976
74 1 1.228274914668873 202.71096378564835 226.56453010439873 322.10011035203934 1.0
74 1 589.5944684743881 180.03512173891068 621.8364533185959 211.99500560760498 1.0
74 6 447.46565902233124 169.5924773812294 477.7163756489754 192.51121580600739 0.99999905
75 1 0.0 205.4917886853218 164.93045362830162 331.2186822295189 1.0
75 1 589.562784075737 178.45726758241653 620.7474871873856 209.6797227859497 1.0
75 6 443.8233967423439 167.52907633781433 476.1507369875908 191.09608232975006 0.9999864
76 1 588.8186078667641 178.56712639331818 619.8749817609787 209.3351036310196 1.0
76 6 439.35856157541275 167.99666360020638 472.7133128643036 191.3680136203766 0.9999995
77 1 587.4877150654793 179.14332076907158 618.4558094143867 209.89660173654556 1.0
77 6 436.667460501194 168.56560483574867 473.01753491163254 193.2148039340973 0.99999714
78 1 586.4285455942154 179.45434525609016 617.2830054759979 209.84981954097748 1.0
78 6 433.12250930070877 167.3140972852707 471.27082139253616 192.7003338932991 0.9999958
79 1 585.2174316644669 179.3723702430725 615.3605471849442 209.37267690896988 1.0
79 6 429.1016258597374 166.62024334073067 468.98858231306076 192.26954877376556 0.99999905
80 1 583.7538789510727 179.16512489318848 613.7848035693169 208.84960144758224 1.0
80 6 425.11176055669785 165.27502611279488 467.69448190927505 191.9827088713646 0.9999925
81 1 582.5306612849236 176.03706568479538 612.4087901115417 205.57069033384323 1.0
81 6 420.3932281136513 162.73975744843483 466.010322868824 189.83718752861023 0.9999509
82 1 581.1996204257011 172.83295467495918 610.632835149765 202.29698717594147 1.0
82 6 417.1973975300789 159.61792320013046 462.6481121778488 188.00067901611328 0.9999882
83 1 579.9544531702995 169.94062811136246 609.2425341010094 199.13946837186813 1.0
83 6 411.45345282554626 158.22236984968185 460.3073161840439 187.44337186217308 0.99993753
84 1 578.601499736309 170.47720402479172 607.3365102410316 199.42130148410797 1.0
84 6 405.96442687511444 157.6339155435562 457.7091954946518 187.55145370960236 0.99999094
85 1 577.3241298794746 171.27718403935432 606.1388325691223 199.8937502503395 1.0
85 6 400.7778092622757 158.9459739625454 455.69246131181717 190.47269225120544 0.9999641
86 1 576.1648362278938 172.03642800450325 604.9692118763924 200.80793648958206 1.0
86 6 396.21362721920013 160.81609949469566 454.22653967142105 193.39735060930252 0.99993193
87 1 576.4021360874176 175.0393956899643 604.3926002383232 203.50053906440735 1.0
87 6 385.2692584991455 164.36630487442017 448.60015296936035 197.27276265621185 0.93253434
88 1 576.3879965543747 177.14965716004372 604.6780559420586 204.9810066819191 1.0
88 6 384.0913465619087 164.69454020261765 448.75520664453506 200.22672414779663 0.9999857
89 1 576.9028680324554 177.81708016991615 604.7527141571045 205.65464347600937 1.0
89 6 378.3353351354599 165.01909866929054 446.67739856243134 200.78019797801971 0.99999356
90 1 576.8888395428658 179.0354736149311 604.671800494194 206.41981065273285 1.0
90 6 371.4452369213104 164.20868039131165 444.1144416332245 201.86448097229004 1.0
91 1 576.8651132583618 179.6811930835247 604.9253497123718 206.9987654685974 1.0
91 6 363.3822237253189 164.3625721335411 443.10461246967316 202.90390402078629 0.9999871
92 1 576.8026698231697 180.66515028476715 604.5749335885048 208.00519734621048 1.0
92 6 355.51113063097 163.30113261938095 439.7628707885742 203.60127836465836 0.999995
93 1 576.7175735235214 181.23062700033188 604.2836666107178 208.6435854434967 1.0
93 6 346.99964994192123 162.32752427458763 437.5072821378708 204.01697605848312 0.9999999
94 1 577.2239316701889 182.37895891070366 604.6348230242729 209.26742255687714 1.0
94 6 337.36840707063675 161.8536226451397 434.73027044534683 205.37683367729187 0.99999976
95 1 577.9404950737953 182.95741081237793 605.0558627843857 210.2508768439293 1.0
95 6 327.4964219927788 160.31984612345695 431.2086383700371 207.02670514583588 1.0
96 1 578.4844229221344 182.12909996509552 605.5805801153183 209.6795216202736 1.0
96 6 316.3543218970299 159.7701609134674 428.81158035993576 207.98787474632263 0.9999989
97 1 579.082799077034 181.42088502645493 606.0734279751778 208.26007425785065 1.0
97 6 304.3147130906582 159.00180861353874 425.70806390047073 209.3370035290718 0.9999975
98 1 579.8554764389992 180.3586632013321 606.6123218536377 206.96666836738586 1.0
98 6 289.5487839281559 156.3059315085411 423.22594660520554 210.03372967243195 0.9999963
99 1 580.3628339767456 179.8197403550148 607.2802852392197 206.38686418533325 1.0
99 6 272.61904352903366 154.21881526708603 418.487611413002 210.9522968530655 0.9999994
100 1 581.121112704277 178.93433198332787 607.8129606842995 205.62554150819778 1.0
100 6 252.65650284290314 152.19378098845482 414.95842838287354 212.46497333049774 0.99999595
101 1 581.840008020401 178.46377193927765 608.6605553627014 204.8666551709175 1.0
101 6 231.08270314335823 149.7555524110794 407.32219219207764 213.93395215272903 0.9999994
102 1 582.3532878756523 177.20608413219452 609.3207086920738 204.24572378396988 1.0
102 6 205.27192944288254 146.77733927965164 405.55067896842957 216.45976603031158 0.99999833
103 1 583.403314769268 177.26843431591988 609.732383787632 203.83574813604355 1.0
103 6 173.4621257185936 142.26284623146057 391.3463335633278 219.09141540527344 0.9999964
104 1 583.8013315200806 176.41352489590645 610.3553745746613 202.06855237483978 1.0
104 5 667.5300940275192 166.72950983047485 682.4113233089447 210.68577468395233 1.0
104 6 139.30106015503407 139.69002664089203 389.70840561389923 222.0563068985939 0.9999958
105 1 584.8331472873688 175.4552721977234 610.658486187458 201.29869133234024 1.0
105 5 672.958046078682 164.8486889898777 688.9299441576004 212.46108412742615 1.0
105 6 97.9342368543148 134.6960999071598 386.64131140708923 226.5113890171051 0.99998367
106 1 585.3721522092819 174.04314503073692 611.676680624485 200.58488845825195 1.0
106 5 679.060476064682 163.61865028738976 697.0082813501358 213.23297917842865 1.0
106 6 43.748756267130375 129.14082035422325 374.25822669267654 230.45901954174042 0.99998486
107 1 586.0816088318825 173.34049567580223 612.4999567866325 199.68552142381668 1.0
107 5 686.1213591098785 161.44121065735817 705.9144104719162 215.03034979104996 1.0
107 6 0.6199315977282822 122.62319773435593 367.7789152264595 238.9192432165146 0.99996066
108 1 586.6696579456329 172.48118296265602 613.094668507576 198.5888108611107 1.0
108 5 694.6566771268845 158.29847753047943 716.1255222558975 217.38599985837936 1.0
108 6 1.9618863801006228 118.0986575782299 362.13083803653717 242.87603795528412 0.99998355
109 1 587.1746465563774 172.93165996670723 613.1665136218071 198.7469717860222 1.0
109 5 702.5137417316437 156.4839966595173 727.6621227264404 221.15642577409744 1.0
109 6 0.0 119.37421560287476 345.3029059767723 243.86626482009888 0.9999944
110 1 587.1116108894348 172.7248840034008 613.1907210946083 198.72593879699707 1.0
110 5 713.3582453727722 155.6261144578457 741.3928678035736 226.88182443380356 1.0
110 6 1.3349923000205308 120.01360952854156 338.537324488163 246.0606023669243 0.9996855
111 1 587.1290076971054 173.0990968644619 613.5502427816391 198.91583919525146 1.0
111 5 726.1377922296524 153.48800271749496 757.5690118074417 234.37806218862534 1.0
111 6 0.9842336475849152 120.7541674375534 318.70951652526855 243.7724769115448 0.9999652
112 1 587.11938393116 173.92586544156075 613.5239995121956 199.84383881092072 1.0
112 5 741.2915961742401 150.56731179356575 779.4088160991669 242.65053123235703 1.0
112 6 5.927405261434615 119.32627111673355 300.7949502468109 246.9172552227974 0.99999845
113 1 586.690571129322 174.38622191548347 613.1702150702477 200.88019967079163 1.0
113 5 761.0958259105682 148.89826253056526 805.9438337087631 254.1225627064705 0.9999999
113 6 0.0 122.49450758099556 291.1066865622997 246.40575796365738 0.9999914
114 1 586.5104586482048 176.8357940018177 612.5016964673996 202.04369723796844 1.0
114 1 478.2665959596634 179.09933254122734 505.3848878145218 199.74790513515472 1.0
114 5 786.0505471229553 146.75403758883476 842.936257481575 268.1204304099083 1.0
114 2 449.4913136959076 176.33581906557083 476.8069297671318 199.91525262594223 0.9999999
114 6 3.239032270386815 124.25925582647324 269.1148267686367 246.9063252210617 0.99997723
115 1 585.9810034632683 178.22245135903358 612.4332566857338 204.50815558433533 1.0
115 1 472.7947447299957 181.4218908548355 501.0647422671318 203.3638134598732 1.0
115 5 822.2345745563507 139.93509113788605 895.1582908630371 293.5274764895439 0.99999976
115 2 444.45908349752426 178.0206933617592 473.0756846666336 202.7478665113449 0.9999974
115 6 0.0 124.39414858818054 245.79125985503197 248.43330681324005 0.9998716
116 1 585.9025327563286 180.2436076104641 612.366371512413 206.33496344089508 1.0
116 1 466.234223484993 182.62246996164322 497.0605523586273 205.7984098792076 1.0
116 2 439.5983414053917 180.37176132202148 468.8219431042671 205.62022179365158 0.9999999
116 5 875.0839294195175 129.50114160776138 983.7301025390625 329.0722668170929 0.9999993
116 6 0.0 124.99535456299782 214.6018373966217 247.26766347885132 0.9999503
117 1 458.81444799900055 181.79714307188988 492.5274994969368 206.44229650497437 1.0
117 1 585.718829870224 179.40564081072807 611.4608491659164 204.80304211378098 1.0
117 5 957.8025666475296 113.43538016080856 1141.596508383751 375.0 0.9999995
117 2 433.50812619924545 178.75352874398232 464.3004757761955 205.61648905277252 0.99999917
117 6 1.2999220881611109 126.84981152415276 182.12190493941307 246.89298123121262 0.9999912
118 1 451.46788716316223 181.2690831720829 486.5556936264038 207.17044919729233 1.0
118 1 585.9368081688881 177.70908772945404 611.5514976382256 203.49369943141937 1.0
118 2 426.2842683792114 177.57227271795273 459.9383928179741 205.69704473018646 1.0
118 5 1118.61576962471 107.37454891204834 1241.9999259710312 371.5140223503113 0.99997807
119 1 442.08497446775436 180.75590953230858 480.9400781393051 208.19925516843796 1.0
119 1 586.0381538271904 178.67672815918922 611.8856273889542 204.0579691529274 1.0
119 2 418.17391365766525 176.66549608111382 454.85722947120667 205.91352134943008 1.0
119 2 495.642897605896 173.96937310695648 517.6133260130882 196.5521201491356 0.99999976
120 1 585.906308233738 179.01209369301796 611.9156091213226 204.98701930046082 1.0
120 1 432.67011827230453 181.53034150600433 474.6064926981926 210.88745445013046 1.0
120 2 492.42981827259064 175.30126869678497 515.2535415887833 198.30968230962753 0.9999999
120 2 410.44373470544815 176.45403742790222 448.22523325681686 207.78344571590424 0.99999976
121 1 586.3474838733673 179.91529405117035 612.4777110815048 205.51101118326187 1.0
121 1 421.1582804918289 181.7340888082981 466.77404272556305 213.79635483026505 1.0
121 2 401.8498227596283 176.94082483649254 440.69944828748703 208.72005075216293 0.999998
121 2 489.53439724445343 174.21335354447365 513.647409081459 197.7696195244789 0.99998915
122 1 408.1834082007408 180.2540458738804 458.03751397132874 214.57209438085556 1.0
122 1 586.3606980443001 177.63527110219002 612.2098742723465 203.3558338880539 1.0
122 2 391.41458827257156 174.1558313369751 434.4387813806534 209.69664305448532 1.0
122 2 486.4791846871376 172.56281152367592 511.6467391848564 197.8016495704651 0.99999976
123 1 390.3453878760338 178.88332530856133 447.75748121738434 215.7774344086647 1.0
123 1 586.8362231254578 175.2561405301094 612.6972069740295 201.22137665748596 1.0
123 2 379.32998836040497 171.73611000180244 427.0862612128258 210.03196388483047 1.0
123 2 483.2287947535515 170.6710271537304 510.14643108844757 197.33697921037674 0.9999999
124 1 587.3167451620102 175.28347671031952 613.2486117482185 201.33572816848755 1.0
124 1 370.67737144231796 176.8478862941265 434.7581423521042 216.93089604377747 1.0
124 2 479.2304901480675 169.22462359070778 508.0340514779091 196.6679021716118 1.0
124 2 367.0162317752838 170.49045860767365 418.08866930007935 209.94365215301514 0.99999905
125 1 587.8698526024818 175.26191845536232 613.985903263092 201.18896663188934 1.0
125 2 350.1504338979721 170.66870257258415 407.4117302298546 213.27459812164307 1.0
125 2 475.1225116252899 169.5842631161213 505.46776324510574 197.649747133255 0.9999999
125 1 346.8090623617172 179.26713824272156 420.79080069065094 224.36991333961487 0.9999993
126 1 588.3995668888092 175.68477988243103 614.4552099108696 201.32678747177124 1.0
126 2 470.0667402148247 168.79991814494133 502.37246400117874 199.00580495595932 1.0
126 2 330.58217149972916 170.41439563035965 394.71568804979324 217.7034392952919 1.0
126 1 316.8898844718933 181.06308951973915 404.23444390296936 231.99666291475296 0.99757653
127 1 276.7042396366596 181.25173822045326 379.5005140900612 239.42754417657852 1.0
127 1 588.8341539502144 175.5424551665783 614.9222586750984 201.4632448554039 1.0
127 2 465.43293392658234 168.88102144002914 498.8863288164139 200.9146437048912 1.0
127 2 308.9428746700287 172.0091477036476 381.27532160282135 220.0573906302452 0.99999976
128 1 221.6383093893528 179.07727137207985 348.2747619152069 249.81772899627686 1.0
128 1 589.4712842702866 175.7029965519905 615.3170181512833 201.58591121435165 1.0
128 2 459.14909595251083 169.02221739292145 495.84862411022186 203.00274342298508 0.9999999
128 2 283.6493228673935 171.31051048636436 364.0805389881134 224.7052788734436 0.99999976
129 1 141.98223209381104 181.6464476287365 306.0911677479744 265.2856707572937 1.0
129 1 589.6930750608444 175.18078163266182 616.2764706015587 200.99636167287827 1.0
129 2 249.41107285022736 169.44536939263344 344.2718304991722 229.07473146915436 1.0
129 2 452.4040575027466 168.97227242588997 491.82011568546295 204.24330979585648 1.0
130 1 21.083330020308495 181.56075105071068 250.29647782444954 289.34524208307266 1.0
130 1 590.2398160099983 174.753550440073 616.4803093671799 199.9906674027443 1.0
130 2 207.1573362350464 168.7154397368431 318.07416290044785 235.21969467401505 1.0
130 2 443.3255889415741 167.3571579158306 487.2996477484703 205.25407791137695 1.0
131 1 0.2000151585380081 182.63787031173706 167.85132211446762 319.21208649873734 1.0
131 1 590.7709738612175 173.9775650203228 617.0628433227539 199.48884844779968 1.0
131 2 156.53412500023842 167.30578243732452 287.80773362517357 244.57526206970215 1.0
131 2 433.95903664827347 167.02594980597496 481.37307357788086 207.83691108226776 1.0
132 1 591.1163560152054 173.64994436502457 617.3768742084503 199.6832638978958 1.0
132 2 86.49012632668018 167.13085770606995 247.38961932063103 256.4059942960739 1.0
132 2 423.65683221817017 166.16226732730865 474.1853048801422 210.00950038433075 0.9999999
133 1 591.6545096039772 173.63210767507553 618.0840359330177 199.07355308532715 1.0
133 2 0.0 168.34190860390663 199.42508447170258 273.69748055934906 1.0
133 2 410.7183821797371 164.94650021195412 466.68761390447617 212.34016120433807 0.9999999
134 1 592.0356477499008 173.41860383749008 618.6276676654816 199.5367705821991 1.0
134 2 396.8104487657547 163.48489746451378 458.5954332947731 214.39719200134277 0.9999999
134 2 0.5935216908110306 170.16533017158508 129.52749659121037 288.39607536792755 0.99999964
135 1 591.3972589373589 176.72492936253548 618.3075664043427 202.21003890037537 1.0
135 2 377.494773209095 165.4762700200081 448.9500508904457 221.39091789722443 0.99999976
136 1 593.2001604437828 178.84890362620354 618.9639442563057 204.56063747406006 1.0
136 1 476.95132327079773 185.46482920646667 501.9738180041313 203.67854833602905 1.0
136 2 353.6952370405197 166.56354814767838 435.7445043325424 227.0352691411972 0.99999976
137 1 592.8775051832199 179.71215024590492 618.9126051664352 205.63656091690063 1.0
137 1 472.01677429676056 185.71098893880844 498.64795553684235 204.71305400133133 1.0
137 2 324.54910665750504 164.41960260272026 421.0717776417732 234.55944657325745 0.9999999
138 1 466.48292380571365 185.6284998357296 495.0256070494652 205.93703538179398 1.0
138 1 592.8771350383759 180.0430566072464 618.9059055447578 206.1673253774643 1.0
138 2 286.46647676825523 162.1442846953869 400.95536774396896 241.58982932567596 0.9999995
139 1 592.2954524159431 180.01361936330795 618.5304676294327 205.99468052387238 1.0
139 1 459.5808328986168 186.02591380476952 490.21816581487656 207.45769143104553 1.0
139 2 237.21852019429207 158.74099731445312 377.3336491584778 250.7123351097107 0.99999964
140 1 591.7683661580086 179.37267199158669 618.096472799778 205.51829785108566 1.0
140 1 450.9329908490181 185.3909119963646 484.56957042217255 207.89334923028946 1.0
140 2 167.37936893105507 155.49294278025627 345.9159028530121 264.3963620066643 0.99999976
141 1 591.0942213535309 179.12958562374115 617.5664623975754 205.18992841243744 1.0
141 1 441.7940036058426 184.88717079162598 478.07567524909973 209.19804275035858 1.0
141 2 69.9340980425477 148.03741872310638 306.67307245731354 283.33622217178345 1.0
142 1 590.5399294495583 178.86866256594658 617.3212784528732 204.44463193416595 1.0
142 1 431.82033973932266 185.68643555045128 470.5846838951111 210.92473715543747 1.0
142 2 2.1647150551434606 138.87319341301918 250.7095409631729 307.73746222257614 1.0
143 1 590.1007155776024 178.1589388847351 616.682593524456 204.21358197927475 1.0
143 1 419.43640369176865 183.59104916453362 463.2565932869911 211.1590951681137 1.0
143 2 0.0 133.46826285123825 169.0117447078228 318.7047690153122 1.0
144 1 405.89139729738235 181.47386983036995 454.00460082292557 211.02789044380188 1.0
144 1 590.0683279037476 175.57724565267563 616.740373134613 201.8396034836769 1.0
145 1 390.11985862255096 181.26190826296806 443.3845530152321 213.24044466018677 1.0
145 1 590.0990129113197 172.97234013676643 616.5337952971458 199.39246773719788 1.0
146 1 370.6218497157097 181.39443174004555 431.34396332502365 215.9137800335884 1.0
146 1 589.8702263832092 173.21299016475677 616.26891964674 199.47972893714905 1.0
147 1 348.6633029580116 182.34429135918617 417.6736999154091 221.44677489995956 1.0
147 1 589.9471054673195 172.98008501529694 615.9527049064636 199.7937485575676 1.0
147 1 456.8658944964409 178.77274006605148 485.2515622973442 200.2856433391571 0.45919222
147 2 456.1916016340256 177.92277038097382 484.14164596796036 200.3784030675888 0.3879722
148 1 589.0758585333824 173.34171384572983 615.7810317277908 199.5886266231537 1.0
148 1 319.04075914621353 185.0457452237606 399.42844623327255 228.61560434103012 1.0
149 1 283.0514649152756 188.00997734069824 377.2069855928421 237.21785098314285 1.0
149 1 588.8544008731842 174.932062625885 615.8134564161301 201.38657838106155 1.0
149 1 437.2854913473129 181.94296583533287 475.58219450712204 206.88727498054504 1.0
150 1 235.89802846312523 190.75892865657806 350.73022878170013 247.9037493467331 1.0
150 1 426.32727921009064 184.24012139439583 469.082895219326 210.94277501106262 1.0
150 1 589.1689129471779 176.54532194137573 615.7236222624779 202.9523402452469 0.99999976
151 1 173.39270505309105 194.38974559307098 316.8140788078308 263.1274312734604 1.0
151 1 413.86635303497314 184.28156152367592 460.6227906346321 212.83502876758575 1.0
151 1 588.238442838192 175.1672588288784 615.3188318610191 201.8568366765976 1.0
152 1 588.1523101329803 172.16067016124725 614.8898339867592 198.73472303152084 1.0
152 1 399.05878257751465 180.39494007825851 449.41783994436264 211.04080975055695 1.0
152 1 82.24549958109856 195.1616182923317 271.34567123651505 277.9451608657837 1.0
153 1 0.265186279284535 195.25710493326187 209.10988730192184 301.3813868165016 1.0
153 1 382.76855993270874 178.97148057818413 439.9606021642685 211.84688061475754 1.0
153 1 587.2316488623619 168.9908467233181 613.8135268092155 195.4086497426033 1.0
153 1 459.71997034549713 173.22615534067154 486.7171508073807 195.84643095731735 1.0
154 1 362.6028097271919 181.1513565480709 427.0831149816513 217.61731803417206 1.0
154 1 586.7032670974731 169.96248811483383 613.7383133769035 196.373350918293 1.0
154 1 1.349112747469917 196.50833308696747 114.27558575570583 306.48842453956604 1.0
154 1 454.3672317266464 174.98544976115227 482.8358119726181 198.67761433124542 1.0
155 1 587.4806823134422 172.069251537323 614.3045609593391 198.80271703004837 1.0
155 1 338.5425435304642 183.98218229413033 411.02197498083115 224.81290251016617 1.0
155 1 447.36305487155914 177.99950391054153 482.3267887830734 201.10789686441422 1.0
156 1 587.4756113290787 172.0467433333397 614.298157453537 198.56567680835724 1.0
156 1 442.35858553647995 178.8340061903 474.8639654517174 204.51799035072327 1.0
156 1 309.33224853873253 186.68638542294502 393.750683426857 231.90714418888092 1.0
157 1 273.24823424220085 190.1337280869484 371.6108767390251 242.56516993045807 1.0
157 1 434.88950675725937 180.81286177039146 470.1559821367264 208.65809172391891 1.0
157 1 553.3646911382675 176.7137534916401 572.2683954834938 195.62698155641556 1.0
157 1 588.225302696228 174.66314882040024 615.2250001430511 201.15713775157928 1.0
158 1 225.22364339232445 194.70054656267166 344.25928258895874 255.89637458324432 1.0
158 1 589.4336405396461 177.35259979963303 616.2030708789825 203.68771255016327 1.0
158 1 426.8362653851509 183.6853288114071 465.698882997036 212.56685256958008 1.0
158 1 552.8946071863174 180.16432598233223 572.3659286499023 199.18055087327957 1.0
159 1 158.2151007950306 195.71350514888763 307.5236282944679 268.96630972623825 1.0
159 1 416.6984792947769 182.2412945330143 458.2021543979645 213.62290531396866 1.0
159 1 552.5123586058617 179.55563217401505 572.6540123820305 199.2265060544014 0.9999999
159 1 589.4164288043976 176.54522135853767 616.2160259485245 203.25565338134766 0.9999999
160 1 404.0051761865616 181.35355040431023 452.68303567171097 215.01550823450089 1.0
160 1 551.3407021164894 178.4350834786892 572.694950401783 198.62280786037445 1.0
160 1 58.02636259049177 198.62117618322372 262.88510397076607 287.0009243488312 1.0
160 1 588.9626312255859 176.0696992278099 615.8600206375122 202.09195464849472 1.0
161 1 0.0 198.501817882061 195.76755371689796 312.4867379665375 1.0
161 1 392.2131017446518 179.49509248137474 442.3716516494751 215.5732735991478 1.0
161 1 589.7264621257782 175.13332888484 616.7307493686676 201.73602551221848 0.9999999
161 1 552.1681609153748 176.31107568740845 572.8032547831535 197.15698063373566 0.99999917
162 1 0.0 201.90594345331192 99.7421630769968 319.6660727262497 1.0
162 1 376.0619425177574 180.25852739810944 431.707371532917 219.36164796352386 1.0
162 1 590.1478350162506 176.2176789343357 617.1144044995308 202.7868926525116 1.0
162 1 551.5180755257607 177.14853957295418 573.2052690982819 198.30916821956635 1.0
162 2 458.92327058315277 175.30248686671257 491.40355467796326 200.14283806085587 1.0
163 1 590.3422721028328 177.24741250276566 617.3148379325867 203.83791625499725 1.0
163 1 550.9321732521057 178.33862453699112 573.5091580152512 200.1875638961792 1.0
163 1 358.24505746364594 181.37171119451523 420.1726958155632 223.83733838796616 1.0
163 2 453.7986892461777 176.5906736254692 487.9957791566849 201.63953304290771 0.9999999
164 1 333.74731707572937 182.14741721749306 405.5192906856537 228.23406010866165 1.0
164 1 549.9560642838478 178.19815501570702 573.2444674372673 200.54250955581665 1.0
164 1 589.9647613763809 177.36690491437912 617.0330096483231 203.93208414316177 0.9999999
164 2 448.0213574767113 176.93950608372688 484.2574642896652 204.16691154241562 0.99999976
165 1 304.5863438844681 181.94105476140976 387.6579882502556 234.4156801700592 1.0
165 1 549.6004291176796 178.0550591647625 573.381717145443 200.827918946743 1.0
165 2 441.3574177622795 176.79909244179726 479.29570966959 204.17187362909317 1.0
165 1 589.6718287467957 177.43507772684097 616.8725148439407 203.64269614219666 0.9999995
166 1 267.5639568865299 182.39813670516014 365.038362801075 241.596981883049 1.0
166 1 548.010694026947 177.5490827858448 572.7526929974556 201.38905942440033 1.0
166 2 433.98720467090607 175.90958252549171 475.02068477869034 205.69190382957458 1.0
167 1 219.50179633498192 183.47208201885223 339.36552357673645 250.5025416612625 1.0
167 1 546.8203822374344 177.48752608895302 572.3034482002258 201.85643434524536 1.0
167 2 425.270959854126 175.23972317576408 469.26570975780487 206.3264474272728 0.99999976
167 1 589.6133088469505 177.61114239692688 616.6580899357796 204.30690050125122 0.9999949
168 1 155.03380765020847 181.30223080515862 303.9215822517872 260.26951521635056 1.0
168 1 545.2236514091492 175.0299520790577 571.5217763185501 200.2383917570114 1.0
168 1 589.0466911196709 175.13082548975945 615.9794663786888 201.8565908074379 1.0
168 2 416.2074081301689 172.9223057627678 462.40559327602386 205.7456150650978 1.0
169 1 543.9956958889961 172.1501424908638 570.6557114124298 197.6402923464775 1.0
169 2 405.3572042584419 170.11579871177673 455.15752798318863 205.16473799943924 1.0
170 1 587.7635840177536 170.24677991867065 614.7654283046722 197.03885167837143 1.0
170 1 541.8539637923241 170.71132734417915 569.9417390227318 197.32432812452316 1.0
170 1 0.784208964323625 178.28423157334328 195.3725721538067 294.6050763130188 1.0
170 2 391.74993950128555 169.00749877095222 445.7280140519142 205.91682940721512 0.99999976
171 1 586.5966283679008 172.3199486732483 613.7919103503227 199.3308663368225 1.0
171 1 539.8349347114563 173.35893586277962 569.2181428670883 200.44686645269394 1.0
171 1 0.0 181.05118721723557 104.46601635217667 305.46165257692337 1.0
171 1 470.3652990460396 177.21914872527122 493.98416751623154 195.50181180238724 1.0
171 2 378.0375906229019 171.0425801575184 436.3047185540199 211.0828310251236 1.0
172 1 538.072712123394 175.40350556373596 568.3998266458511 203.88731360435486 1.0
172 1 464.47907066345215 180.067028850317 489.88459128141403 198.95732402801514 1.0
172 1 585.8926128745079 174.33466762304306 613.1501162052155 200.94218105077744 1.0
172 2 361.23175621032715 172.43608832359314 424.5084614753723 216.52094274759293 0.9999999
173 1 535.9147306680679 177.73747444152832 567.3153022527695 206.8316414952278 1.0
173 1 585.2642920017242 176.3312816619873 612.3976857662201 202.81335711479187 1.0
173 1 458.0748615860939 182.74235352873802 485.7619180083275 202.4313434958458 1.0
173 2 342.34278362989426 173.24969172477722 412.2693260908127 220.06407380104065 0.9999999
174 1 533.491873562336 177.18029022216797 565.8897264003754 207.37655460834503 1.0
174 1 584.3461477160454 176.29198729991913 611.467474758625 202.39748060703278 1.0
174 1 452.12463515996933 183.04014578461647 481.90563797950745 203.89363914728165 1.0
174 2 317.87894850969315 173.36894944310188 399.10516172647476 225.1589298248291 1.0
175 1 530.8039557337761 176.386758685112 564.4984629750252 207.94276893138885 1.0
175 1 444.2264104485512 181.73716217279434 476.77642983198166 203.21577787399292 1.0
175 1 583.4962581396103 174.47157204151154 610.6397198438644 201.10660046339035 1.0
175 2 288.70977661013603 173.47660660743713 381.3299179673195 229.70429062843323 0.99999976
176 1 527.7552947402 175.75855180621147 563.2707295417786 208.16311240196228 1.0
176 1 435.779334962368 180.1111400127411 471.00720423460007 202.81992852687836 1.0
176 1 583.0948730707169 172.70628735423088 610.1020844578743 199.4801089167595 1.0
176 2 252.32866555452347 172.457467764616 360.6504437327385 236.94247752428055 0.9999999
177 1 524.5137882828712 175.00032484531403 561.8056592345238 208.91207456588745 1.0
177 1 426.6837657094002 180.95232546329498 464.5269303917885 204.89341020584106 1.0
177 1 581.8647336959839 172.92777076363564 609.3498761057854 199.640192091465 1.0
177 2 206.83643916249275 171.89495265483856 336.32267385721207 243.87482553720474 0.9999999
178 1 521.1684932112694 175.72756111621857 560.2799962162971 211.05750650167465 1.0
178 1 580.9649485945702 173.65531995892525 608.7569780945778 200.54805278778076 1.0
178 1 416.530174434185 182.0862852036953 456.20355731248856 207.63704180717468 1.0
178 2 146.64128226041794 172.1584014594555 303.602184265852 255.0407499074936 1.0
179 1 517.7620131969452 177.21586301922798 558.4159837961197 214.17394280433655 1.0
179 1 580.5213670134544 175.30815303325653 607.7606222033501 202.26124674081802 1.0
179 1 404.98635613918304 184.68021601438522 448.5086901783943 212.08644658327103 1.0
180 1 513.6068041920662 178.30604687333107 556.5045558214188 216.7493775486946 1.0
180 1 580.0995499491692 177.22446843981743 606.9666615128517 203.88134568929672 1.0
180 2 1.3592657048720866 171.04379832744598 214.04786011576653 288.85531425476074 1.0
181 1 377.45550084114075 191.0845711827278 429.79039138555527 223.66835922002792 1.0
181 1 579.9959464073181 181.32080510258675 606.6561099886894 208.01154524087906 1.0
181 1 509.6468095779419 183.61607193946838 554.4370747804642 224.2513820528984 1.0
181 2 0.6351823605364189 172.62345179915428 142.90682615339756 304.4463023543358 0.99999976
182 1 360.0787920355797 192.4867406487465 418.62937688827515 227.47381031513214 1.0
182 1 504.5525431036949 184.44447219371796 552.5948638916016 227.05256938934326 1.0
182 1 579.9290242195129 183.19407105445862 606.7355430722237 209.958516061306 1.0
183 1 340.2574616074562 193.6211809515953 405.6352940797806 231.7207306623459 1.0
183 1 580.062572479248 184.15221199393272 607.278212428093 211.19467914104462 1.0
183 1 500.36594581604004 185.20857766270638 551.4083275794983 230.31310737133026 1.0
184 1 495.3289777636528 183.4619902074337 550.7740103602409 229.85073924064636 1.0
184 1 315.69061517715454 192.59177148342133 388.67059350013733 233.6624711751938 1.0
184 1 580.52880692482 182.14315921068192 608.2624645829201 207.96098560094833 1.0
184 5 635.9853140115738 173.39307814836502 674.0820279121399 212.1771052479744 0.99999976
184 2 393.3785768151283 188.699372112751 428.1317353248596 212.3720347881317 0.99989593
185 1 580.7665509581566 179.225854575634 607.8151445388794 205.95116168260574 1.0
185 1 288.99240070581436 190.26178121566772 374.0178546309471 235.93081533908844 1.0
185 1 490.9181467294693 180.24184182286263 548.400715649128 230.27944564819336 1.0
185 5 640.1207942962646 171.32175341248512 675.2918833494186 211.63735538721085 0.9999999
185 1 380.82318967580795 184.32029709219933 422.60761964321136 211.42148226499557 0.99999976
186 1 254.4124884903431 187.95521557331085 352.86489111185074 239.4578978419304 1.0
186 1 581.0854677557945 176.57142877578735 608.4146681427956 203.5304680466652 1.0
186 1 368.0302805900574 183.23113024234772 413.4360226392746 212.1187224984169 1.0
186 1 484.5928155183792 177.98550054430962 546.4186270236969 229.64825481176376 1.0
186 5 642.2554196119308 168.4693805873394 679.4733356237411 209.99235659837723 0.99999976
187 1 207.99032869935036 190.7893717288971 327.4682169556618 248.91529977321625 1.0
187 1 582.1578884124756 176.7321266233921 608.8823831677437 203.42711359262466 1.0
187 1 479.0966827869415 177.993793040514 544.2510218024254 234.60551351308823 1.0
187 1 354.39118337631226 184.53896418213844 403.0660446882248 215.00171720981598 1.0
187 5 645.8805441856384 168.23315620422363 684.8943289518356 211.32773905992508 0.9999995
188 1 149.62643565237522 194.3543180823326 295.1222399175167 262.64365017414093 1.0
188 1 471.53310602903366 178.35994809865952 542.2511292099953 237.69745230674744 1.0
188 1 583.0524174571037 177.47286334633827 609.8809229135513 204.26130294799805 1.0
188 1 337.81332117319107 186.18600815534592 391.97184133529663 218.97941082715988 1.0
188 5 648.8716106414795 166.77601262927055 690.3700296878815 213.0878046154976 1.0
189 1 462.7908030152321 177.89146676659584 539.9444975852966 241.40694737434387 1.0
189 1 66.77291301637888 196.97009772062302 253.38043212890625 279.55276519060135 1.0
189 1 319.990994989872 187.09202483296394 379.26887744665146 221.39232605695724 1.0
189 1 584.5029040575027 177.1460920572281 611.4038098454475 203.86813580989838 1.0
189 5 653.5308458805084 165.98188877105713 696.464834690094 215.39964526891708 1.0
190 1 0.0 198.16144555807114 199.34598451852798 300.10440945625305 1.0
190 1 585.204661667347 176.3274036347866 612.4633494615555 203.1841054558754 1.0
190 1 451.86582988500595 177.76911333203316 536.5290230512619 246.50727957487106 1.0
190 1 296.824221432209 187.18460574746132 363.98770666122437 225.22632032632828 1.0
190 4 441.51136100292206 176.89431086182594 450.11360120773315 221.73234075307846 1.0
190 5 656.4608384370804 164.71172869205475 702.7681052684784 216.01306647062302 1.0
191 1 440.9891976714134 175.28461664915085 533.5938484668732 252.3094341158867 1.0
191 1 586.5089040398598 174.85683783888817 612.8882757425308 201.57165080308914 1.0
191 1 1.142101724864915 198.29656183719635 126.42051002383232 307.48240649700165 1.0
191 1 269.0362265110016 185.35637855529785 343.83879804611206 227.10004448890686 1.0
191 4 432.96738159656525 175.06296560168266 442.3958221077919 223.39128702878952 1.0
191 5 660.9673519134521 161.93151846528053 709.969199180603 216.74184501171112 0.9999999
192 1 421.88028502464294 173.13069105148315 526.776705801487 259.2800259590149 1.0
192 1 235.55149886012077 184.4799891114235 321.39091980457306 230.77674955129623 1.0
192 1 586.565240085125 172.51255363225937 614.1852632761002 199.58867132663727 1.0
192 5 667.3113384246826 160.3708080947399 717.8202674388885 219.4812297821045 1.0
192 4 656.6559787988663 164.27010297775269 673.0188238620758 218.84380280971527 0.9999999
192 4 669.7340104579926 164.33914750814438 689.3908485174179 217.6247388124466 0.997715
192 4 427.42623925209045 170.2905111014843 436.48475700616837 211.01092547178268 0.31930795
193 1 407.31423407793045 176.34527385234833 524.0758329033852 269.8325961828232 1.0
193 1 587.8816972374916 171.9886064529419 615.0526977181435 198.42251390218735 1.0
193 1 193.55569767951965 186.3696724176407 292.2463810443878 236.90007627010345 1.0
193 4 676.119527220726 166.7506992816925 692.9728142023087 220.53312510252 1.0
193 5 669.0233323574066 159.92194041609764 727.0780341625214 222.97777980566025 1.0
193 4 412.40272629261017 170.74211686849594 423.22405886650085 226.1543646454811 0.99999845
194 1 138.29049070179462 190.78179448843002 259.3405599296093 249.23642724752426 1.0
194 1 383.3745610713959 176.50936916470528 517.9705528020859 281.2829688191414 1.0
194 1 588.5144228339195 174.2362082004547 615.6623262763023 200.54128021001816 1.0
194 5 675.7632998228073 160.21136194467545 736.5508550405502 226.78019106388092 1.0
194 4 660.8104845285416 171.38611525297165 675.4074425697327 219.3538025021553 0.9999999
194 4 400.6744278073311 172.94353991746902 410.7189373970032 229.7138348221779 0.99998546
194 4 682.7566684484482 167.90231689810753 696.419380903244 224.9475046992302 0.99995315
195 1 68.48065028339624 195.064477622509 216.91465044021606 264.88765329122543 1.0
195 1 589.5261767506599 176.62060260772705 616.7746115326881 203.83304357528687 1.0
195 1 355.03930699825287 180.27717992663383 511.01638251543045 297.04029858112335 1.0
195 4 689.567481637001 172.4541150033474 706.1019258499146 232.29163885116577 1.0
195 4 666.7285823822021 173.94543439149857 682.7949414253235 224.89940375089645 1.0
195 5 682.4382698535919 161.9788259267807 746.355547785759 235.6341853737831 1.0
195 4 386.60992312431335 173.8286018371582 399.08754283189774 235.76319962739944 0.9999999
196 1 315.1308451294899 180.43888360261917 501.4303713440895 317.34848767519 1.0
196 1 0.0 199.39803332090378 161.45988303422928 282.77041018009186 1.0
196 1 591.0737523436546 177.21572890877724 618.5505664944649 204.39831912517548 1.0
196 4 673.7397919893265 175.1241199672222 689.9651652574539 231.1307117342949 1.0
196 4 371.18173080682755 178.26027050614357 383.3343633413315 243.1878000497818 1.0
196 4 697.6443382501602 170.95861583948135 715.5779299736023 235.48272997140884 1.0
196 5 688.6437481641769 161.54859960079193 758.3595671653748 238.27117681503296 1.0
197 1 0.5241396664059721 196.2372064590454 93.20718182623386 283.54230523109436 1.0
197 1 259.05702897906303 180.65376207232475 485.8775142431259 343.2484120130539 1.0
197 1 592.4293708205223 174.0647703409195 619.5658738017082 201.28630846738815 1.0
197 4 352.9228557944298 173.69398847222328 368.714826464653 246.1514174938202 1.0
197 4 707.276617527008 166.1672629415989 727.1420692205429 237.46072500944138 1.0
197 4 680.3770812749863 172.6604662835598 697.9607380628586 232.02185332775116 1.0
197 5 697.7778865098953 160.30075773596764 774.5954525470734 241.1011978983879 1.0
198 1 180.04840904474258 178.793303668499 470.8685849905014 374.4421899318695 1.0
198 1 593.8252980709076 169.55625638365746 620.9692779779434 196.66139781475067 1.0
198 4 687.3540154695511 169.52581331133842 705.7309666872025 234.43519324064255 1.0
198 4 717.3914176225662 163.76157850027084 737.4084066152573 240.51446467638016 1.0
198 5 711.3843369483948 154.97871860861778 794.2420746088028 246.3434636592865 1.0
198 4 330.63976603746414 168.84323582053185 348.8416757583618 248.3566626906395 0.9999988
199 1 54.04791162908077 182.63652920722961 457.56061935424805 374.6382147073746 1.0
199 1 595.1594851613045 171.00729793310165 623.1108620166779 198.17385077476501 1.0
199 4 696.7135720252991 168.17329823970795 717.8780100345612 236.70228570699692 1.0
199 4 304.15336695313454 172.58749902248383 326.31277281045914 258.16047191619873 1.0
199 5 722.5509406328201 148.90362694859505 825.6078525781631 256.4593479037285 1.0
199 5 714.4048669338226 156.01462125778198 792.5260090827942 240.3128296136856 0.9999994
199 4 729.6280360221863 159.89287197589874 755.4000370502472 246.4301660656929 0.9999956
200 1 5.139620206318796 183.23204666376114 425.947140455246 374.17126446962357 1.0
200 1 597.2510256171227 173.9451102912426 625.2048454284668 200.85154473781586 1.0
200 4 270.1278761923313 173.93606901168823 294.2459405064583 269.6475014090538 1.0
200 4 744.0530247688293 163.26896846294403 771.0978798866272 257.5950399041176 1.0
200 5 736.8907960653305 145.2060006558895 857.0558767318726 270.19353210926056 1.0
200 4 708.5264486074448 170.28222978115082 730.2658696174622 245.5660030245781 0.99999976
200 5 726.620609164238 153.85667234659195 812.6014069318771 246.23005092144012 0.9999975
201 1 598.9841178059578 175.50331726670265 626.5398098230362 202.4390771985054 1.0
201 1 5.509320298209786 178.79343777894974 387.60213339328766 374.88678842782974 1.0
201 4 722.9051692485809 172.51260951161385 750.5291529893875 255.1468089222908 1.0
201 4 763.7827813625336 160.792775452137 796.5745053291321 270.3922390937805 0.9999999
201 5 759.9850952625275 141.9217474758625 895.3464725017548 290.26977717876434 0.9999999
201 4 226.91744470596313 176.30279436707497 260.49543035030365 287.2452959418297 0.99999964
201 5 742.1271611452103 151.69334784150124 837.6905647516251 259.39956307411194 0.999997
202 1 406.7946247458458 185.54972112178802 455.57971519231796 213.2929041981697 1.0
202 1 89.7606151252985 200.82523673772812 253.66333383321762 271.87900990247726 1.0
202 1 0.0 193.5032308101654 347.190126478672 375.0 1.0
202 1 600.6903004646301 175.29064044356346 627.8921710252762 201.68347656726837 1.0
202 4 738.525429725647 171.88812419772148 770.0682109594345 266.12289994955063 1.0
202 4 166.84460216760635 176.03034898638725 207.33156341314316 303.27969789505005 1.0
202 5 784.3424767255783 138.90869915485382 952.354996919632 313.9050453901291 1.0
202 5 759.6051045656204 151.86790376901627 873.9635750055313 270.6395387649536 0.99999976
202 4 787.9951400756836 159.10401195287704 822.9619091749191 280.9798792004585 0.9999995
203 1 391.6991926431656 186.2032748758793 444.211789727211 215.81954509019852 1.0
203 1 602.1249448657036 174.4873858988285 629.6448808908463 201.12155377864838 1.0
203 1 5.037290194071829 206.07693493366241 189.0391347706318 292.85144805908203 1.0
203 4 757.9054734706879 168.61122474074364 796.097758769989 277.94406563043594 1.0
203 4 88.89416156709194 171.46435752511024 139.82051217556 324.48939979076385 1.0
203 5 827.9585684537888 131.78770244121552 1030.7233958244324 348.1638506054878 1.0
203 5 779.6498544216156 145.05213126540184 916.5769443511963 286.46135330200195 0.99999964
203 4 820.8483080863953 153.83394062519073 865.3523032665253 305.66272884607315 0.9999958
204 1 0.7580375550314784 208.3360254764557 102.7971998155117 307.3612153530121 1.0
204 1 602.8115265369415 176.9537441432476 630.2210483551025 203.9005681872368 1.0
204 1 372.54156893491745 189.0324130654335 431.68997472524643 222.006194293499 1.0
204 4 781.2171957492828 168.86957734823227 820.1737561225891 297.7600023150444 1.0
204 5 814.252326965332 141.84239879250526 967.3486762046814 315.18886238336563 1.0
204 5 878.6938780546188 116.54777079820633 1153.7053527832031 375.0 1.0
204 4 862.2988303899765 155.01632541418076 912.7915470600128 340.4358699917793 0.99997175
205 1 350.46679669618607 193.54089349508286 416.46588027477264 229.52865064144135 1.0
205 1 603.5440431833267 180.63335493206978 631.1019930839539 208.12073349952698 1.0
205 4 814.4271093606949 173.35371673107147 874.0991960763931 328.8067728281021 1.0
205 5 853.3708627223969 141.94046705961227 1048.3054239749908 349.26022589206696 1.0
205 5 958.4498759508133 95.4279787838459 1238.0022876262665 375.0 1.0
205 4 912.9456013441086 156.06974065303802 1000.3861763477325 369.5828318595886 0.99999905
206 1 604.0503643155098 183.4365651011467 631.4779121875763 210.7449620962143 1.0
206 1 322.1745534539223 198.13428819179535 398.5249966979027 237.37574368715286 1.0
206 4 861.895520567894 175.86421966552734 933.5098124742508 368.1020066142082 1.0
206 5 937.5815538167953 131.9524459540844 1191.7732694149017 375.0 1.0
206 4 1013.7658760547638 164.89588469266891 1137.8655223846436 367.14179813861847 0.99999964
206 5 1158.778706073761 77.61874236166477 1239.0276628732681 375.0 0.99999523
207 1 286.48661264777184 195.93952596187592 375.5331165790558 241.15734547376633 1.0
207 1 603.9113008975983 181.48037418723106 631.2988361120224 208.53710174560547 1.0
207 5 1023.6956777572632 115.13065919280052 1239.244345664978 375.0 1.0
207 1 329.6358962059021 187.79359012842178 390.784083545208 225.7664054632187 0.9999999
207 4 936.0823931694031 174.0804947912693 1035.1056886911392 374.19625371694565 0.99999976
208 1 241.3270724415779 195.38473337888718 347.1092868447304 246.18320167064667 1.0
208 1 301.2342381477356 187.05084174871445 369.5001627802849 228.36213558912277 1.0
208 1 604.2249246239662 178.00255492329597 631.4551852941513 205.27980476617813 1.0
208 4 1086.4321196079254 171.4027114212513 1233.4252245426178 373.12694638967514 0.99999595
209 1 180.33208805322647 197.13784754276276 312.68474292755127 257.02397525310516 1.0
209 1 264.089592307806 186.84374168515205 344.6185821890831 231.84699565172195 1.0
209 1 468.9525302052498 184.43915247917175 498.5087440609932 203.4614458680153 1.0
209 1 603.7919291853905 177.84366756677628 631.2005256414413 205.0129473209381 1.0
210 1 222.35909244418144 187.4532736837864 316.5927321910858 237.41897195577621 1.0
210 1 96.0142492800951 199.6624320745468 264.6213053762913 271.440714597702 1.0
210 1 459.31284803152084 184.0113289654255 491.1824671626091 204.13099229335785 1.0
210 1 603.1267789006233 177.24617198109627 630.9058163166046 204.67498898506165 1.0
211 1 154.27231791615486 186.28235533833504 281.15073412656784 246.74751609563828 1.0
211 1 602.8238523602486 177.61845141649246 631.2228083610535 205.00000566244125 1.0
211 1 9.329895230010152 199.1231068968773 201.51812401413918 289.47485983371735 1.0
211 1 447.2633378505707 183.45464766025543 484.4142946600914 205.6925743818283 1.0
212 1 93.65316009521484 188.0573406815529 235.95941698551178 254.5059621334076 1.0
212 1 438.1426727771759 183.10066312551498 474.9580562710762 205.71812242269516 1.0
212 1 0.6482061092974618 207.5531780719757 119.64263972640038 304.155595600605 1.0
212 1 602.4962001442909 176.81210115551949 630.1960265636444 203.82168889045715 1.0
213 1 601.7130846977234 176.73156782984734 629.3608317375183 203.90065759420395 1.0
213 1 2.058226696914062 188.5128915309906 176.7774205505848 267.7343934774399 1.0
213 1 425.0329197049141 182.7521212399006 464.5748641490936 207.08294212818146 1.0
214 1 0.08920613641384989 188.29471617937088 99.17217703163624 276.1342003941536 1.0
214 1 601.4063456654549 172.9522906243801 628.5890797376633 200.48388093709946 1.0
214 1 409.83995443582535 180.19447848200798 453.60673213005066 205.76930791139603 1.0
215 1 601.058039367199 174.78544637560844 628.6095857620239 201.88216120004654 1.0
215 1 392.4445163011551 182.43208900094032 441.9020118713379 210.26122570037842 1.0
216 1 373.40348821878433 185.23843958973885 428.1227408051491 215.61109274625778 1.0
216 1 600.9640966057777 175.4496842622757 628.6184692382812 202.58831977844238 1.0
217 1 349.732281267643 186.48485094308853 412.4386303424835 219.6774110198021 1.0
217 1 601.1860724687576 176.36385932564735 628.649117231369 203.66918295621872 1.0
218 1 601.091722548008 176.97717994451523 628.8083535432816 204.48649674654007 1.0
218 1 322.2996994256973 187.5663623213768 394.20518428087234 224.54217821359634 1.0
219 1 601.0325363874435 175.36741867661476 628.5200107097626 202.88199931383133 1.0
219 1 288.6191096305847 187.25823238492012 372.22017216682434 228.0457466840744 1.0
220 1 245.87570840120316 186.14543974399567 344.00369757413864 232.4266880750656 1.0
220 1 600.8282904624939 173.8998480141163 628.5160871744156 201.04797184467316 1.0
220 4 802.1260857582092 162.13436052203178 820.4265650510788 221.79414331912994 1.0
221 1 191.52852541208267 189.48494642972946 310.34598273038864 243.47622692584991 1.0
221 1 600.9435905814171 172.02654853463173 628.2946665287018 199.0540623664856 1.0
221 4 815.7477121353149 159.4271957874298 837.5274049043655 224.78004544973373 1.0
222 1 117.89823035895824 193.92067193984985 266.5286432504654 257.5419768691063 1.0
222 1 600.6980735063553 172.59695380926132 628.4043034315109 200.21731406450272 1.0
222 4 830.2673839330673 157.44192525744438 853.7138389348984 227.57329791784286 1.0
223 1 601.2140184044838 176.4793060719967 628.5358529090881 203.97477596998215 1.0
223 1 511.0006513595581 181.6447153687477 531.5448006391525 197.18261808156967 1.0
223 1 17.40211115218699 198.57249408960342 212.8609906733036 275.9573981165886 1.0
223 4 849.2049565315247 160.03071516752243 876.5989322662354 236.75014078617096 1.0
224 1 600.9605432152748 180.00395223498344 628.837965130806 207.2269767522812 1.0
224 1 0.0 204.51246947050095 139.55846813321114 297.4749729037285 1.0
224 1 506.2128648161888 184.26798284053802 528.1018243432045 200.54883509874344 1.0
224 4 871.8604860305786 163.86260837316513 900.08003282547 248.02882969379425 1.0
225 1 600.512667953968 180.5516481399536 627.8967608213425 207.6483517885208 1.0
225 1 500.1616258621216 185.19306555390358 525.4173118472099 202.4376019835472 1.0
225 4 898.5985651016235 162.5153012573719 931.8277262449265 253.16085666418076 1.0
225 4 72.9713076800108 194.30972635746002 103.75720748305321 252.4094134569168 0.99999297
225 1 453.9076228737831 187.21937388181686 481.29922968149185 206.52705430984497 0.99998987
226 1 600.855681180954 179.93871867656708 628.3366409540176 207.38773047924042 1.0
226 1 447.6901888847351 187.36803531646729 476.53072768449783 206.40937238931656 1.0
226 1 495.1532700061798 184.66488271951675 519.5619905591011 202.4828866124153 1.0
226 4 930.8994770050049 162.11826726794243 966.8272901773453 264.6412029862404 1.0
227 1 600.3110500574112 179.79377880692482 627.951394200325 206.87976479530334 1.0
227 1 439.5247195959091 188.5596066713333 470.6778493523598 208.5607275366783 1.0
227 1 488.78389155864716 185.03860384225845 514.6545732021332 203.75291258096695 1.0
227 4 971.1463623046875 160.37779301404953 1018.6198074817657 278.18629145622253 1.0
228 1 600.2252874970436 181.6125176846981 627.8805484771729 209.27949249744415 1.0
228 1 430.67374205589294 189.60975855588913 463.6480954885483 210.92987805604935 1.0
228 1 481.6472398638725 186.75421178340912 509.8655651807785 206.59589767456055 1.0
228 4 1023.3061373233795 159.47294980287552 1074.545880317688 293.9832955598831 1.0
229 1 421.03694701194763 188.33128362894058 456.1126497387886 210.68166196346283 1.0
229 1 599.8157962560654 181.620541960001 627.4058747291565 209.7495049238205 1.0
229 1 474.1235647201538 187.08481639623642 504.4439426064491 208.25790613889694 1.0
229 4 1096.651374578476 157.11775794625282 1178.0369721651077 318.62573325634 1.0
230 1 409.31135058403015 187.13343143463135 447.5417237877846 210.54629981517792 1.0
230 1 464.5002059340477 185.4305863380432 497.3732137084007 207.7900618314743 1.0
230 1 508.21975314617157 183.17831307649612 527.5924310088158 198.73445481061935 1.0
230 1 599.7258880734444 179.92252483963966 627.3132644891739 207.48811215162277 1.0
230 4 1198.3702129125595 156.85294568538666 1240.6494154930115 351.0284498333931 1.0
231 1 396.47528260946274 185.9484538435936 438.339293718338 210.67853271961212 1.0
231 1 453.97621071338654 183.69831517338753 489.134381711483 207.663394510746 1.0
231 1 504.6636235713959 182.32786282896996 524.9293869137764 198.26897978782654 1.0
231 1 599.2904866933823 178.3568412065506 626.9351985454559 206.07653260231018 1.0
232 1 382.54787957668304 185.75283139944077 428.02605897188187 212.32196688652039 1.0
232 1 441.50939923524857 183.08235704898834 480.3341880440712 208.9184671640396 1.0
232 1 499.91174107789993 181.40364065766335 521.4898529648781 197.76910543441772 1.0
232 1 599.1232552528381 177.18913033604622 626.5241897106171 204.33881878852844 1.0
233 1 366.5632115006447 185.1383037865162 416.12257093191147 213.65397423505783 1.0
233 1 427.0192649960518 182.32180550694466 470.28723549842834 210.51198989152908 1.0
233 1 494.93555080890656 180.42988702654839 518.0408062934875 197.49127328395844 1.0
233 1 599.0727304816246 175.92767626047134 626.6319758892059 203.77130806446075 1.0
234 1 347.8822973370552 184.08935889601707 402.8864504098892 214.555062353611 1.0
234 1 410.6492021083832 181.89115449786186 459.7701990008354 212.38566935062408 1.0
234 1 489.6113873720169 178.68607118725777 513.7294331789017 196.67670875787735 1.0
234 1 598.731753051281 175.14793574810028 626.4319496154785 203.04977148771286 1.0
235 1 390.5607381463051 182.9487606883049 445.4232367873192 216.87481552362442 1.0
235 1 325.21410888433456 186.37615442276 387.5219230055809 219.5318564772606 1.0
235 1 484.10874009132385 179.76778373122215 509.6763471364975 199.1972252726555 1.0
235 1 598.7621789574623 174.89515990018845 626.3784266710281 202.45454460382462 1.0
236 1 598.8492740392685 175.53241923451424 626.6621797084808 203.0608355998993 1.0
236 1 476.747891664505 181.17712810635567 504.9138785004616 201.79246366024017 1.0
237 1 599.3236516714096 176.906269043684 627.0132250785828 204.15674149990082 1.0
237 1 333.4905105829239 186.47757545113564 408.1270721554756 229.4381484389305 1.0
237 1 266.46068465709686 190.279059112072 348.94239217042923 230.66096752882004 1.0
237 1 469.44678461551666 182.71568790078163 500.0041292309761 204.35374975204468 1.0
238 1 293.5845286846161 188.96068632602692 383.26373970508575 238.74691128730774 1.0
238 1 228.53423738479614 191.4779618382454 322.95200568437576 236.9287759065628 1.0
238 1 599.3765453696251 177.53181606531143 627.3870713710785 205.0718441605568 1.0
238 1 460.07442104816437 182.6201118528843 492.8420855998993 205.58664947748184 1.0
239 1 174.5261070728302 191.73375517129898 297.0501393377781 244.95915323495865 1.0
239 1 599.2953726053238 176.48615688085556 627.4215688705444 204.4902965426445 1.0
239 1 231.94092097878456 190.57396799325943 347.45270723104477 250.0307857990265 1.0
239 1 449.92852878570557 182.76505172252655 484.2850030660629 206.9132700562477 1.0
240 1 111.75806410610676 195.90552896261215 251.32422199845314 254.27471101284027 1.0
240 1 437.84855568408966 182.91403725743294 477.23174500465393 209.53479409217834 1.0
240 1 153.31680750846863 192.29798018932343 304.3106229901314 264.34895396232605 1.0
240 1 599.0836497545242 176.12482979893684 626.9639958143234 203.8659229874611 1.0
241 1 34.55666943266988 198.24667274951935 238.1632964015007 285.20017862319946 1.0
241 1 423.35497909784317 182.3699288070202 467.7625145316124 211.3531529903412 1.0
241 1 598.8319512605667 175.45536160469055 627.2715121507645 203.6692500114441 1.0
241 1 17.465946100652218 198.59683513641357 194.78243172168732 269.2655548453331 1.0
242 1 407.8405060172081 182.06417933106422 456.57795882225037 213.7468457221985 1.0
242 1 598.8851410746574 174.80936273932457 626.965328335762 202.7827799320221 1.0
242 1 3.0232846727594733 194.56379860639572 139.6789502799511 316.7373687028885 1.0
243 1 599.0666230916977 176.27079784870148 627.2407160997391 204.38455045223236 1.0
243 1 0.3708485168754123 204.95065301656723 33.21230335906148 283.4516242146492 1.0
243 1 387.97705310583115 184.749037027359 443.34206038713455 219.18290108442307 1.0
244 1 599.3073282837868 177.6890940964222 627.3702667951584 205.80551773309708 1.0
245 1 599.1601957082748 176.21366679668427 627.1021338701248 204.17296886444092 1.0
246 1 293.1624710261822 188.9176145195961 382.8975924253464 239.31920528411865 1.0
246 1 599.2934478521347 174.45343360304832 627.1537320613861 202.6195228099823 1.0
247 1 241.39299523830414 190.72064012289047 352.20085126161575 249.6863231062889 1.0
247 1 599.6028889417648 175.1316636800766 627.3909208774567 203.6365270614624 1.0
248 1 599.7000149488449 176.34781077504158 628.1470527648926 204.32556420564651 1.0
249 1 58.725209936499596 196.1442232131958 257.5978624820709 286.342553794384 1.0
249 1 599.7292934060097 176.47770792245865 628.2496569156647 204.32281494140625 1.0
250 1 0.09224866196746007 200.72123408317566 177.3732427060604 319.4659352302551 1.0
250 1 599.9573396444321 176.69174820184708 628.6189134120941 204.91891354322433 1.0
251 1 599.2576178312302 177.83001065254211 628.0009936094284 206.2302902340889 1.0
251 1 0.0 208.3176076412201 54.39332617074251 322.8347897529602 0.9999926
252 1 600.4139133095741 179.8875890672207 628.9005196094513 208.25234055519104 1.0
253 1 599.6708845496178 180.28319254517555 628.4893627166748 208.66777002811432 1.0
254 1 599.7614219784737 179.0199726819992 628.4655994176865 207.82669633626938 1.0
255 1 600.1912341713905 179.5438639819622 628.9193969964981 208.11686664819717 1.0
256 1 600.2355034947395 178.57256904244423 629.0898857116699 207.6874002814293 1.0
257 1 599.9832497835159 176.50171369314194 629.5985387563705 205.37207275629044 1.0
258 1 599.7142285108566 173.59020933508873 629.1252715587616 203.11065763235092 1.0
259 1 598.6817094683647 170.7540974020958 628.4923238754272 200.31537115573883 1.0
260 1 599.3505982160568 171.18460312485695 628.6659218072891 201.1258229613304 1.0
261 1 599.0105461478233 174.47135969996452 628.781925201416 203.52787524461746 1.0
262 1 598.9258199930191 175.52750185132027 628.7208513021469 204.21825349330902 1.0
263 1 598.0656033754349 176.97126790881157 627.8347245454788 206.26692473888397 1.0
264 1 597.481440782547 174.79437589645386 626.9893877506256 204.5564129948616 1.0
265 1 597.7520906925201 174.8126484453678 627.1681677103043 203.1734436750412 1.0
266 1 596.602346777916 172.08633944392204 626.88700568676 202.68235355615616 1.0
267 1 595.6462626457214 171.39443010091782 626.8359256982803 202.0989954471588 1.0
268 1 595.5145651102066 171.75400257110596 625.7443685531616 201.20713859796524 1.0
269 1 594.8017771840096 175.02178251743317 625.4874140024185 205.35072684288025 1.0
269 3 198.62335073947906 173.93768951296806 324.02920120954514 202.87654548883438 0.9999945
270 1 593.8614612221718 179.3719120323658 624.5621999502182 210.3002965450287 1.0
271 1 593.1485622525215 179.84427139163017 624.1517833471298 211.86469495296478 1.0
271 3 229.23742005228996 180.89597672224045 311.52533823251724 211.42438799142838 0.8418623
272 1 592.1730455160141 179.98913303017616 623.3530107736588 212.3553827404976 1.0
272 3 214.9097238779068 180.00942841172218 302.46756076812744 210.6904685497284 0.9784782
273 1 591.1186509132385 179.90627512335777 622.364501953125 211.4620953798294 1.0
274 1 590.6951311826706 179.17398735880852 621.1533880233765 210.23429185152054 1.0
274 3 190.51160797476768 175.6903901696205 289.1625007688999 204.3468877673149 0.9962818
275 1 589.8798871636391 178.8926012814045 620.5842903256416 209.75368469953537 1.0
275 3 174.2422985136509 173.335712403059 288.0177538096905 204.19123023748398 0.9758322
276 1 589.3506910800934 176.96700990200043 621.0572243928909 208.36293697357178 1.0
276 3 133.25640052556992 171.11095413565636 280.2630157470703 205.72002232074738 0.99999833
277 1 588.2549142837524 176.05368420481682 619.4994328022003 206.93376660346985 1.0
278 1 587.7202400565147 174.99130591750145 618.4623239636421 205.8018073439598 1.0
279 1 587.8380571603775 174.71445724368095 618.1667262911797 205.8526799082756 1.0
279 2 148.97840456664562 174.87378045916557 239.2821887433529 203.5249024629593 0.9637516
280 1 587.7371926903725 174.31432753801346 618.1559180617332 205.2011713385582 1.0
280 2 153.50255544483662 176.20176449418068 230.75610584020615 203.73782515525818 0.99981505
281 1 587.6912947297096 173.18720743060112 618.0453928112984 204.97380942106247 1.0
282 1 587.265517115593 172.2961664199829 618.5591168403625 204.05437052249908 1.0
283 1 586.8783826231956 172.14005067944527 618.4294921159744 203.44199985265732 1.0
283 3 19.649393521249294 166.18580371141434 185.05317449569702 211.2298607826233 0.999951
284 1 586.2101971507072 171.54846712946892 619.2348532676697 202.652670443058 1.0
284 3 31.334776025265455 166.00706800818443 163.9326911866665 211.3998681306839 0.9999342
284 3 136.6145766377449 163.39249536395073 205.43853163719177 204.43546772003174 0.99959177
285 1 587.0560151338577 172.4168099462986 618.5652982592583 203.54289561510086 1.0
285 3 9.812889140099287 163.22565078735352 160.82821235060692 213.04084360599518 0.99998677
285 3 54.19026008248329 162.05009445548058 191.5341516137123 209.83757078647614 0.98849547
286 1 586.4275832176208 172.02604562044144 618.1629508137703 204.54836636781693 1.0
286 3 3.28915769001469 163.3707471191883 100.77910535037518 216.08497202396393 0.9999865
286 3 88.14937461912632 172.24086821079254 179.79735830426216 211.48784458637238 0.9943082
287 1 586.8511029481888 172.09598422050476 619.6079962849617 204.26559448242188 1.0
287 3 80.26605749130249 168.9043901860714 176.96554666757584 210.54920554161072 0.99849343
288 1 588.0672878623009 173.6546941101551 619.3792467713356 205.55835217237473 1.0
288 3 46.64977573603392 164.89100083708763 166.69650721549988 216.05593711137772 0.9992698
288 3 0.0 168.53054612874985 89.31010258197784 224.4250550866127 0.6974459
289 1 588.7124133110046 173.88809099793434 619.273126244545 205.49022406339645 1.0
289 3 35.96868410333991 168.40733215212822 150.06087465584278 218.43407303094864 0.99335206
290 1 588.6857628822327 171.04080319404602 619.4312891364098 203.55599373579025 1.0
290 3 15.286505497992039 163.87760639190674 133.51242971420288 216.67226403951645 0.5338933
290 6 13.302600849419832 164.86933082342148 136.65378423035145 215.46775102615356 0.4610918
291 1 588.9371282458305 169.77323591709137 619.9460125565529 200.33694058656693 1.0
291 3 0.0 165.62780365347862 119.2476396560669 217.47366338968277 0.9999529
292 1 589.3174150586128 168.98132488131523 620.9090183973312 200.22723823785782 1.0
292 3 0.49384316633222625 166.13693162798882 106.57853476703167 216.04976803064346 0.9999999
293 1 588.9887634515762 169.9073240160942 620.3119377493858 201.08786970376968 1.0
293 3 5.918106528930366 162.3988039791584 87.99675464630127 218.88718754053116 0.97839695
294 1 590.0421956777573 170.33804208040237 621.4728230237961 201.45343244075775 1.0
294 3 0.0 166.52721539139748 73.88227578252554 219.51931715011597 0.9999975
295 1 590.3261708021164 171.26881331205368 621.3906508684158 202.07680016756058 1.0
296 1 590.8242747187614 171.86077684164047 622.4114363193512 202.44473218917847 1.0
296 4 264.20802015066147 183.8507317006588 276.8577572107315 220.54365277290344 0.9999994
297 1 591.629117667675 172.77134209871292 622.4510418176651 203.00842076539993 1.0
297 4 246.4220051765442 186.74859032034874 262.32822105288506 225.53372383117676 0.9999573
297 5 276.0927973687649 183.16183984279633 304.391092479229 219.3453535437584 0.9855989
298 1 591.8654551506042 172.6558394730091 623.2261991500854 203.61343771219254 1.0
298 4 229.7467763721943 184.82955917716026 244.81633535027504 225.37433356046677 1.0
299 1 591.9286758899689 173.0971746146679 622.7746224403381 204.16203886270523 1.0
299 5 236.3587847650051 180.85335195064545 285.79979038238525 226.61469876766205 0.99992704
300 1 592.8805403709412 173.4081543982029 624.3425559997559 204.1780650615692 1.0
300 4 187.0333938896656 186.1533410847187 203.70270037651062 232.38491266965866 1.0
300 5 223.72294664382935 182.20480531454086 272.7151516377926 229.29547727108002 0.99999964
301 1 593.233954668045 174.42703619599342 624.2988048791885 205.34252375364304 1.0
301 4 156.87584272027016 187.0877556502819 175.82113283872604 237.19936609268188 1.0
301 5 199.3762808740139 182.30106309056282 253.97127583622932 231.71474039554596 0.9999993
302 1 594.0035598278046 173.90859872102737 624.8153049945831 204.45692539215088 1.0
302 4 131.3530879765749 188.893161714077 149.1057621538639 241.21063202619553 1.0
302 5 179.27517646551132 185.15754863619804 235.46255305409431 238.1664365530014 0.9999999
303 1 594.7718324661255 174.23313483595848 624.9484090805054 204.97792214155197 1.0
303 4 95.0630232989788 188.56651335954666 115.03779727220535 247.64180928468704 1.0
303 5 151.74461728334427 181.4391352236271 210.77903696894646 237.41284757852554 0.9999993
304 1 595.0422602891922 175.1125194132328 625.5087343454361 206.36480301618576 1.0
304 4 57.16702044010162 194.6030929684639 77.892623975873 254.76562231779099 1.0
304 5 123.46782758831978 189.03478235006332 188.06748604774475 247.35718220472336 0.9999993
305 1 595.6165770292282 177.21088975667953 625.8032215833664 208.05173367261887 1.0
305 5 84.16411761939526 194.2630112171173 162.6058884859085 252.63355672359467 0.9999999
306 1 595.1848400831223 176.8738590180874 625.7831597328186 207.35936611890793 1.0
306 5 49.13434524089098 192.17488914728165 129.1923767030239 261.0691264271736 1.0
307 1 595.6153185367584 175.5826435983181 625.3607504367828 205.85493743419647 1.0
307 5 5.78696305397898 191.94509088993073 94.17084467411041 259.46666300296783 0.99995184
308 1 595.0824210047722 176.95026844739914 625.6479088068008 207.14009553194046 1.0
308 5 0.0 196.33910804986954 53.72071746736765 276.1867269873619 0.99999964
309 1 595.1890967488289 179.46844920516014 625.627476811409 209.19446647167206 1.0
309 2 554.677113711834 175.82246661186218 573.3210874199867 194.7435513138771 0.7779859
310 1 595.0251225829124 180.59254065155983 625.4806033372879 210.30724793672562 1.0
311 1 595.1548213362694 180.34744262695312 625.221205830574 209.72829312086105 1.0
311 2 552.9658970832825 176.52731761336327 572.6936919093132 195.04525512456894 0.39920992
312 1 594.5062165260315 180.9583716094494 624.2557200193405 210.10833978652954 1.0
313 1 593.2532762289047 181.64127320051193 624.4295400381088 212.3039960861206 1.0
313 1 1076.216343998909 171.9672828912735 1147.2755666971207 196.0873156785965 1.0
